iers_name,year,num_ses,ra,ra_err,dec,dec_err,ra_dec_corr
0002+051,1995,1,1.334231267,1.39,5.4030002947,1.478,-0.106
0003-066,1995,2,1.5578870759,0.181,-6.3931488877,0.419,-0.448
0005+683,1995,1,2.1394672316,30.931,68.6227911451,6.627,0.602
0008+704,1995,1,2.8829284643,0.457,70.7587849498,0.246,0.02
0008-264,1995,1,2.7551949312,0.744,-26.2092713014,0.398,0.118
0008-421,1995,1,2.7188351691,12.32,-41.8863356941,9.307,-0.563
0009+081,1995,1,2.896956693,0.776,8.3987742929,0.863,-0.058
0010+405,1995,1,3.3797090026,0.175,40.8603177307,0.186,-0.128
0013-005,1995,1,4.0462021989,1.763,-0.2534569794,9.42,-0.946
0014+813,1995,58,4.2853121126,0.849,81.5855934604,0.127,0.036
0016+731,1995,7,4.940776596,0.415,73.4583381488,0.116,-0.043
0018+715,1995,1,5.2617237393,2.284,71.8391030711,1.171,-0.547
0018+729,1995,1,5.3640633306,20.858,73.2116479302,4.882,0.097
0019+058,1995,2,5.6351718392,0.665,6.1345192349,0.457,-0.483
0026+048,1995,1,7.2649678067,1.606,5.1596854862,1.579,-0.519
0026+346,1995,1,7.3093436102,0.504,34.9422908513,0.386,0.281
0027+056,1995,1,7.441234609,0.164,5.9113089518,0.352,-0.299
0027+703,1995,1,7.5600539812,0.362,70.6277945921,0.214,-0.01
0034+108,1995,1,9.3585058948,0.213,11.1641447603,0.407,-0.326
0040+098,1995,1,10.6848821284,0.416,10.1636686267,0.652,0.443
0047+023,1995,1,12.430149771,0.145,2.6177161554,0.318,-0.322
0048-097,1995,126,12.6721557811,0.15,-9.4847806094,0.233,-0.142
0051+679,1995,1,13.5734231959,1.537,68.1864379998,0.757,-0.111
0051+706,1995,1,13.5736869621,0.944,70.8990605848,0.584,0.288
0057+678,1995,1,15.2152661454,2.658,68.1390374343,1.097,0.201
0059+581,1995,125,15.6906765777,0.16,58.4030935561,0.087,-0.076
0104-408,1995,60,16.6879498364,0.547,-40.5722112412,0.537,0.754
0106+013,1995,13,17.1615462974,0.285,1.5834215103,0.33,-0.051
0106+678,1995,1,17.5536391911,2.465,68.0947829109,1.076,0.053
0108+388,1995,1,17.905487501,0.2,39.1078067534,0.197,0.035
0109+224,1995,1,18.0242696765,0.464,22.7441070919,0.784,-0.179
0111+021,1995,2,18.4297705717,0.294,2.3714768426,0.52,-0.426
0116+319,1995,1,19.8958497895,33.172,32.1805649397,16.575,0.098
0118-272,1995,2,20.1319310218,1.07,-27.0235146615,2.051,-0.117
0119+041,1995,51,20.4869237626,0.095,4.3735373183,0.168,-0.24
0119+115,1995,2,20.4233126589,0.149,11.830670313,0.279,-0.368
0122+705,1995,1,21.5326815435,2.759,70.7812183897,2.04,-0.674
0127+084,1995,1,22.615143453,0.244,8.7128257739,0.552,-0.503
0130+691,1995,1,23.669832557,9.245,69.4196934542,2.258,0.643
0131-522,1995,1,23.2740107712,0.767,-52.0010962363,2.608,-0.077
0133+476,1995,2,24.2441450023,0.098,47.8580833878,0.072,0.043
0135-247,1995,2,24.4097767385,0.95,-24.5149682204,0.384,-0.244
0138-097,1995,2,25.3576341314,0.293,-9.4787983529,0.763,-0.75
0146+056,1995,1,27.3432121627,0.665,5.9315472658,1.438,0.203
0149+218,1995,1,28.075246457,1.343,22.118805514,2.039,0.633
0149+710,1995,1,28.3577126774,3.282,71.2517952431,0.901,-0.211
0151+474,1995,1,28.7345410686,0.449,47.7240386299,0.264,0.038
0152+043,1995,1,28.7655231633,0.741,4.6417630151,1.2,-0.14
0153+744,1995,2,29.3956866707,0.909,74.7120083434,0.177,0.043
0159+034,1995,1,30.4646198039,0.345,3.719238716,0.81,-0.311
0159+723,1995,1,30.8891053225,2.543,72.5482411529,0.85,0.438
0201+088,1995,2,31.1448303646,0.759,9.0636840922,1.039,-0.09
0201+113,1995,28,30.944404396,0.214,11.5792804814,0.339,-0.069
0202+149,1995,56,31.2100579008,0.108,15.2364009466,0.125,-0.062
0202+319,1995,1,31.2705222755,0.327,32.2083599798,0.641,-0.327
0202-172,1995,4,31.2403098087,0.629,-17.0221777912,0.52,-0.085
0202-765,1995,1,30.5570537134,42.246,-76.3341813231,9.287,0.711
0208+106,1995,1,32.8049057789,0.273,10.8596663754,0.456,-0.148
0208-512,1995,29,32.692501706,0.409,-51.0171921524,0.328,-0.029
0212+735,1995,4,34.3783893019,0.349,73.8257282644,0.125,0.066
0215+015,1995,3,34.4539781272,0.138,1.7471386539,0.299,-0.301
0216+011,1995,1,34.779268782,0.122,1.3499627938,0.277,-0.395
0220-349,1995,3,35.7350068152,0.425,-34.6913140425,0.407,0.101
0221+067,1995,2,36.1184507818,0.193,6.989817198,0.375,-0.574
0224+671,1995,1,37.2085477964,0.183,67.3508415314,0.12,0.226
0229+131,1995,87,37.9412252329,0.115,13.3818656309,0.157,-0.112
0230-790,1995,1,37.3956125628,3.231,-78.7960005847,0.474,0.183
0234+052,1995,1,39.3084922983,3.297,5.4472136928,3.227,-0.006
0234+285,1995,3,39.4683570749,0.253,28.8024973364,0.305,-0.436
0235+164,1995,14,39.6622087745,0.171,16.6164651595,0.213,-0.142
0236+610,1995,4,40.1319350406,2.64,61.2293318822,1.25,-0.414
0237+040,1995,2,39.96359601,0.118,4.2726144312,0.262,-0.471
0237-027,1995,2,39.9394677427,0.644,-2.5780321967,2.16,-0.329
0238-084,1995,31,40.2699938037,0.292,-8.2557644129,0.402,0.224
0239+108,1995,1,40.6215452442,0.421,11.0168688757,0.43,-0.422
0246+061,1995,1,42.3250671048,0.109,6.3310965676,0.232,-0.255
0251+785,1995,1,44.4690238057,32.053,78.7297396161,4.238,-0.642
0252+657,1995,1,44.2555958042,1.022,65.9431741319,0.614,0.105
0256+054,1995,1,44.7105264175,0.651,5.6855663546,1.171,-0.324
0256+075,1995,1,44.8628192581,0.289,7.7943452487,0.414,0.128
0258+011,1995,1,45.3483624173,1.133,1.3099994713,1.4,0.07
0258+058,1995,1,45.3904746451,0.206,6.0409117668,0.407,-0.155
0259+121,1995,2,45.6272783415,0.411,12.3157646189,0.549,-0.007
0259+681,1995,1,46.0916827151,0.48,68.3604096272,0.241,0.31
0300+470,1995,2,45.8968425418,0.3,47.2711876858,0.288,-0.034
0302+625,1995,3,46.6777479924,0.707,62.7172288761,0.382,-0.155
0302-623,1995,2,45.960963853,0.757,-62.1904306071,0.462,0.17
0303+051,1995,1,46.4507983826,0.65,5.3920911766,1.02,0.393
0307+380,1995,1,47.7078333327,1.205,38.2482881868,0.615,-0.372
0308-611,1995,7,47.4837464123,0.501,-60.9775156933,0.304,0.293
0309+411,1995,1,48.2581754014,0.527,41.3336622098,0.673,-0.015
0310+013,1995,1,48.181680143,0.131,1.5548790712,0.305,-0.363
0312-770,1995,1,47.9802095144,9.653,-76.8641243357,0.962,0.617
0314+696,1995,1,49.8419668865,13.302,69.8237825208,2.336,-0.155
0316+413,1995,11,49.9506667952,3.861,41.5116956625,3.623,-0.214
0317+188,1995,1,49.9635697902,0.237,19.0253583997,0.385,-0.532
0317+659,1995,1,50.6134531467,5.57,66.1745292919,2.793,0.595
0319+121,1995,1,50.4712644449,0.496,12.3538761861,0.387,0.016
0320+015,1995,1,50.7911346603,0.239,1.7640298812,0.497,-0.07
0325+005,1995,1,51.9967313798,0.652,0.7396464959,0.801,0.115
0332+078,1995,1,53.7221528548,0.133,8.0040053211,0.29,-0.135
0332-403,1995,2,53.5568937382,0.71,-40.1403884781,0.525,-0.149
0336-019,1995,106,54.8789073899,0.144,-1.7766122082,0.222,-0.104
0338-214,1995,1,55.1483662538,0.259,-21.3253257841,0.376,-0.096
0341+158,1995,1,56.0965505083,0.633,15.9953799171,0.927,-0.12
0348+049,1995,1,57.7258466144,5.296,5.1058854308,2.57,-0.348
0351+045,1995,1,58.6005371686,0.486,4.6853510099,1.069,-0.632
0355+055,1995,1,59.4421903899,0.773,5.7086826845,1.119,-0.046
0355+508,1995,4,59.8739466078,12.725,50.9639386963,5.005,-0.075
0357+057,1995,1,60.0488973818,0.264,5.8453119553,0.46,0.05
0400+258,1995,1,60.7732752505,0.125,26.0004175391,0.186,-0.067
0402+682,1995,1,61.9548556589,10.232,68.358787739,2.656,-0.597
0402-362,1995,25,60.9739579348,0.384,-36.0838647368,0.419,0.701
0403+064,1995,1,61.6429471,1.978,6.620830693,2.018,-0.207
0403-132,1995,2,61.3916808184,0.52,-13.1371367277,2.099,0.376
0405-385,1995,1,61.7459806842,1.475,-38.4411227897,0.855,-0.838
0406+121,1995,1,62.3417029269,0.2,12.2944022943,0.428,-0.424
0406-127,1995,1,62.274040742,0.762,-12.6467066805,0.531,0.22
0409+000,1995,1,63.1394016446,1.339,0.1801369615,3.489,0.101
0409+045,1995,1,63.1591129115,0.918,4.6350100193,1.396,0.557
0411+054,1995,1,63.6573685976,4.816,5.5784323462,11.138,0.723
0414-189,1995,2,64.15226869,0.454,-18.8523166999,0.319,-0.087
0420+022,1995,1,65.7175610354,0.099,2.3241476426,0.218,-0.191
0420-014,1995,12,65.8158363486,0.216,-1.3425181783,0.339,-0.428
0421+019,1995,1,66.0356751288,0.129,2.0736011779,0.312,-0.263
0422+004,1995,1,66.1951750914,0.142,0.6017582359,0.28,-0.024
0422-380,1995,1,66.1760154044,0.742,-37.9391069553,0.848,0.647
0425+048,1995,1,66.9482105333,0.344,4.952312529,0.718,-0.389
0430+052,1995,1,68.2962311664,0.338,5.3543383168,0.498,0.059
0430+289,1995,2,68.4076244254,0.158,29.0987435902,0.183,-0.249
0434-188,1995,3,69.2561779265,0.36,-18.7468367737,1.163,-0.005
0437-454,1995,3,69.7535611293,0.455,-45.3729340089,0.773,0.228
0438-436,1995,3,70.0715832644,0.369,-43.5523899578,0.576,0.209
0440+345,1995,5,70.8818133546,0.119,34.6851844496,0.131,0.059
0440-003,1995,1,70.661086345,0.187,-0.2953946021,0.398,-0.403
0441+106,1995,1,71.0519419937,1.381,10.7131287388,3.225,-0.789
0442+071,1995,1,71.2559530115,0.566,7.264976027,1.219,-0.664
0444+634,1995,1,72.3471274866,0.436,63.5359539604,0.483,-0.203
0446+112,1995,1,72.2819630889,0.522,11.3579435812,0.391,0.509
0446+113,1995,1,72.2100505854,0.807,11.4651023574,1.334,-0.737
0451-282,1995,1,73.3110282011,1.014,-28.1270355815,0.851,-0.611
0454+039,1995,1,74.1965613653,0.311,4.0147074873,0.778,0.474
0454+066,1995,1,74.2821246911,0.216,6.7520167043,0.407,0.162
0454-234,1995,126,74.2632467632,0.244,-23.4144500209,0.334,-0.111
0454-810,1995,1,72.5226672561,2.361,-81.0172864516,0.389,0.289
0457+024,1995,3,74.9668778487,0.378,2.4919933161,0.432,-0.509
0458+138,1995,2,75.4386284771,0.37,13.935338783,0.576,0.104
0458-020,1995,127,75.3033745583,0.158,-1.9872933899,0.218,-0.153
0459+060,1995,2,75.5643580358,0.185,6.1520816913,0.343,-0.002
0500+019,1995,1,75.8383196065,2.039,2.0512940894,5.417,0.957
0502+049,1995,1,76.3466030057,0.101,4.9952012716,0.205,-0.059
0506+056,1995,1,77.3581852924,0.129,5.6931482041,0.301,-0.239
0506+101,1995,2,77.3644045954,0.748,10.1957223662,0.741,0.286
0507+179,1995,1,77.5098713451,0.132,18.0115505042,0.198,-0.001
0509+011,1995,1,77.9900520693,1.249,1.1803986596,2.186,-0.415
0511+009,1995,1,78.4168021731,0.231,1.0060150875,0.492,-0.148
0511-220,1995,2,78.4546429001,0.578,-21.9878033443,0.385,-0.347
0514+109,1995,1,79.1943594283,0.209,10.965218657,0.48,0.133
0515+067,1995,1,79.4639340012,0.223,6.8008918792,0.412,-0.249
0516-621,1995,6,79.1871922667,0.635,-62.1181636936,0.483,-0.098
0517-726,1995,1,79.1571601798,6.467,-72.6187401381,0.931,-0.738
0518+165,1995,1,80.2911918141,0.76,16.6394591614,1.161,-0.461
0519+011,1995,1,80.5727810267,0.229,1.2253295406,0.448,0.049
0521-365,1995,1,80.7416027133,0.798,-36.4585699562,0.987,0.164
0524+034,1995,1,81.8862726604,0.144,3.5254213005,0.308,-0.287
0524-460,1995,2,81.3808338671,1.23,-45.9651905643,0.971,-0.004
0528+134,1995,116,82.7350697724,0.116,13.5319859737,0.162,-0.151
0528-250,1995,1,82.5331782,0.364,-25.0583053316,0.594,0.076
0529+075,1995,1,83.162493582,0.939,7.5453741598,1.13,0.07
0530-727,1995,14,82.3751759527,2.198,-72.7579187687,0.996,-0.33
0535+677,1995,1,85.3058209149,3.755,67.7564646501,1.842,0.238
0536+145,1995,1,84.9265250314,0.402,14.5626561622,0.469,-0.507
0537-441,1995,54,84.7098397127,0.205,-44.0858164242,0.188,0.18
0539-057,1995,2,85.4086807534,0.15,-5.6970636355,0.34,-0.215
0542+112,1995,1,86.217499141,8.362,11.3138682574,3.732,-0.089
0544+273,1995,1,86.8922871236,0.201,27.3657897392,0.215,-0.53
0548+689,1995,1,88.5033618677,28.314,68.9651233254,7.126,0.927
0550+032,1995,1,88.2087562432,0.367,3.2242341865,0.533,-0.212
0552+398,1995,142,88.8783567389,0.097,39.8136569577,0.086,-0.095
0554+242,1995,1,89.2696399997,0.178,24.232027489,0.214,0.253
0556+238,1995,5,89.8834714746,0.165,23.8983130481,0.216,-0.116
0600+177,1995,1,90.7880427619,0.195,17.7046697423,0.309,-0.021
0602+096,1995,1,91.2921380107,0.503,9.6537812341,0.978,-0.067
0602+109,1995,1,91.205707,2.126,10.9278815184,1.309,0.001
0602+673,1995,2,91.9694650865,0.451,67.3487249661,0.229,0.12
0604+728,1995,1,92.7036343625,3.45,72.8147743346,0.76,0.222
0605-085,1995,3,91.9987467683,0.438,-8.5805496195,0.518,0.259
0607-157,1995,3,92.4206231672,0.442,-15.7112979718,0.246,-0.329
0609+607,1995,1,93.5994423467,0.516,60.7727098962,0.216,-0.209
0610+260,1995,1,93.4589130951,0.603,26.0768666732,0.373,-0.209
0611+131,1995,1,93.4903866837,0.411,13.1126112651,0.742,-0.058
0614+761,1995,1,95.3283052362,24.258,76.0845993009,2.815,-0.332
0620+389,1995,1,96.0792555716,0.349,38.9468709956,0.423,-0.347
0629-418,1995,1,97.7999918917,2.393,-41.9074850039,1.423,-0.548
0633+734,1995,1,99.841505118,0.569,73.4161224221,0.221,0.457
0636+680,1995,3,100.5177392489,0.514,67.9765613162,0.204,-0.001
0637-337,1995,1,99.8371024037,1.985,-33.7666962705,13.197,-0.651
0637-752,1995,34,98.9437830977,0.65,-75.2713376243,0.182,-0.003
0642+214,1995,2,101.3504146424,0.213,21.3642226944,0.302,-0.276
0642+449,1995,58,101.6334416351,0.178,44.8546083775,0.144,-0.076
0648-165,1995,3,102.6024242808,0.411,-16.6277019786,1.258,0.276
0650+371,1995,1,103.4928447735,0.695,37.0946128962,0.472,0.505
0655+696,1995,1,105.2775696032,5.255,69.6081712915,1.423,-0.195
0656+082,1995,1,104.8249835529,0.142,8.225264782,0.301,-0.392
0657+172,1995,2,105.0063564997,0.22,17.1560282958,0.303,-0.354
0707+476,1995,1,107.6921037797,0.161,47.5364284637,0.109,-0.012
0716+714,1995,3,110.4727020452,0.517,71.343434295,0.19,-0.012
0718+042,1995,1,110.3496249992,0.272,4.1122816849,0.549,0.114
0718+792,1995,51,111.548896672,0.729,79.1919489713,0.126,0.049
0722+032,1995,1,111.2017038735,0.607,3.1403026517,1.367,-0.15
0723-008,1995,1,111.4609997602,0.106,-0.9157065985,0.228,0.028
0727-115,1995,147,112.5796352959,0.144,-11.6868335056,0.188,-0.117
0731+050,1995,1,113.4894161575,0.2,4.9373603901,0.449,-0.207
0732+755,1995,1,114.8049809072,10.362,75.4632530567,2.696,0.109
0733+016,1995,1,113.994311085,1.615,1.5010107336,1.383,0.486
0733+646,1995,1,114.4957527735,4.457,64.5120401288,1.291,-0.246
0735+178,1995,10,114.5308072691,0.151,17.7052772915,0.163,0.034
0735+674,1995,1,115.222492944,8.942,67.3189526283,6.404,0.867
0736+017,1995,2,114.8251412769,0.238,1.6179495144,0.353,-0.156
0738+313,1995,2,115.294597125,0.212,31.2000635368,0.275,-0.176
0738+491,1995,1,115.5114539648,0.327,49.0043358846,0.194,-0.097
0738-674,1995,3,114.7354009817,0.784,-67.5974516287,0.387,0.09
0740+767,1995,1,116.8108648061,0.869,76.6547976669,0.27,0.44
0742+103,1995,5,116.3877480951,0.132,10.1868588309,0.229,-0.582
0742+792,1995,1,117.6802796587,99.719,79.1547204058,7.9,-0.332
0743+744,1995,1,117.3435694226,0.944,74.3448868356,0.459,0.479
0743-006,1995,1,116.4753429933,0.156,-0.7382056106,0.385,-0.316
0749+540,1995,24,118.2557691233,0.133,53.8832325144,0.079,-0.024
0752+639,1995,1,119.2275435088,0.653,63.7997323855,0.601,0.108
0754+100,1995,2,119.2776789993,0.335,9.9430145214,0.274,0.114
0755+117,1995,1,119.531906876,8.997,11.6127918348,3.63,-0.284
0759+641,1995,1,120.9673318807,6.532,64.0539912776,3.913,-0.825
0801+044,1995,1,120.9851848828,0.761,4.3507614831,1.903,-0.59
0802+733,1995,1,122.0687145911,1.168,73.2533306418,0.535,-0.074
0804+499,1995,108,122.1652762267,0.147,49.8434806909,0.106,-0.029
0805+046,1995,1,121.9897440978,0.358,4.542925155,0.579,-0.007
0805+410,1995,22,122.2360501886,0.101,40.8791358033,0.086,0.069
0805-077,1995,2,122.0647334979,0.319,-7.852746251,0.308,-0.337
0808+019,1995,2,122.8612803833,0.102,1.7811723725,0.209,-0.117
0814+425,1995,1,124.5666649541,0.366,42.3792819674,0.267,-0.212
0818-128,1995,3,125.2393650448,0.622,-12.9831027977,1.067,-0.574
0820+560,1995,4,126.1968181373,0.33,55.8785192872,0.161,-0.001
0821+621,1995,1,126.4108837315,0.784,61.9579386437,0.323,0.531
0823+033,1995,63,126.4597431624,0.102,3.1568111181,0.18,-0.255
0823-500,1995,1,126.361944675,26.495,-50.1773482692,21.957,-0.951
0826-373,1995,2,127.0199175343,0.373,-37.5184113923,0.738,0.137
0829+046,1995,1,127.9536539708,0.113,4.4941904932,0.228,-0.003
0829+108,1995,1,128.1603214783,0.685,10.6721264325,1.338,-0.402
0830+040,1995,1,128.3288043025,0.374,3.842319766,0.836,-0.185
0830+115,1995,1,128.3098611738,0.307,11.3933987886,0.557,0.368
0831+557,1995,1,128.7287662504,1.119,55.5725196904,0.404,-0.118
0833+585,1995,1,129.343373679,0.396,58.4171792259,0.168,0.015
0836+710,1995,1,130.3515222036,0.42,70.8950480857,0.182,0.415
0837+012,1995,1,129.9567125482,0.174,1.07409349,0.365,0.023
0837+035,1995,1,129.9549825799,0.216,3.331627441,0.393,-0.282
0839+687,1995,1,130.9545990183,22.513,68.5547646239,3.064,-0.744
0842+048,1995,1,131.3214322031,2.28,4.6631540591,1.799,0.544
0848+089,1995,1,132.868439606,3.862,8.7542533632,3.433,0.36
0850+625,1995,1,133.7107344679,1.712,62.3139418507,0.964,-0.088
0851+071,1995,1,133.450791778,0.583,6.9131212432,0.985,0.527
0851+202,1995,112,133.7036455438,0.149,20.1085113239,0.177,-0.13
0859+470,1995,1,135.7666253852,0.167,46.8511493461,0.142,-0.089
0859+681,1995,1,135.9714795826,0.346,67.9563017052,0.227,0.455
0903+684,1995,1,136.9706099938,2.012,68.262477928,0.805,0.336
0906+015,1995,2,137.292048368,0.55,1.3598938438,0.792,0.394
0907+022,1995,1,137.4160328291,0.722,2.0014629499,1.383,-0.503
0912+297,1995,1,138.9683399127,0.494,29.5566787419,0.656,-0.479
0913+786,1995,1,139.9689942044,16.634,78.4240449379,3.634,0.696
0917+624,1995,2,140.4009627996,0.197,62.2644945132,0.096,0.176
0919-260,1995,33,140.3723078393,0.28,-26.3120517009,0.652,-0.044
0920+390,1995,21,140.8102206167,0.314,38.8277528013,0.321,-0.012
0920-397,1995,10,140.69340926,0.706,-39.9930742842,1.181,0.098
0922+005,1995,1,141.282562626,0.224,0.3205373105,0.513,0.235
0923+392,1995,142,141.7625580461,0.105,39.0391255302,0.093,-0.037
0925+745,1995,1,142.7240943703,3.877,74.3349752366,1.131,-0.344
0928+008,1995,1,142.717723141,0.272,0.5830392208,0.666,-0.412
0932+075,1995,1,143.7544834423,2.315,7.3218346792,4.296,0.575
0932+094,1995,1,143.8068391963,0.446,9.2521756835,0.823,-0.241
0943+105,1995,1,146.6461247385,0.179,10.2850371585,0.383,-0.011
0945+408,1995,1,147.2305757842,0.161,40.6623852815,0.185,-0.44
0950+748,1995,1,148.6976765705,4.913,74.5992070934,0.94,0.155
0951+693,1995,7,148.8882211713,0.616,69.0652947321,0.211,0.287
0953+254,1995,64,149.207813969,0.119,25.2544581792,0.136,-0.052
0954+658,1995,6,149.6968546946,0.31,65.5652272416,0.131,-0.096
0955+476,1995,102,149.5819652491,0.156,47.4188451137,0.104,-0.077
0959+105,1995,1,150.4905623453,0.552,10.2638068034,1.858,-0.361
1000+125,1995,1,150.72018831,5.15,12.2707189515,3.562,0.699
1004+141,1995,5,151.9229087039,0.168,13.941555709,0.31,-0.034
1005+066,1995,1,152.0034006945,0.146,6.3558933031,0.324,-0.42
1013+054,1995,1,154.0130686179,0.12,5.2173169649,0.261,-0.276
1013+127,1995,1,153.933430814,0.127,12.4519639194,0.258,-0.353
1015+057,1995,1,154.6160345181,0.103,5.5083228269,0.232,-0.29
1020+400,1995,1,155.7981902346,0.155,39.8042736912,0.176,-0.484
1022+194,1995,1,156.1867066577,0.141,19.2056708741,0.223,-0.048
1025+031,1995,1,157.0850052926,0.221,2.9229088576,0.561,-0.541
1027+749,1995,1,157.8417669582,2.567,74.699540398,1.047,0.596
1032-199,1995,2,158.7589805339,0.615,-20.1928777772,0.376,0.18
1034-293,1995,60,159.3169989241,0.237,-29.5674481887,0.264,-0.164
1036+054,1995,1,159.694916169,0.111,5.2080794571,0.255,-0.333
1038+064,1995,3,160.3215104768,0.17,6.1713675539,0.329,-0.292
1038+528,1995,10,160.44492348,0.277,52.557841955,0.211,0.145
1038+529,1995,2,160.4537404183,1.036,52.5654467988,0.649,-0.206
1040+123,1995,1,160.6858552108,0.652,12.0586845899,0.337,0.051
1043+066,1995,1,161.4697220623,0.211,6.4101254866,0.524,-0.642
1044+719,1995,57,162.1150830612,0.273,71.7266495353,0.082,-0.001
1045+011,1995,1,162.0322689845,0.608,0.9287450658,1.011,-0.539
1045+019,1995,1,162.0952827517,2.352,1.6966977336,2.841,0.708
1045-188,1995,2,162.0275858929,0.396,-19.1599239458,1.19,0.457
1048-313,1995,1,162.7699060464,0.768,-31.6373081056,2.141,0.315
1049+215,1995,1,162.9532877998,0.099,21.3311983443,0.142,-0.071
1053+704,1995,3,164.2234063481,0.668,70.1960877592,0.317,0.165
1053+815,1995,11,164.5480642172,1.446,81.2424097384,0.195,0.162
1055+018,1995,1,164.6233550412,0.316,1.5663397383,0.513,-0.218
1057-797,1995,22,164.6804572583,1.866,-80.0650444028,0.25,0.196
1058+629,1995,1,165.472711818,0.631,62.6973906014,0.562,0.469
1058+726,1995,1,165.4533558716,0.466,72.4269773316,0.281,0.273
1100+798,1995,1,166.0231692113,77.082,79.5480442017,7.318,0.919
1101+384,1995,2,166.1138080985,0.16,38.2088330921,0.179,-0.208
1101-536,1995,7,165.9675903386,0.423,-53.9501934122,0.432,0.233
1104+728,1995,1,166.923833543,11.436,72.543334878,3.37,-0.123
1104-445,1995,25,166.786225456,0.541,-44.8187829542,0.386,-0.51
1113+087,1995,1,169.0415557939,0.278,8.4894535181,0.544,-0.464
1116+128,1995,2,169.7387560258,0.134,12.5782550542,0.248,0.145
1117+044,1995,1,169.9284342576,0.217,4.1744242293,0.407,0.078
1118+073,1995,1,170.1601828568,3.163,7.0797706524,3.567,0.881
1123+264,1995,2,171.4737996708,0.294,26.1722160704,0.381,-0.103
1124-186,1995,16,171.7683017809,0.217,-18.9548449753,0.243,-0.396
1125+596,1995,1,172.0555861012,0.723,59.4207774989,0.303,0.102
1127-145,1995,1,172.5293858679,0.397,-14.8242744583,0.25,-0.126
1128+385,1995,97,172.722010928,0.137,38.2551519399,0.135,-0.055
1130+009,1995,3,173.3335659434,0.289,0.6813437729,0.635,-0.469
1131+730,1995,1,173.5475327817,2.162,72.8222371054,1.412,0.683
1136+771,1995,1,174.964744678,0.895,76.9089851994,0.371,0.384
1138+644,1995,1,175.3009510313,1.653,64.1681960855,0.941,-0.184
1140+668,1995,1,175.9233465122,1.339,66.5586745699,0.84,0.431
1142+052,1995,1,176.3388135476,1.056,4.9240804907,1.575,0.776
1143-245,1995,2,176.5337640482,1.24,-24.7924711638,1.498,0.192
1144-379,1995,43,176.7557112714,0.27,-38.203062125,0.239,0.475
1145-071,1995,6,176.9648085588,0.244,-7.4114280716,0.371,-0.132
1150+095,1995,1,178.3023004636,0.428,9.2339660648,0.831,-0.092
1150+812,1995,1,178.3020796979,0.604,80.9747651822,0.104,-0.032
1151+102,1995,1,178.4521974312,0.31,9.9319135458,0.739,-0.631
1156+295,1995,4,179.8826413648,0.134,29.2455074889,0.186,-0.174
1156-094,1995,2,179.802965909,0.453,-9.6811245256,0.716,-0.157
1200+068,1995,1,180.7542192864,1.24,6.5782053967,1.038,0.404
1204+057,1995,1,181.7417780192,0.71,5.4978464029,1.761,0.504
1204+124,1995,1,181.8026022702,0.301,12.1960688243,0.511,-0.01
1212+087,1995,1,183.7496382105,0.987,8.4895881866,1.22,0.302
1213+350,1995,1,183.9816710116,0.219,34.8042278904,0.21,-0.068
1213-172,1995,3,183.9447990602,0.294,-17.5292786922,0.43,0.219
1216+487,1995,1,184.7767280611,0.409,48.4989346507,0.264,0.091
1217+023,1995,1,185.0495190693,0.477,2.0617289994,0.658,0.237
1217+713,1995,1,185.015119621,9.139,71.0919819413,1.822,0.198
1219+044,1995,109,185.5939567649,0.142,4.2210489008,0.219,-0.185
1219+285,1995,3,185.3820438272,0.397,28.2329167237,0.275,-0.259
1221+071,1995,1,185.9776007483,4.003,6.8340487977,4.476,0.682
1221+809,1995,1,185.9187240373,0.847,80.667872352,0.138,-0.081
1226+023,1995,10,187.2779158401,0.518,2.0523885499,0.292,-0.105
1226+373,1995,3,187.1975987553,0.421,37.103359821,0.4,-0.378
1226+638,1995,1,187.2751084317,4.067,63.583605465,2.588,0.031
1228+045,1995,1,187.8649410125,1.016,4.300524946,0.991,0.101
1228+126,1995,41,187.7059307813,0.237,12.3911232334,0.302,0.013
1235+076,1995,1,189.5101901979,0.195,7.3893937314,0.379,-0.02
1236+049,1995,1,189.8864819064,0.195,4.7181203415,0.419,-0.247
1236+077,1995,1,189.8524512786,0.159,7.5047746971,0.305,-0.149
1236-684,1995,1,189.9443806928,1.639,-68.7585813244,0.505,0.102
1237-101,1995,1,189.9294230746,1.402,-10.3913037338,0.72,0.081
1237-113,1995,1,189.9976327545,1.475,-11.6230548127,4.397,-0.88
1238+702,1995,1,190.1445856453,4.22,69.9751726374,6.22,0.07
1240+381,1995,1,190.714037427,0.855,37.8500068797,0.428,-0.461
1241+749,1995,1,190.9376401495,4.839,74.710309618,1.704,0.234
1243-072,1995,2,191.5176338362,0.48,-7.5129372442,1.926,0.199
1244-255,1995,3,191.6950084795,0.394,-25.7970247828,1.412,0.228
1251-407,1995,1,193.4980602217,11.505,-40.9918592701,4.636,-0.337
1253-055,1995,11,194.0465275266,0.151,-5.7893124531,0.213,0.088
1255-316,1995,11,194.4960867663,0.459,-31.9213477546,0.51,-0.556
1257+123,1995,1,195.0080785439,0.597,12.1061442446,0.849,-0.31
1300+580,1995,19,195.7186053946,0.187,57.8104470395,0.107,-0.038
1300+693,1995,1,195.6580199117,3.732,69.0476672138,2.61,0.484
1302-102,1995,2,196.3875626296,0.379,-10.5553969419,1.551,0.297
1304+791,1995,1,196.2500590576,8.127,78.9099445428,1.824,-0.28
1307+121,1995,2,197.3913852265,0.176,11.9068201256,0.34,0.029
1308+326,1995,142,197.6194326797,0.098,32.345495234,0.102,-0.082
1308+328,1995,3,197.7475114547,0.303,32.5595692825,0.352,-0.424
1313-333,1995,3,199.0332747641,0.319,-33.6497701926,0.845,0.238
1315+346,1995,1,199.4020591432,0.301,34.4210923819,0.366,-0.406
1317+019,1995,1,200.1116452621,0.199,1.6768921321,0.436,0.068
1320-446,1995,1,200.7676981315,21.599,-44.8760708969,16.953,-0.842
1322-427,1995,1,201.3650632465,3.36,-43.0191126953,2.498,0.934
1324+224,1995,2,201.7535889277,0.301,22.1806008915,0.449,-0.248
1334-127,1995,124,204.4157616187,0.147,-12.9568592691,0.2,-0.125
1334-649,1995,1,204.4685172518,17.358,-65.1569169499,3.564,-0.367
1337+637,1995,1,204.849096048,1.68,63.482895877,0.856,0.405
1341+691,1995,1,205.752305608,3.947,68.9214346705,10.059,-0.067
1342+662,1995,2,205.9414983461,0.694,66.0404846905,0.31,0.18
1342+663,1995,3,206.0361651133,0.486,66.1032344079,0.284,0.128
1347+099,1995,1,207.5922334385,1.069,9.6696264757,1.081,0.38
1347+539,1995,1,207.3944026555,0.282,53.688066717,0.173,-0.093
1349-439,1995,1,208.2355620183,1.149,-44.2112186601,3.669,-0.235
1351-018,1995,26,208.5287304926,0.231,-2.1008862899,0.417,-0.009
1352+757,1995,1,208.3465335491,2.0,75.5493708138,0.566,0.526
1356+022,1995,1,209.8631222022,0.186,1.9984899231,0.404,-0.575
1357+769,1995,117,209.4807147801,0.433,76.7225141458,0.099,-0.018
1402+044,1995,5,211.2546658743,0.133,4.2599498001,0.286,-0.223
1404+286,1995,3,211.7516433686,0.249,28.4540807035,0.342,-0.182
1406+787,1995,1,211.6523631505,3.034,78.4695568754,0.79,-0.357
1406-076,1995,1,212.2353384186,0.43,-7.8740739752,0.256,-0.111
1407+691,1995,1,212.0794814525,3.921,68.9141187659,1.678,0.11
1408+077,1995,1,212.6461472824,0.793,7.522636036,1.155,-0.587
1413+135,1995,2,213.9950729425,0.257,13.339920254,0.358,-0.315
1416+067,1995,1,214.7840837075,1.114,6.4763342342,1.449,-0.002
1417+385,1995,2,214.944223986,0.363,38.363465337,0.312,-0.226
1418+546,1995,1,214.9441559658,0.479,54.3874410281,0.433,0.076
1421+122,1995,1,215.8754310448,84.304,11.9975625024,61.395,-0.963
1424-418,1995,16,216.9845733172,0.49,-42.1053992958,0.674,0.258
1427+109,1995,1,217.5405782905,0.127,10.7241283663,0.253,-0.021
1432+200,1995,1,218.665805703,0.212,19.8668710117,0.3,0.002
1433+304,1995,1,218.8975090091,0.577,30.2068109681,0.636,-0.202
1435+638,1995,1,219.1908421895,0.371,63.6105183877,0.203,0.436
1436+763,1995,1,218.9462656965,45.519,76.0905166369,25.188,0.69
1440+635,1995,1,220.494455283,6.669,63.3092882302,3.538,0.86
1442+637,1995,1,220.9941700292,0.468,63.5406569705,0.288,0.27
1445-161,1995,2,222.0627254855,1.042,-16.3401525118,1.267,-0.163
1446+042,1995,1,222.2098379745,1.696,4.0388589891,2.063,0.644
1448+093,1995,1,222.6298706495,0.223,9.1744319961,0.469,-0.395
1448+762,1995,1,222.1199132675,2.359,76.0198881104,0.461,0.483
1451-375,1995,1,223.6142071345,8.149,-37.7925401495,0.583,-0.076
1451-400,1995,8,223.6371348932,0.57,-40.2090318133,0.623,-0.111
1455+080,1995,1,224.4088696423,0.199,7.8318653078,0.385,-0.059
1456+044,1995,1,224.7473175349,0.108,4.2705057377,0.242,-0.349
1458+718,1995,1,224.7815993857,0.363,71.6721855765,0.105,0.098
1459+480,1995,1,225.2027258872,0.268,47.8543161665,0.19,-0.302
1502+036,1995,1,226.2769881763,0.08,3.441892383,0.179,-0.238
1502+106,1995,1,226.1040824745,0.218,10.4942218119,0.334,-0.292
1504-166,1995,4,226.7699456422,0.326,-16.8750742451,0.648,-0.408
1508+572,1995,9,227.5121765174,0.301,57.0453821737,0.21,0.034
1510-089,1995,4,228.2105539034,0.17,-9.0999526524,0.355,-0.109
1511-100,1995,2,228.4370560708,0.657,-10.2000731198,1.639,0.165
1514+004,1995,1,229.167579432,0.089,0.2505302399,0.204,-0.313
1514-241,1995,7,229.4242214174,0.277,-24.3720765866,0.415,-0.081
1518+045,1995,1,230.3439316125,2.186,4.3417036984,4.936,0.919
1518+046,1995,1,230.3100793205,2.1,4.5060147329,3.146,0.407
1519-273,1995,3,230.6569833135,0.338,-27.5029960484,1.398,0.451
1522+113,1995,1,231.2622251111,1.38,11.1289056638,2.553,-0.176
1526+670,1995,1,231.6786425596,0.957,66.8485115888,0.424,0.683
1531+722,1995,1,232.8899102976,1.234,72.1114519746,0.346,0.414
1532+016,1995,1,233.7185569695,0.253,1.5178352898,0.543,-0.592
1535+004,1995,1,234.5664711405,0.378,0.3181456507,0.555,0.049
1538+149,1995,2,235.2062145405,0.382,14.7960789289,0.307,-0.176
1541+050,1995,1,235.8913585956,9.107,4.8720361125,20.479,0.918
1542+042,1995,1,236.2476137946,0.904,4.1295434662,1.525,-0.278
1543+005,1995,1,236.5397144467,0.156,0.4401705598,0.336,-0.017
1546+027,1995,4,237.3726535029,0.166,2.6169898354,0.288,-0.013
1548+056,1995,1,237.6469551314,0.465,5.4529023604,0.421,0.496
1549-790,1995,2,239.2452924048,3.627,-79.2345225193,0.497,0.426
1553+113,1995,1,238.9293500752,0.249,11.1901016114,0.503,-0.049
1557+032,1995,5,239.8790525756,0.312,3.0800715242,0.699,-0.214
1600+335,1995,1,240.5302644314,0.192,33.4480756922,0.223,-0.472
1600+432,1995,1,240.418516129,1.319,43.2799323791,1.01,-0.079
1601+112,1995,1,240.9247135339,0.166,11.0968551833,0.39,-0.085
1604-333,1995,1,241.8948428046,1.91,-33.5191428336,0.535,0.008
1606+106,1995,129,242.1925132218,0.125,10.4854932734,0.162,-0.173
1607+268,1995,1,242.3055029387,0.249,26.691399129,0.414,-0.189
1610-771,1995,30,244.4553184067,0.881,-77.2884631704,0.21,0.038
1611+343,1995,48,243.4211010354,0.162,34.2133080761,0.176,-0.142
1614+051,1995,7,244.1564867025,0.233,4.992426884,0.449,-0.116
1615+029,1995,1,244.4579504935,0.118,2.7786403078,0.247,-0.085
1616+063,1995,1,244.7653654799,0.173,6.2172895309,0.37,-0.45
1621+078,1995,1,245.9927156395,6.088,7.6918179686,10.802,0.816
1622+665,1995,1,245.768840108,0.917,66.4002997168,0.599,0.248
1622-253,1995,104,246.4453818412,0.184,-25.4606463683,0.226,0.202
1622-297,1995,5,246.525086886,0.424,-29.8574920775,0.619,0.382
1624+416,1995,2,246.4902905449,0.246,41.577952674,0.217,-0.028
1633+382,1995,4,248.8145542094,0.118,38.1345834562,0.123,-0.095
1637+574,1995,3,249.556067811,0.345,57.3399941415,0.129,-0.028
1638+124,1995,1,250.1997451765,0.242,12.3339108554,0.408,-0.316
1638+398,1995,112,250.1234699088,0.129,39.7794523229,0.122,-0.005
1641+074,1995,1,251.0680404037,1.252,7.3427108442,3.182,-0.686
1641+399,1995,13,250.7450415491,0.037,39.8102761721,0.038,-0.085
1642+690,1995,3,250.5327019851,0.371,68.9443768291,0.159,0.098
1645+635,1995,1,251.4939695987,0.984,63.5030340525,0.638,0.418
1646+042,1995,1,252.3653310122,0.473,4.2011076547,0.889,-0.711
1647+065,1995,1,252.4603807982,1.002,6.4481802969,0.877,0.332
1647-296,1995,1,252.6647675328,1.131,-29.7297100568,1.258,-0.077
1648+015,1995,1,252.7652598963,0.154,1.4898496708,0.363,-0.521
1648+084,1995,1,252.6565120675,5.28,8.4145067081,7.71,-0.073
1649+063,1995,1,253.005833706,0.467,6.3153760191,0.916,-0.445
1652+398,1995,16,253.4675695161,0.246,39.7601690347,0.249,-0.091
1656+053,1995,1,254.6393639291,0.555,5.2545676906,0.596,0.391
1656+348,1995,1,254.5059133897,0.759,34.7245561141,0.864,-0.679
1657-261,1995,3,255.2214751817,0.795,-26.1810345283,2.362,-0.866
1700+685,1995,1,255.0387202732,9.446,68.5019341005,4.161,-0.28
1705+018,1995,3,256.8933969296,0.149,1.8126941493,0.335,-0.252
1705+456,1995,1,256.8239725968,0.354,45.6029312004,0.227,-0.154
1706+006,1995,1,257.186031173,1.399,0.5859760275,2.859,-0.808
1706-174,1995,4,257.3931058717,0.364,-17.4814902438,0.836,-0.181
1716+686,1995,1,259.0580750262,0.438,68.6107624454,0.275,0.278
1717+083,1995,1,259.9675258424,0.118,8.2843205289,0.263,-0.104
1718-649,1995,1,260.920957896,1.547,-65.0101701386,1.049,0.198
1725+044,1995,3,262.1039695858,0.157,4.4513650621,0.312,-0.33
1725+123,1995,1,262.0293800109,0.107,12.2609683271,0.228,-0.262
1726+455,1995,97,261.8652116879,0.189,45.5110364574,0.147,-0.029
1726+769,1995,1,260.9976879649,0.765,76.8865421285,0.253,0.508
1732+094,1995,1,263.7432374205,0.313,9.4495167166,0.472,-0.212
1733-565,1995,1,264.3990449302,10.989,-56.567543122,2.496,0.852
1734+063,1995,1,264.307204269,0.114,6.3509923272,0.239,-0.234
1734+363,1995,1,263.9503611503,0.529,36.2793365202,0.359,-0.089
1734+508,1995,1,263.9541880518,0.847,50.8198788716,1.291,0.645
1738+476,1995,2,264.988037754,0.208,47.6328782493,0.155,-0.23
1738+499,1995,1,264.8641268783,0.494,49.9176021953,0.287,0.005
1739+522,1995,32,265.1540743099,0.167,52.1953909583,0.104,0.048
1741-038,1995,138,265.9952339212,0.115,-3.8346157517,0.155,-0.137
1743+173,1995,2,266.3967007306,0.141,17.3337287537,0.264,0.196
1745+624,1995,57,266.5584755067,0.296,62.44853841,0.154,0.106
1746+470,1995,1,266.8610304063,0.459,46.9808128687,0.29,-0.104
1749+096,1995,129,267.8867440534,0.126,9.6502023395,0.171,-0.048
1749+701,1995,3,267.1368345075,0.724,70.0974357492,0.314,-0.319
1751+288,1995,2,268.4269734449,0.223,28.8013719914,0.356,0.052
1753+648,1995,1,268.5316240341,2.895,64.8673975248,2.253,-0.172
1758+388,1995,3,270.1031889837,0.228,38.808527126,0.198,-0.092
1758-651,1995,3,270.8479027238,0.922,-65.126878142,0.671,0.027
1801+010,1995,1,271.0666023874,0.588,1.0256687914,0.865,-0.066
1803+784,1995,22,270.1903495324,0.467,78.4677828941,0.099,-0.009
1805+616,1995,1,271.5831087062,4.981,61.6884247317,0.911,0.162
1807+698,1995,5,271.7111694848,0.503,69.8244745916,0.174,-0.006
1811+062,1995,1,273.3892151463,0.543,6.2616761156,1.09,-0.584
1814-637,1995,1,274.8958440034,1.825,-63.7633896052,4.646,0.079
1815+614,1995,1,273.9032961542,12.508,61.4532339104,3.739,0.568
1815-553,1995,16,274.9391646757,2.184,-55.3557626903,0.844,-0.411
1817-254,1995,2,275.2410361087,0.436,-25.4701625314,0.878,-0.585
1821+107,1995,1,276.0118969282,0.694,10.7399374203,0.472,0.258
1822+682,1995,1,275.4978876266,11.673,68.3119487134,3.8,0.614
1823+568,1995,3,276.0294515485,0.145,56.8504140448,0.087,-0.042
1823+689,1995,1,275.8868911978,0.36,68.9646146704,0.292,0.202
1827+062,1995,1,277.524749399,0.253,6.3210979584,0.544,-0.581
1827+645,1995,1,277.0410731743,2.196,64.5711204114,1.112,0.518
1830+074,1995,1,278.1749545519,0.428,7.531979015,1.235,-0.79
1835+064,1995,1,279.5954666367,1.652,6.4690860462,4.452,-0.176
1836+040,1995,1,279.7034542743,1.853,4.0735193377,1.812,-0.339
1842+681,1995,2,280.6401735797,0.268,68.1570077194,0.134,0.007
1843+400,1995,1,281.2963808446,2.082,40.1309937636,1.941,-0.437
1844+081,1995,1,281.8027516188,0.293,8.1764967003,0.512,0.196
1845+797,1995,1,280.5374553068,3.754,79.7714249312,0.738,-0.7
1849+670,1995,2,282.3169677278,0.223,67.0949111103,0.104,0.032
1856+737,1995,1,283.7387489412,1.37,73.8555295832,0.59,0.743
1901+319,1995,3,285.7330786669,0.251,31.9949171615,0.29,-0.291
1904+013,1995,1,286.7999805875,5.692,1.4524859397,6.529,0.779
1908-201,1995,3,287.7902204,0.329,-20.1153080517,0.254,-0.193
1915+657,1995,1,288.8492462538,1.823,65.8128847915,1.344,-0.061
1920-211,1995,1,290.884124294,0.665,-21.0759252624,4.065,0.303
1921-293,1995,111,291.2127331631,0.183,-29.2417002727,0.225,-0.078
1923+210,1995,1,291.4983556342,0.162,21.1072672153,0.201,0.216
1926+050,1995,1,292.3331168983,1.457,5.1326641648,2.652,-0.386
1926+087,1995,1,292.1702310953,0.457,8.8134480826,0.701,-0.433
1928+738,1995,1,291.9520632746,0.303,73.9671026227,0.144,0.225
1929+226,1995,2,292.8538199393,0.181,22.7253497004,0.26,-0.016
1932+204,1995,1,293.793637153,0.269,20.5317094085,0.469,-0.447
1933+655,1995,1,293.4889049675,0.387,65.6713412377,0.325,0.205
1935-692,1995,3,295.1063673819,1.828,-69.1324921401,1.203,0.336
1936+046,1995,1,294.6277900582,0.487,4.8032253609,1.006,-0.75
1936+714,1995,1,294.0148364691,0.749,71.5254959949,0.401,0.604
1936-155,1995,2,294.8610738555,0.251,-15.4286273301,0.351,-0.296
1937-101,1995,1,294.98856884,0.492,-10.0448670246,1.296,0.137
1942+097,1995,1,296.3163449793,0.298,9.8832119604,0.844,0.097
1946+708,1995,1,296.4729996988,3.499,70.9302033108,1.232,0.347
1947+079,1995,1,297.5230828411,0.14,8.1205508126,0.265,-0.063
1950+727,1995,1,297.3967965104,3.648,72.8786021852,2.438,-0.191
1951+355,1995,1,298.3786485942,0.915,35.6331549834,0.963,0.239
1954+513,1995,1,298.9280759723,0.146,51.5301517273,0.088,-0.081
1954-388,1995,29,299.4992470368,0.244,-38.7517655319,0.197,-0.051
1958+103,1995,1,300.2943476653,1.407,10.4661436282,1.413,-0.497
1958-179,1995,39,300.2378768519,0.123,-17.8160201577,0.305,-0.113
1959+650,1995,1,299.9993836,2.054,65.1485146213,1.39,0.193
2000-330,1995,3,300.8504845227,0.616,-32.8625370259,1.024,0.057
2003+662,1995,1,300.9771126678,24.229,66.4323248886,9.613,0.666
2004+064,1995,1,301.7996471591,0.814,6.6123878277,1.256,0.23
2005+642,1995,3,301.5737272642,0.466,64.4126160922,0.232,0.069
2005-489,1995,1,302.355795533,3.732,-48.8315890975,1.869,0.781
2007+659,1995,1,301.8698792442,0.479,66.1229265337,0.335,0.464
2007+777,1995,5,301.3791605802,0.379,77.8786798672,0.074,-0.14
2008-068,1995,1,302.8092322925,0.988,-6.7343204777,1.662,-0.669
2008-159,1995,1,302.81546225,0.157,-15.7778482104,0.313,-0.031
2010+723,1995,1,302.4679324393,0.459,72.4887085704,0.202,0.237
2015+083,1995,1,304.5471331129,0.127,8.5318187124,0.306,-0.375
2015+657,1995,1,303.9807026792,0.444,65.9146275015,0.249,0.4
2019+050,1995,1,305.3970050227,0.159,5.2513273438,0.367,-0.371
2021+317,1995,1,305.8292389578,0.114,31.8839739074,0.135,-0.393
2021+614,1995,1,305.5278407191,0.195,61.6163346957,0.137,0.401
2022+031,1995,1,306.2901339662,0.151,3.279029079,0.311,-0.134
2023+335,1995,1,306.2951753167,0.167,33.7167262445,0.14,-0.443
2023+760,1995,1,305.6482326956,1.537,76.190603184,0.572,0.733
2029+121,1995,3,307.9791428332,0.165,12.3281501285,0.294,0.191
2032+107,1995,1,308.843055421,0.077,10.9352190836,0.164,-0.182
2032+117,1995,1,308.654624289,1.107,11.9087176826,1.094,0.052
2037+511,1995,1,309.6543115028,0.288,51.3201842347,0.254,0.15
2037-253,1995,2,310.0365535942,0.805,-25.1296285987,2.46,0.055
2047+039,1995,1,312.5260024476,0.178,4.1302471213,0.384,-0.54
2047+098,1995,1,312.4411040663,0.158,10.0539995233,0.331,-0.28
2051+745,1995,1,312.8905698448,15.415,74.6945820347,2.025,-0.46
2052-474,1995,11,314.0681658365,0.608,-47.2465632186,0.345,-0.742
2054+611,1995,1,313.9118262074,1.002,61.3668440856,0.838,-0.282
2054-377,1995,1,314.4233479473,0.717,-37.5674973936,1.602,-0.081
2058-425,1995,1,315.4963117884,11.012,-42.3211558633,4.36,0.294
2059+034,1995,2,315.4118089941,0.094,3.6920336415,0.209,-0.361
2059-786,1995,1,316.4373305573,33.86,-78.4262643759,4.105,-0.409
2106-413,1995,4,317.3882858146,0.563,-41.1723903015,0.659,0.136
2109-811,1995,4,319.128524296,3.597,-80.898673016,0.489,-0.202
2113+293,1995,3,318.8725559904,0.119,29.5606574849,0.143,-0.17
2114+048,1995,1,319.3364878622,0.212,5.051142526,0.486,-0.4
2119+664,1995,1,320.1924970524,17.523,66.7056132065,9.459,0.864
2119+709,1995,1,319.9756847756,7.332,71.1766963254,3.238,0.411
2120+099,1995,1,320.8056609972,1.575,10.1319292054,1.771,-0.425
2121+053,1995,24,320.9354892191,0.127,5.5894703539,0.218,-0.119
2122+044,1995,1,321.3718975998,0.143,4.6932004691,0.33,-0.195
2124+641,1995,1,321.364362699,0.507,64.3942650294,0.451,-0.31
2126-158,1995,2,322.3007328037,0.592,-15.6447336418,0.935,0.1
2128-123,1995,65,322.8969240397,0.25,-12.1179988691,0.294,-0.066
2131-021,1995,2,323.5429566918,0.156,-1.8881219293,0.323,-0.633
2134+004,1995,18,324.1607763486,0.086,0.6983923752,0.234,-0.216
2136+141,1995,3,324.7554551889,0.096,14.3933310851,0.135,0.048
2137+011,1995,1,324.927120435,0.813,1.3742130726,1.184,-0.185
2142+110,1995,1,326.3282294022,0.159,11.257586749,0.378,-0.345
2143-156,1995,1,326.5957472587,0.417,-15.4288585748,5.797,0.23
2144+092,1995,1,326.7923457354,0.41,9.4962979054,1.471,-0.116
2145+067,1995,146,327.0227444782,0.123,6.9607234021,0.157,-0.013
2145+082,1995,1,326.9800810746,0.54,8.503304062,1.589,-0.748
2147+077,1995,1,327.3969332113,1.446,7.94037527,2.6,0.269
2149+069,1995,1,327.880955382,0.149,7.1574398036,0.253,-0.196
2149-307,1995,1,327.9813495773,1.275,-30.4649250885,26.812,0.679
2150+173,1995,1,328.1034141488,0.218,17.5771652858,0.356,-0.528
2154+100,1995,1,329.3035852061,0.268,10.2402217464,0.509,-0.132
2155-152,1995,2,329.5261744532,0.379,-15.0192578549,0.317,-0.142
2158+029,1995,1,330.3646196734,0.199,3.2042118901,0.397,-0.175
2200+420,1995,5,330.6803807047,0.115,42.2777721382,0.113,-0.036
2201+098,1995,1,330.8789693717,2.774,10.1284961068,1.614,-0.035
2201+315,1995,6,330.8123991475,0.117,31.7606305691,0.143,-0.099
2201+676,1995,1,330.802595028,8.907,67.846577141,3.92,-0.37
2204-540,1995,1,331.9322221043,1.758,-53.7760609014,1.025,0.6
2206+650,1995,1,332.0129596762,4.142,65.3274421267,1.544,0.615
2209+236,1995,1,333.0248597949,0.339,23.9279286177,0.601,0.125
2210+065,1995,1,333.211830352,0.179,6.7690947447,0.403,0.01
2210-257,1995,2,333.2604081493,0.365,-25.491688766,0.779,-0.047
2211+069,1995,1,333.5369233172,0.228,7.1951092822,0.547,-0.435
2214+350,1995,1,334.0833746407,0.466,35.3039390579,0.508,-0.195
2215+020,1995,1,334.4509914183,0.098,2.3363089296,0.231,-0.184
2216-038,1995,1,334.7168239278,0.335,-3.5935769688,1.395,-0.044
2220+119,1995,1,335.7207875055,0.501,12.2305024207,0.707,-0.349
2223-052,1995,1,336.446913786,0.451,-4.9503863449,5.258,-0.78
2224+006,1995,1,336.6939042489,0.135,0.8698143484,0.336,-0.376
2227-088,1995,2,337.417018053,0.093,-8.5484542136,0.209,-0.035
2227-399,1995,1,337.6678275487,3.058,-39.7144629807,2.854,0.641
2229+695,1995,1,337.6519567992,3.026,69.7744658622,0.991,0.701
2230+114,1995,2,338.1517038717,0.121,11.7308066146,0.183,-0.273
2231+098,1995,1,338.4935430845,1.029,10.1478097891,1.236,-0.079
2232-488,1995,5,338.8051525188,0.678,-48.5996651306,0.689,0.507
2234+282,1995,125,339.0936285621,0.142,28.4826147828,0.153,0.001
2235+731,1995,1,339.1608207849,2.295,73.3812947207,0.847,0.727
2239+096,1995,1,340.4571554105,0.175,9.8979013837,0.347,0.239
2242+031,1995,1,341.3678530651,0.128,3.4024622659,0.275,-0.045
2243+047,1995,1,341.4735588577,0.134,5.0158227706,0.307,-0.214
2243-123,1995,53,341.5759664681,0.244,-12.1142435745,0.336,-0.025
2245+029,1995,1,341.99450863,0.205,3.1784315299,0.408,-0.092
2245-328,1995,1,342.1611900137,1.534,-32.5978297761,1.163,-0.873
2251+006,1995,1,343.5183590267,0.471,0.9058202042,0.762,-0.334
2251+158,1995,13,343.4906164323,1.441,16.14821162,1.635,-0.421
2251+704,1995,1,343.2006683245,13.096,70.721062477,1.422,0.333
2252-090,1995,1,343.7676656598,0.211,-8.734450488,0.47,-0.017
2254+024,1995,2,344.3231795589,0.325,2.7215309722,0.642,-0.198
2254+074,1995,1,344.3220963893,0.547,7.7200803831,4.601,-0.335
2255-282,1995,51,344.5248453443,0.187,-27.9725713246,0.419,0.104
2256+017,1995,1,344.7406354746,1.607,2.0617472092,2.226,-0.773
2258+033,1995,1,345.1703573648,0.404,3.6196776038,0.771,0.152
2259+058,1995,1,345.4727549238,0.256,6.1535613115,0.671,-0.547
2259+568,1995,1,345.3609453204,4.941,57.1070859082,2.399,-0.051
2300+638,1995,1,345.6721466397,7.963,64.0980144006,3.301,0.463
2301+060,1995,1,346.117880423,0.398,6.3356413151,0.778,-0.086
2307+106,1995,1,347.6188239633,0.121,10.9251935961,0.257,-0.252
2307+680,1995,1,347.3611084365,9.371,68.3363212114,2.414,-0.195
2310+724,1995,1,348.0820741987,0.775,72.6908105013,0.371,0.088
2312-319,1995,1,348.7020855704,3.316,-31.644312888,7.607,0.905
2318+049,1995,1,350.1869027418,0.527,5.2305426607,0.641,0.043
2319+272,1995,1,350.4994259642,0.139,27.5462343124,0.19,-0.097
2320+079,1995,1,350.6503725988,0.36,8.2004423409,0.529,-0.31
2320+506,1995,2,350.6082590068,0.176,50.9644344376,0.162,0.042
2320-035,1995,2,350.8831406495,0.481,-3.2847294985,1.499,-0.545
2323+009,1995,1,351.606849043,2.611,1.2024145654,3.867,-0.828
2325+093,1995,1,351.8899189027,0.183,9.6692951556,0.371,-0.142
2325-150,1995,1,351.9498514272,1.014,-14.7988197156,0.862,-0.556
2326+082,1995,1,352.2741114087,0.372,8.5710705455,0.859,-0.43
2330+083,1995,1,353.2399843226,0.49,8.6362297066,0.635,-0.183
2331+073,1995,1,353.5534506754,0.093,7.6076532786,0.189,-0.017
2331-240,1995,1,353.4801571582,1.344,-23.7279600357,2.892,-0.793
2333-528,1995,2,354.0506016672,2.5,-52.606097346,1.885,0.096
2335-027,1995,1,354.4889129345,0.553,-2.5160076932,1.074,-0.423
2337+264,1995,3,355.1209560503,0.317,26.6991124784,0.36,0.073
2338+000,1995,1,355.2787874767,8.441,0.3092635354,10.44,-0.273
2344+068,1995,1,356.6663885314,6.225,7.0852350046,3.021,-0.193
2344+092,1995,2,356.6534939486,0.146,9.5126431318,0.266,0.139
2346+052,1995,1,357.3377155843,2.654,5.5777457672,6.009,0.83
2347+108,1995,1,357.5084619624,0.775,11.1101956873,1.274,0.135
2350+704,1995,1,358.2202262073,7.882,70.746757663,3.354,0.827
2351+550,1995,1,358.4262489336,0.536,55.3112966089,0.502,0.001
2351-154,1995,2,358.6258132274,0.314,-15.2197814142,0.527,-0.317
2353-686,1995,1,359.0028399342,1.169,-68.3342979569,0.402,-0.391
2355-106,1995,3,359.5453433135,0.426,-10.335725976,1.767,0.294
