iers_name,year,num_ses,ra,ra_err,dec,dec_err,ra_dec_corr
0000+212,1996,2,0.8306250407,0.489,21.4956966311,0.931,-0.483
0001+459,1996,1,1.0671985737,0.296,46.2549917149,0.418,0.103
0003+380,1996,2,1.4882308464,0.156,38.3375414044,0.135,-0.335
0003-066,1996,57,1.5578870325,0.123,-6.3931487657,0.24,-0.225
0004+240,1996,2,1.7032891948,1.087,24.3767757786,1.257,0.182
0006+397,1996,1,2.2673899068,0.318,40.0296403537,0.441,-0.323
0007+171,1996,2,2.641627442,0.173,17.4052115648,0.31,-0.256
0008-264,1996,1,2.7551944717,1.757,-26.2092715001,1.702,0.844
0010+405,1996,1,3.3797091067,0.118,40.8603178081,0.151,-0.458
0010+463,1996,1,3.318703643,1.194,46.6024085436,0.873,-0.62
0011+189,1996,2,3.4849004646,0.386,19.1783097599,0.838,0.119
0013-005,1996,9,4.0462023215,0.284,-0.2534569405,0.5,-0.116
0014+813,1996,65,4.2853122284,0.848,81.5855934724,0.144,-0.041
0016+731,1996,9,4.9407767943,0.388,73.4583381249,0.118,-0.03
0017+200,1996,2,4.9077270243,0.102,20.3626791237,0.187,-0.258
0017+257,1996,1,4.9157524216,0.178,26.0478550899,0.376,-0.298
0019+058,1996,2,5.635171792,0.343,6.1345190611,1.082,0.275
0019+451,1996,1,5.5275472173,0.228,45.4260723268,0.308,0.042
0020+446,1996,1,5.8976769153,0.431,44.9432659898,0.689,0.404
0021+464,1996,1,6.0897400751,0.405,46.7350634976,0.802,0.176
0022+390,1996,1,6.358990295,0.125,39.3265110146,0.172,-0.439
0024+224,1996,2,6.814048107,0.576,22.6994634919,0.624,-0.045
0024+348,1996,1,6.6738523537,2.341,35.1450767589,3.192,-0.611
0025+197,1996,2,7.1242436181,0.179,20.0074290742,0.354,-0.192
0026+346,1996,1,7.3093433824,0.651,34.9422907822,0.567,0.469
0032+276,1996,1,8.6811924435,0.219,27.9071447261,0.396,-0.26
0035+121,1996,2,9.5750695788,9.243,12.4586794229,19.011,-0.982
0035+367,1996,1,9.4422634869,2.865,36.9863569964,1.819,0.74
0035+413,1996,1,9.6035149469,0.188,41.6183332801,0.22,-0.312
0035+503,1996,1,9.6183895933,8.855,50.5905095094,5.759,-0.507
0037+139,1996,2,9.9150816338,0.398,14.1993214507,0.735,-0.535
0037+487,1996,1,9.9458285349,0.273,49.0092154257,0.35,0.181
0039+230,1996,2,10.5189383171,0.163,23.3336280968,0.332,-0.383
0044+387,1996,1,11.6982429487,0.35,39.0130968589,0.442,-0.288
0045+243,1996,2,11.9327971985,0.58,24.5877765357,1.182,-0.788
0046+511,1996,1,12.4082966652,0.424,51.4704699797,0.49,-0.278
0047-579,1996,1,12.497804513,1.542,-57.6409279086,0.778,0.376
0048+447,1996,1,12.9019735986,0.831,44.9933218648,0.524,0.279
0048-097,1996,136,12.672155775,0.135,-9.4847806148,0.214,-0.19
0049+437,1996,2,13.1159411827,0.36,44.0484766999,0.399,-0.111
0054+161,1996,1,14.2303917231,5.238,16.4203715317,7.076,0.943
0055+300,1996,2,14.4536806003,0.243,30.352447633,0.383,-0.183
0056-572,1996,1,14.6940880822,0.863,-56.9865196252,0.619,0.348
0058+498,1996,1,15.3208230673,3.014,50.079164158,1.879,-0.653
0059+163,1996,2,15.4904983058,1.167,16.6613767753,4.535,-0.298
0059+581,1996,140,15.690676578,0.118,58.4030935326,0.065,-0.007
0102+480,1996,1,16.4580339765,0.145,48.3175535441,0.173,-0.05
0102+511,1996,1,16.3731581329,16.586,51.4296069177,9.353,-0.959
0103+127,1996,1,16.638985486,5.773,13.0007210319,9.423,-0.148
0103+253,1996,1,16.5457040485,0.624,25.6584709234,1.183,-0.849
0103+337,1996,1,16.5012223022,0.496,34.0341634709,0.779,0.514
0104-408,1996,76,16.6879498568,0.219,-40.5722111774,0.215,0.697
0105+259,1996,1,16.9495259927,0.74,26.1857423974,1.709,-0.71
0106+013,1996,13,17.1615463136,0.226,1.5834215755,0.352,-0.239
0108+388,1996,1,17.9054864855,0.164,39.107806616,0.198,-0.194
0109+224,1996,2,18.0242696568,0.155,22.744107453,0.296,-0.161
0109+351,1996,1,18.0539349594,0.133,35.3720379793,0.199,-0.335
0110+318,1996,1,18.2097209733,0.147,32.1381758407,0.269,-0.106
0110+495,1996,3,18.3625283225,0.174,49.8066787022,0.212,-0.318
0111+021,1996,29,18.429770627,0.405,2.3714767686,0.575,-0.483
0111+131,1996,1,18.477121908,13.436,13.4145746312,18.592,0.675
0113+241,1996,2,19.1586153983,1.159,24.3815901102,1.436,-0.251
0113-118,1996,1,19.0521748039,3.482,-11.6042870962,2.134,-0.449
0114+140,1996,2,19.3550134229,1.626,14.3034499925,1.554,-0.396
0116+319,1996,1,19.8958500735,5.919,32.1805697129,5.115,-0.531
0119+041,1996,93,20.4869237409,0.114,4.3735373334,0.192,-0.223
0119+115,1996,28,20.4233126652,0.161,11.8306703555,0.232,-0.107
0119+247,1996,1,20.661733273,0.109,25.0421647356,0.227,-0.027
0120+259,1996,1,20.9293549697,0.182,26.2562294632,0.393,-0.257
0122+278,1996,1,21.2328300457,0.234,28.0864974841,0.461,-0.044
0122+470,1996,1,21.2821114919,0.804,47.300856959,0.73,0.149
0123+257,1996,2,21.6783026028,0.095,25.9836945079,0.236,-0.167
0125+487,1996,1,22.0335974948,0.328,49.0183294619,0.393,0.414
0127+145,1996,2,22.4806132233,0.315,14.7799544288,0.523,-0.281
0129+431,1996,1,23.1838616462,0.274,43.4257392114,0.375,-0.229
0131-522,1996,1,23.2740111042,2.18,-52.0010951932,3.433,0.49
0133+476,1996,52,24.2441450486,0.141,47.8580834012,0.105,-0.07
0134+311,1996,1,24.2863901301,0.126,31.376626441,0.228,-0.033
0136+176,1996,2,24.9249133264,0.576,17.8854303874,0.756,-0.205
0137+467,1996,1,25.1794678964,10.993,46.9745803316,5.607,-0.766
0138-097,1996,1,25.3576340739,0.898,-9.4787981476,0.617,0.029
0140+412,1996,1,25.7632689525,0.169,41.4890127761,0.255,-0.182
0140+490,1996,1,25.9453328811,6.004,49.2615518438,4.458,0.05
0143+230,1996,2,26.4704428402,0.43,23.3220270946,0.685,-0.532
0144+209,1996,2,26.7449341312,4.815,21.1734377852,5.647,-0.965
0144+487,1996,1,26.907396542,3.676,48.9937529931,2.62,0.151
0145+386,1996,1,27.101573213,0.289,38.9014499942,0.332,-0.328
0146+056,1996,10,27.3432120262,0.123,5.9315468725,0.207,-0.296
0147+187,1996,2,27.457162287,0.364,18.9557253381,0.527,-0.142
0147-076,1996,1,27.5112385476,0.967,-7.4301362683,5.663,-0.423
0148+274,1996,1,27.8631090952,0.133,27.7449426568,0.244,-0.296
0149+218,1996,3,28.0752460052,0.106,22.118805503,0.189,-0.24
0149+335,1996,1,28.1440685735,0.266,33.8425441103,0.37,-0.271
0149+370,1996,1,28.0509164449,0.172,37.2682407826,0.259,-0.215
0150-334,1996,1,28.2921743179,1.399,-33.1738507555,1.825,-0.651
0151+474,1996,2,28.7345412159,0.139,47.7240387843,0.186,-0.089
0153+222,1996,2,28.9955640596,0.495,22.5032961131,0.722,0.089
0156+128,1996,2,29.7344741457,0.478,13.1174281596,1.199,-0.349
0159+418,1996,1,30.681888762,0.154,42.0878703158,0.219,-0.233
0200+304,1996,1,30.9389835122,2.009,30.6914192004,1.508,-0.158
0201+113,1996,32,30.944404395,0.239,11.5792804791,0.356,-0.177
0201+365,1996,1,31.2316499663,0.159,36.8216660299,0.276,-0.202
0201+438,1996,2,31.2282878172,1.115,44.0519179487,0.702,0.155
0202+149,1996,60,31.2100579204,0.111,15.2364009684,0.14,-0.17
0202+319,1996,3,31.2705223469,0.123,32.2083598795,0.172,-0.027
0202-172,1996,1,31.2403097038,1.656,-17.0221769771,1.035,-0.322
0204+316,1996,1,31.8957900897,0.164,31.868462068,0.316,-0.107
0206+136,1996,2,32.3999930114,0.145,13.8668755688,0.318,-0.086
0206+293,1996,1,32.2860185683,0.904,29.5460402674,1.086,0.573
0208-512,1996,19,32.6925018168,0.531,-51.0171922176,0.377,-0.005
0209+168,1996,1,32.9532794412,92.759,17.1229354417,122.259,-0.995
0210+181,1996,2,33.2938721678,0.526,18.3404021756,0.9,-0.219
0212+735,1996,1,34.3783894588,0.632,73.8257282408,0.148,-0.003
0213+443,1996,1,34.0715483158,1.997,44.6287191563,4.008,0.079
0215+015,1996,4,34.4539782239,0.201,1.7471387008,0.342,0.07
0217+166,1996,2,35.0031616708,1.401,16.8746082962,1.807,-0.788
0217+324,1996,1,35.2002210789,0.214,32.6851289097,0.323,0.46
0220-349,1996,1,35.7350069913,1.08,-34.6913140694,0.822,0.384
0221+067,1996,1,36.1184506113,0.362,6.9898171191,0.338,-0.043
0222+185,1996,2,36.2694534956,0.38,18.7802129753,0.735,-0.464
0223+341,1996,1,36.5430550744,0.148,34.3584129312,0.262,0.193
0227+403,1996,1,37.6904616385,0.171,40.5480745747,0.274,-0.251
0229+131,1996,128,37.9412252201,0.113,13.3818656175,0.16,-0.151
0229+230,1996,2,38.086485412,0.328,23.2991276721,0.5,-0.216
0229+262,1996,1,38.1150969905,0.114,26.4773863979,0.234,-0.036
0230-790,1996,1,37.395610161,3.708,-78.7960001649,0.728,-0.102
0234+285,1996,26,39.4683569954,0.161,28.8024972958,0.235,-0.36
0235+164,1996,47,39.6622087569,0.17,16.6164651815,0.257,-0.142
0236+610,1996,2,40.131926769,13.469,61.2293315495,2.176,0.267
0237+040,1996,2,39.9635960667,0.358,4.2726143736,0.362,-0.166
0237+185,1996,2,40.1784011476,0.592,18.8000148433,0.655,-0.059
0237-027,1996,2,39.9394676755,0.323,-2.578031794,0.607,-0.274
0238-084,1996,43,40.2699938228,0.455,-8.2557644235,0.668,-0.195
0239+108,1996,11,40.6215452995,0.095,11.0168689098,0.188,-0.27
0239+175,1996,2,40.6011179023,0.384,17.7163470355,0.662,-0.728
0242+238,1996,2,41.3202335422,2.458,24.093102759,2.381,0.79
0248+430,1996,1,42.8939030683,0.133,43.2543970597,0.189,-0.352
0249+383,1996,1,43.2870336202,0.123,38.5902775416,0.204,-0.258
0250+508,1996,1,43.4900329355,0.341,51.0490155446,0.345,0.343
0251+393,1996,1,43.6776335575,0.16,39.5263086994,0.23,-0.049
0252-549,1996,1,43.3715849894,2.727,-54.6976220808,4.347,-0.486
0253+133,1996,2,44.1457694124,0.414,13.5764849388,1.06,-0.578
0254+185,1996,1,44.4401200799,1.385,18.7848207041,2.415,-0.699
0256+075,1996,2,44.8628194082,0.779,7.7943450411,0.917,-0.11
0256+423,1996,1,44.9070595362,8.958,42.5971672616,3.432,0.82
0300+470,1996,2,45.8968425986,0.178,47.2711876876,0.209,0.101
0301+336,1996,1,46.1723435396,0.151,33.8120918483,0.247,0.058
0302+173,1996,2,46.2926009866,0.462,17.5830809942,1.147,-0.321
0302-623,1996,1,45.9609643045,0.76,-62.1904305035,0.537,-0.153
0306+102,1996,7,47.2650978898,0.341,10.4878724522,0.444,0.154
0307+380,1996,1,47.7078331187,0.082,38.2482879469,0.132,-0.112
0308-611,1996,2,47.4837464071,0.533,-60.9775153879,0.44,0.11
0309+411,1996,1,48.2581756456,0.118,41.3336617048,0.169,-0.135
0312-770,1996,1,47.9802028302,18.119,-76.8641252632,1.841,0.849
0316+162,1996,2,49.7408442121,0.626,16.4757496819,0.762,-0.225
0316+413,1996,4,49.9506670351,0.085,41.5116963622,0.145,-0.198
0317+188,1996,16,49.9635697158,0.195,19.0253585686,0.291,-0.328
0318+438,1996,1,50.4036182433,1.379,43.9895777723,1.012,0.189
0319+121,1996,1,50.4712645875,0.287,12.3538762614,0.735,-0.454
0321+340,1996,1,51.1715055067,0.164,34.1794047624,0.262,0.153
0321+467,1996,1,51.3345993429,0.817,46.9185097782,0.812,0.425
0322+222,1996,2,51.403393213,0.106,22.4001013667,0.192,-0.248
0325+395,1996,1,52.2096297074,27.468,39.6790439563,27.124,-0.89
0326+277,1996,1,52.4902892632,0.174,27.937638778,0.284,0.14
0326+349,1996,1,52.3139786992,0.114,35.1683309067,0.19,0.191
0327+364,1996,1,52.6448569768,2.839,36.661397813,2.545,0.003
0327+467,1996,1,52.6359472593,0.331,46.9398036216,0.383,0.066
0332-403,1996,1,53.5568931605,1.29,-40.1403886186,1.92,0.517
0333+321,1996,3,54.1254483072,0.164,32.3081506975,0.129,-0.195
0334-546,1996,1,53.9746883232,2.906,-54.5069779679,2.736,-0.494
0336+473,1996,1,55.0449535008,0.248,47.5409208414,0.351,0.206
0336-019,1996,91,54.8789074114,0.145,-1.776612238,0.25,-0.107
0337+337,1996,1,55.2915570566,0.371,33.8726793083,0.44,0.726
0338+480,1996,1,55.5431360552,0.906,48.1630392607,1.099,-0.532
0338-214,1996,6,55.1483660274,0.539,-21.3253256514,0.619,0.298
0340+362,1996,1,55.8706350033,0.113,36.3701189945,0.192,0.011
0341+158,1996,5,56.0965506574,0.438,15.9953801921,0.752,0.575
0342+147,1996,2,56.2767355862,0.26,14.897099544,0.326,0.034
0344+199,1996,2,56.8731632322,0.647,20.0814009014,0.942,-0.335
0344+235,1996,2,56.9879658623,1.498,23.6653669513,2.535,-0.833
0345+460,1996,1,57.3280898629,0.112,46.1665717571,0.154,0.138
0346+209,1996,2,57.4384588876,2.166,21.079434748,3.285,-0.432
0350+465,1996,1,58.6250485441,0.239,46.721875269,0.2,-0.367
0353+289,1996,1,59.0352581767,0.424,29.0617558833,0.934,0.161
0354+231,1996,2,59.3400411903,0.258,23.3316181551,0.507,-0.2
0355+508,1996,2,59.873947023,0.174,50.9639338157,0.137,-0.155
0355-483,1996,1,59.3413245957,1.949,-48.2042103698,3.98,0.832
0356+322,1996,1,59.9371372442,0.137,32.3464322233,0.2,0.225
0358+210,1996,2,60.4381920299,0.135,21.1746073711,0.252,-0.081
0400+258,1996,2,60.7732752906,0.174,26.0004175274,0.209,0.215
0400-319,1996,1,60.588607942,1.645,-31.7905410149,1.744,0.746
0402+379,1996,1,61.45525978,0.927,38.0589539967,0.622,0.284
0402-362,1996,25,60.973957888,0.404,-36.0838647981,0.49,0.708
0403-132,1996,1,61.3916806933,0.592,-13.1371361058,0.612,0.417
0405-123,1996,1,61.9517961382,0.814,-12.1935168325,1.021,0.104
0405-385,1996,8,61.7459805362,0.661,-38.4411229116,0.696,0.565
0406+121,1996,3,62.3417028437,0.274,12.2944022408,0.379,-0.351
0407-658,1996,1,62.0849015292,13.344,-65.7525254501,6.966,-0.107
0409+188,1996,2,63.191434134,0.418,18.943632292,0.594,0.358
0409+229,1996,2,63.1819453228,0.362,23.0848480795,0.498,-0.188
0411+341,1996,1,63.6552322819,0.266,34.3142242658,0.392,-0.074
0412+447,1996,1,63.9855272483,0.235,44.8804676171,0.243,-0.253
0414-189,1996,1,64.1522684845,0.272,-18.8523167497,0.242,0.252
0415+398,1996,1,64.8439563682,0.106,39.924715813,0.158,0.111
0420+417,1996,1,65.9833740247,0.129,41.8340868077,0.157,0.167
0420-014,1996,4,65.8158363522,0.164,-1.3425182699,0.255,-0.185
0421+145,1996,2,66.0978774453,7.466,14.7046346422,3.873,-0.54
0422+004,1996,1,66.1951754154,0.532,0.6017575625,0.97,-0.221
0422-380,1996,1,66.1760154205,0.379,-37.9391067133,0.27,0.34
0423+233,1996,2,66.732228367,0.611,23.4610093011,1.438,-0.784
0423+237,1996,1,66.7332075137,9.015,23.8407165779,10.909,-0.81
0424+328,1996,1,67.0242030249,0.239,32.997789998,0.324,-0.376
0424+414,1996,1,66.9418564817,0.111,41.5503054838,0.149,0.193
0425+048,1996,1,66.9482104475,0.649,4.952312515,0.66,0.274
0425+174,1996,2,67.1484736765,0.34,17.5398856078,0.649,-0.431
0426+273,1996,1,67.4706698416,0.166,27.4105213033,0.329,-0.304
0426-380,1996,1,67.1684340837,1.01,-37.9387727614,1.221,0.155
0429+174,1996,2,67.989080239,0.609,17.52660428,1.066,-0.68
0429+415,1996,1,68.1520942351,0.161,41.641235708,0.229,0.051
0430+052,1996,5,68.2962315391,0.208,5.3543386831,0.283,-0.187
0430+289,1996,12,68.4076244394,0.223,29.0987436365,0.285,0.138
0432+254,1996,1,68.8940956249,0.805,25.5499159031,1.376,0.43
0434+299,1996,1,69.5206179729,0.14,30.0793105595,0.249,-0.302
0434-188,1996,3,69.2561780032,0.322,-18.7468369901,0.606,-0.16
0436+306,1996,1,69.824060673,0.195,30.7520979282,0.349,-0.223
0436+426,1996,1,70.0327983725,0.158,42.7445161345,0.209,0.169
0437+273,1996,1,70.1155811912,0.823,27.4779670397,1.004,-0.122
0437-454,1996,1,69.7535611544,0.923,-45.3729342491,0.763,0.093
0440+345,1996,5,70.8818133493,0.201,34.6851845451,0.299,-0.254
0440-003,1996,2,70.6610865131,0.602,-0.295394661,0.479,0.135
0442+389,1996,1,71.5478918656,0.107,39.0047502044,0.157,0.2
0445+364,1996,1,72.1465066802,0.293,36.4920600919,0.397,0.504
0450-743,1996,1,72.2023254299,32.997,-74.2920133958,4.615,0.888
0451-282,1996,1,73.3110279552,2.027,-28.1270340999,1.84,0.381
0454+844,1996,5,77.1765144144,2.567,84.5345955807,0.266,-0.017
0454-234,1996,106,74.2632467719,0.134,-23.4144500497,0.263,-0.092
0454-810,1996,1,72.5226662674,4.449,-81.0172865419,0.533,0.077
0456+310,1996,1,74.8876404033,0.235,31.1095243259,0.394,-0.04
0457+024,1996,6,74.9668777203,0.486,2.4919932986,0.718,-0.387
0458-020,1996,139,75.303374525,0.095,-1.9872933879,0.188,-0.237
0459+060,1996,1,75.5643580332,0.6,6.1520815465,0.649,-0.176
0459+135,1996,2,75.6384146729,0.121,13.636377455,0.232,-0.111
0500+339,1996,1,75.9866038855,2.517,34.0578098587,1.6,0.455
0502+049,1996,1,76.3466029576,0.866,4.9952011903,1.103,0.693
0503+466,1996,1,76.8485784492,0.264,46.7617608157,0.349,-0.266
0503-608,1996,1,76.0070862531,2.911,-60.8312610795,0.818,0.631
0505+354,1996,1,77.2743588679,0.285,35.4714684951,0.431,0.014
0507+179,1996,5,77.5098713348,0.263,18.0115504849,0.304,-0.081
0508+138,1996,2,77.9096653063,0.198,13.9553315389,0.346,-0.026
0509+152,1996,2,78.1708869592,0.629,15.2898555781,0.643,0.402
0513+455,1996,1,79.3704144979,0.298,45.6180181258,0.264,-0.016
0514+330,1996,1,79.5214268041,0.247,33.1037124338,0.344,-0.497
0514+474,1996,1,79.550374316,0.502,47.5154246169,0.416,-0.32
0515+208,1996,2,79.5159354113,0.169,20.9145825896,0.332,-0.312
0517-726,1996,1,79.1571658647,7.57,-72.6187406805,0.936,0.599
0518+211,1996,2,80.4415242865,0.41,21.214292116,0.551,-0.588
0520+411,1996,1,80.9824176901,0.317,41.2307806645,0.33,0.12
0521-365,1996,9,80.7416025227,0.758,-36.4585698755,0.799,0.808
0524-460,1996,2,81.3808340326,0.51,-45.965190328,0.387,0.432
0528+134,1996,128,82.7350698077,0.071,13.5319859945,0.105,-0.132
0528-250,1996,1,82.5331784095,0.726,-25.0583051907,0.689,0.138
0529+483,1996,1,83.3161075822,0.176,48.3813355608,0.196,-0.004
0530+421,1996,1,83.4853540465,0.36,42.1817838149,0.485,0.196
0530-727,1996,5,82.3751759718,1.805,-72.7579187518,0.471,-0.221
0532+506,1996,1,84.0842997198,0.171,50.6406255266,0.176,-0.02
0533+446,1996,1,84.3752526931,0.48,44.6843165387,0.426,0.011
0536+145,1996,1,84.9265250177,1.015,14.5626541777,5.527,-0.828
0537+251,1996,1,85.059761397,0.384,25.1320414311,0.619,-0.331
0537-286,1996,1,84.9761733879,1.055,-28.6655407472,1.894,0.557
0537-441,1996,39,84.7098397778,0.22,-44.0858164368,0.196,0.037
0538+474,1996,1,85.455189673,0.233,47.4854474812,0.247,0.069
0539-057,1996,1,85.4086804607,0.709,-5.6970631279,0.841,-0.411
0540+456,1996,1,86.0048591385,1.499,45.6841090098,1.107,-0.275
0544+273,1996,9,86.892287175,0.171,27.3657896571,0.195,0.068
0548+378,1996,1,88.0747370548,0.179,37.9070227393,0.246,0.191
0552+398,1996,154,88.878356732,0.076,39.8136569576,0.065,-0.076
0554+242,1996,7,89.2696398964,0.251,24.2320273353,0.263,0.346
0555+378,1996,1,89.751883901,0.32,37.8320887696,0.46,-0.645
0556+238,1996,24,89.8834714445,0.174,23.8983130485,0.237,-0.142
0559+422,1996,1,90.7456003185,0.143,42.2027803621,0.204,-0.443
0600+177,1996,2,90.7880428385,0.576,17.7046696072,0.513,0.155
0600+219,1996,1,90.9648212376,0.839,21.9938048939,2.339,-0.255
0600+299,1996,1,90.9827161863,0.661,29.9514883942,0.807,-0.004
0600+442,1996,1,91.1484532729,1.21,44.232930321,0.778,-0.625
0602+405,1996,2,91.461897408,0.119,40.5022509817,0.188,-0.311
0602+673,1996,2,91.9694650305,0.593,67.3487249996,0.221,-0.001
0603+476,1996,1,91.8468958189,0.19,47.6630393813,0.202,0.053
0607-157,1996,1,92.4206229469,0.295,-15.7112979121,0.191,-0.067
0609+413,1996,1,93.2132718487,0.104,41.3770578957,0.152,-0.426
0609+607,1996,1,93.5994426466,0.533,60.77270994,0.372,-0.646
0610+260,1996,2,93.4589131661,0.24,26.0768666456,0.208,-0.072
0610+510,1996,1,93.7048303552,0.493,51.0369775062,0.684,-0.154
0611+131,1996,2,93.4903865091,0.162,13.1126113474,0.39,-0.158
0611+483,1996,1,93.7668889313,0.253,48.3179804017,0.27,0.258
0615+820,1996,1,96.5125262275,1.335,82.0404354857,0.333,0.043
0617+210,1996,2,95.0813686699,1.421,21.0415405113,1.969,-0.615
0620+227,1996,1,95.8242164126,9.527,22.6932688371,9.071,-0.233
0620+389,1996,1,96.0792554735,0.132,38.9468712111,0.192,-0.455
0620+459,1996,1,95.9854660239,1.343,45.9109748705,0.842,0.497
0621+446,1996,1,96.3261058592,0.232,44.6671182362,0.312,0.157
0627+176,1996,2,97.5302437743,0.24,17.6369253932,0.498,-0.133
0628+203,1996,2,97.7544273334,0.315,20.3497806636,0.684,-0.186
0629+160,1996,2,98.1797314288,0.545,15.9993387571,0.747,0.512
0629+320,1996,1,98.1282616655,0.884,32.0148976614,0.896,0.162
0629-418,1996,1,97.7999912205,1.426,-41.9074854395,1.946,-0.087
0630+497,1996,1,98.4675277753,0.636,49.7294232941,0.565,0.248
0632+502,1996,1,99.0459022017,1.083,50.1665631275,0.692,-0.363
0634+150,1996,2,99.4627178002,0.688,14.9825792634,1.308,-0.659
0636+680,1996,1,100.5177399997,1.407,67.9765614116,0.547,-0.201
0637-337,1996,1,99.8371029262,1.409,-33.7666977572,1.478,0.407
0637-752,1996,26,98.9437828926,0.618,-75.2713376394,0.142,0.195
0641+392,1996,1,101.2237898493,0.103,39.246537122,0.167,-0.296
0642+214,1996,1,101.3504145113,0.553,21.3642225604,0.788,-0.276
0642+449,1996,62,101.63344162,0.183,44.8546083789,0.132,-0.083
0643+307,1996,1,101.5634919885,0.613,30.6898976897,0.625,0.076
0644+491,1996,1,102.196327477,4.679,49.1224249475,2.87,0.457
0646-306,1996,1,102.0587350048,1.055,-30.7387955914,2.254,0.171
0648-165,1996,1,102.602423905,0.88,-16.6277022484,1.471,0.483
0650+371,1996,1,103.4928449557,0.128,37.0946128867,0.194,-0.097
0650+453,1996,1,103.5988069609,0.254,45.2398736411,0.324,0.213
0651+410,1996,1,103.7917696855,0.173,41.0028224049,0.284,-0.33
0654+244,1996,2,104.2736478032,0.968,24.3987207474,0.848,-0.256
0657+172,1996,5,105.006356459,0.196,17.1560281391,0.221,-0.225
0659+268,1996,1,105.6324619807,0.689,26.736396383,0.831,0.019
0700+470,1996,1,106.0398261638,0.645,47.0155663718,0.698,-0.52
0707+424,1996,1,107.6846930816,2.285,42.3486228351,1.302,-0.575
0707+476,1996,2,107.6921037059,0.206,47.5364284673,0.247,-0.101
0709+509,1996,1,108.3037346789,0.791,50.8955252942,0.805,-0.213
0710+439,1996,1,108.4090174535,0.151,43.8214460399,0.222,-0.027
0711+356,1996,1,108.6034060218,0.13,35.5777213094,0.206,-0.389
0714+457,1996,1,109.4660517475,0.143,45.6342392059,0.179,0.178
0716+477,1996,1,110.0895740308,0.324,47.6289235433,0.358,0.055
0718+374,1996,1,110.5052486295,0.342,37.3746203417,0.39,-0.313
0718+792,1996,48,111.5488967085,0.429,79.1919489601,0.07,0.019
0722+145,1996,1,111.3200318546,0.889,14.420486034,1.746,-0.812
0723+488,1996,1,111.7629191529,0.197,48.7361463258,0.248,0.113
0723-008,1996,4,111.4609996832,0.474,-0.915706752,0.528,-0.41
0725+219,1996,2,112.0858679458,0.128,21.8851084631,0.262,-0.144
0727+409,1996,1,112.7139441672,0.357,40.8307850207,0.353,-0.441
0727-115,1996,149,112.5796352771,0.111,-11.686833505,0.178,-0.218
0728+249,1996,2,112.8906060991,0.221,24.8662774519,0.418,0.185
0729+259,1996,1,113.2344801128,0.153,25.8107766445,0.279,-0.078
0730+504,1996,1,113.4688356866,0.175,50.3691839205,0.198,0.197
0731+479,1996,1,113.7596320664,0.212,47.8356742769,0.224,0.19
0733+261,1996,1,114.2419737603,0.212,26.0805403627,0.345,0.041
0733+300,1996,1,114.056920999,0.206,29.9061628326,0.406,-0.117
0735+178,1996,20,114.5308073711,0.226,17.7052772644,0.266,-0.06
0736+017,1996,4,114.8251412496,0.242,1.6179493737,0.286,-0.387
0738+272,1996,1,115.357220069,0.269,27.1126088433,0.38,0.011
0738+313,1996,2,115.294597032,0.146,31.2000636022,0.192,-0.133
0738+491,1996,2,115.5114539496,0.199,49.0043358355,0.204,-0.041
0738-674,1996,1,114.7354009466,1.475,-67.5974515124,0.425,0.074
0739+398,1996,1,115.7911938765,0.199,39.6918836418,0.335,-0.359
0740+173,1996,2,115.7712783274,0.344,17.2401147455,0.822,-0.539
0740+235,1996,1,115.9373850401,3.662,23.4775011876,2.327,0.565
0742+103,1996,1,116.38774799,0.544,10.1868580726,1.385,-0.157
0742+318,1996,1,116.423631296,0.233,31.7157267211,0.374,-0.467
0743+259,1996,2,116.6078090165,0.287,25.817259627,0.558,-0.054
0743+277,1996,1,116.6684678885,0.149,27.5830686718,0.269,-0.067
0743-006,1996,1,116.4753429965,0.282,-0.7382051774,0.481,0.102
0745+241,1996,10,117.1504553904,0.203,24.0066972068,0.306,-0.358
0746+483,1996,1,117.5851513439,0.264,48.2482101534,0.217,0.025
0746+503,1996,1,117.5347618367,1.182,50.2518918769,0.84,0.068
0747+185,1996,2,117.5013747169,0.221,18.3865020126,0.508,-0.219
0748+333,1996,1,117.9736383952,0.183,33.2221717798,0.311,-0.043
0749+376,1996,1,118.1704494795,0.31,37.5067533603,0.44,-0.465
0749+426,1996,1,118.2639062474,0.238,42.5252125188,0.313,-0.189
0749+540,1996,23,118.2557691363,0.086,53.883232533,0.048,0.024
0751+485,1996,1,118.6902936362,0.358,48.3974301354,0.367,0.263
0759+183,1996,2,120.7001331479,0.133,18.1636804256,0.275,-0.154
0759+252,1996,1,120.6732809345,0.509,25.1530272309,0.751,0.644
0802+212,1996,2,121.4105593838,0.385,21.1143312759,0.634,-0.358
0803+452,1996,1,121.6394686788,0.408,45.0756310697,0.354,0.516
0803+514,1996,1,121.754223094,0.452,51.2940767789,0.429,0.436
0804+499,1996,122,122.1652762153,0.108,49.8434806719,0.075,-0.053
0805+269,1996,1,122.1531873103,1.022,26.7768722729,1.168,-0.065
0805+410,1996,24,122.2360501753,0.078,40.8791357875,0.062,-0.159
0807+417,1996,1,122.7458094565,0.455,41.5674461436,0.563,-0.563
0808+019,1996,1,122.8612803386,0.224,1.781171922,0.39,-0.127
0810+247,1996,2,123.4464071194,1.095,24.5997637497,1.147,-0.566
0810+258,1996,1,123.2659753033,0.275,25.7030644714,0.406,0.436
0812+367,1996,1,123.8581036359,0.077,36.5875413711,0.132,-0.221
0814+326,1996,1,124.3689261837,0.521,32.4508127926,0.632,0.443
0814+425,1996,3,124.5666649792,0.133,42.3792819599,0.156,-0.163
0815+326,1996,1,124.7597023853,0.323,32.4436710984,0.472,0.424
0818-128,1996,1,125.2393652013,0.362,-12.9831027222,0.616,-0.018
0819+408,1996,1,125.7398164665,0.16,40.6971575264,0.249,0.068
0820+225,1996,2,125.8531631577,0.378,22.3842468089,0.739,0.335
0820+296,1996,1,125.921383294,0.435,29.4744997529,0.626,0.089
0820+560,1996,5,126.1968183637,0.3,55.8785192993,0.289,0.128
0821+248,1996,2,126.137538701,0.268,24.6453099868,0.506,-0.291
0821+394,1996,1,126.2311827262,0.087,39.27830673,0.133,-0.199
0821+621,1996,4,126.4108846402,0.747,61.9579387084,0.244,0.225
0822+137,1996,2,126.2995455409,0.26,13.5423720186,0.634,-0.17
0823+033,1996,72,126.4597431389,0.083,3.1568110788,0.155,-0.088
0823-500,1996,1,126.361954906,10.339,-50.1773574614,3.038,-0.648
0824+355,1996,1,126.9107843229,0.132,35.4180770178,0.19,-0.177
0826-373,1996,1,127.0199173883,0.769,-37.5184119901,1.292,0.463
0827+243,1996,9,127.7170257729,0.154,24.1832834409,0.2,-0.085
0828+493,1996,1,128.0967363159,0.183,49.2225106469,0.216,0.146
0829+046,1996,3,127.9536539831,0.326,4.4941905465,0.382,-0.081
0829+187,1996,2,128.0668344271,0.467,18.5367038425,0.728,-0.064
0830+425,1996,1,128.4745223963,0.28,42.4005140495,0.33,0.076
0833+276,1996,1,129.0953694191,0.171,27.4812593378,0.282,0.061
0833+416,1996,1,129.1537194259,0.234,41.4318645406,0.429,-0.068
0834+250,1996,1,129.4176903187,0.13,24.9064226787,0.265,-0.128
0836+182,1996,2,129.8780057654,0.511,18.0464284334,0.903,-0.721
0836+426,1996,1,129.9856723211,0.247,42.465504304,0.334,0.094
0839+187,1996,5,130.5212256093,0.199,18.594719572,0.498,-0.088
0839+458,1996,1,130.7795593951,5.309,45.6285826707,7.341,0.317
0840+424,1996,1,130.8818226145,1.77,42.2582014761,2.097,0.203
0841+386,1996,1,131.121240944,0.186,38.5154750411,0.311,-0.196
0844+463,1996,1,131.8929104623,0.205,46.1577793323,0.241,0.264
0847+379,1996,1,132.6030407915,0.19,37.7859660574,0.3,-0.179
0851+202,1996,119,133.7036455575,0.081,20.1085113152,0.11,-0.127
0854+213,1996,2,134.2385198778,0.514,21.1954606648,0.57,0.032
0859+433,1996,1,135.6288332396,0.159,43.1706015887,0.228,-0.117
0859+470,1996,1,135.766625472,0.133,46.8511493144,0.173,0.03
0900+428,1996,1,136.0651187363,0.253,42.6346568634,0.315,-0.276
0902+290,1996,1,136.424041145,0.55,28.8245281729,0.574,0.511
0902+468,1996,1,136.5647485127,1.131,46.6052848543,1.407,-0.398
0902+490,1996,1,136.3644328946,0.167,48.8472125163,0.201,0.114
0906+163,1996,2,137.2330222638,0.617,16.1652121821,1.596,-0.731
0908+201,1996,2,137.8894154237,3.336,19.9705808039,1.942,-0.434
0908+340,1996,1,137.9490061553,0.496,33.8213315791,1.157,0.402
0911+354,1996,1,138.6642648633,0.355,35.2012753526,0.488,0.24
0913+391,1996,1,139.2037691733,0.151,38.907818425,0.209,0.014
0916+336,1996,1,139.7866130405,0.236,33.4116508033,0.408,0.217
0917+449,1996,1,140.243576929,0.099,44.6983292462,0.146,0.038
0917+624,1996,3,140.4009628267,0.192,62.2644945422,0.094,-0.211
0919-260,1996,32,140.3723078426,0.155,-26.312051644,0.373,-0.169
0920+284,1996,1,140.9646809333,0.287,28.2569505878,0.425,0.178
0920+390,1996,5,140.8102206292,0.205,38.827752816,0.29,0.169
0920+416,1996,1,140.8804373719,0.157,41.4242886879,0.22,-0.069
0920-397,1996,25,140.6934094146,0.234,-39.9930745105,0.627,-0.205
0922+316,1996,1,141.4318761639,0.922,31.4530010809,1.499,0.248
0922+407,1996,1,141.5017786537,0.113,40.4971312855,0.18,-0.079
0923+392,1996,140,141.7625580452,0.069,39.0391255294,0.063,-0.065
0925+449,1996,1,142.1005712895,0.369,44.767999881,0.387,0.265
0925+504,1996,1,142.3143342262,0.126,50.2266638462,0.14,0.173
0925-203,1996,1,141.9659340627,1.143,-20.5808975948,2.859,0.258
0927+352,1996,1,142.7303295661,0.114,35.0604467232,0.185,-0.091
0927+469,1996,1,142.6461704561,16.089,46.7357398541,27.006,0.958
0928+144,1996,2,142.7722601402,0.321,14.2379219476,0.616,-0.546
0930+493,1996,1,143.5656762456,0.414,49.1393696362,0.373,0.496
0933+503,1996,1,144.3013639951,0.204,50.1478048383,0.236,-0.376
0936+419,1996,1,144.956732664,0.216,41.698386477,0.312,-0.216
0937+262,1996,1,145.0613449517,0.116,26.058318373,0.208,0.091
0940+172,1996,2,145.8217664995,0.514,17.0386007817,1.136,-0.534
0942+358,1996,1,146.4088362719,0.108,35.5819690306,0.198,-0.111
0942+468,1996,1,146.4253861608,0.512,46.6140545269,0.466,0.131
0945+408,1996,1,147.2305758544,0.08,40.6623851946,0.122,-0.037
0949+354,1996,1,148.1334422452,0.108,35.2145563926,0.193,-0.126
0951+268,1996,1,148.665818912,0.154,26.6568176244,0.262,0.16
0951+693,1996,13,148.8882210253,1.087,69.0652947039,0.33,0.239
0952+179,1996,7,148.7367651155,0.215,17.7253393488,0.505,0.119
0953+254,1996,81,149.2078140877,0.101,25.2544583249,0.139,0.204
0954+658,1996,6,149.696854619,0.451,65.5652271938,0.215,-0.206
0955+326,1996,1,149.5872901628,0.109,32.4006137029,0.206,0.045
0955+476,1996,137,149.5819652495,0.11,47.4188451151,0.088,-0.083
0955+509,1996,1,149.6575391833,0.375,50.6659677766,0.379,-0.572
0958+294,1996,1,150.2925235034,0.179,29.1937600969,0.29,0.231
0958+346,1996,1,150.2997883512,0.153,34.4140163707,0.229,0.2
1001+329,1996,1,150.9898527744,0.629,32.7343172697,0.861,0.516
1004+141,1996,40,151.9229086931,0.263,13.9415557847,0.352,-0.29
1007+337,1996,1,152.715954221,0.197,33.5049334775,0.343,-0.238
1010+350,1996,1,153.4567251547,0.101,34.7641065344,0.169,0.015
1010+495,1996,1,153.374714962,17.69,49.3113860039,28.01,-0.833
1011+250,1996,2,153.4726198427,0.143,24.8212335773,0.278,-0.094
1011+496,1996,1,153.7672494972,0.663,49.4335289903,0.606,-0.418
1012+232,1996,2,153.696106098,0.097,23.021269681,0.186,-0.059
1013+208,1996,2,154.1846753472,0.163,20.6298070158,0.307,0.252
1014+615,1996,5,154.3578649983,0.312,61.2743046448,0.128,0.046
1015+359,1996,1,154.5457837038,0.076,35.7109558841,0.132,0.019
1018+348,1996,1,155.3228112476,0.136,34.6226847013,0.22,-0.353
1019+429,1996,1,155.554718053,0.218,42.6571145342,0.292,0.045
1020+191,1996,2,155.7298198143,2.657,18.8928507075,3.298,0.851
1020+400,1996,2,155.7981902692,0.101,39.8042737147,0.151,-0.233
1022+194,1996,5,156.1867066464,0.159,19.2056710094,0.28,0.003
1023+131,1996,2,156.4845223377,0.079,12.896950586,0.165,-0.086
1024+483,1996,1,156.8044997245,0.415,48.0537596878,0.433,-0.628
1030+398,1996,1,158.3419208539,0.154,39.5975231231,0.209,0.333
1030+415,1996,1,158.2654495417,0.209,41.2683981198,0.332,-0.464
1032+509,1996,1,158.775081136,0.82,50.6683612745,0.794,-0.725
1032-199,1996,1,158.7589802193,0.848,-20.1928779502,0.621,0.335
1033+223,1996,2,159.1374193643,0.987,22.053390526,0.974,-0.183
1034+288,1996,1,159.4326469586,0.307,28.5831834282,0.442,-0.144
1034-293,1996,82,159.316998901,0.22,-29.5674481625,0.278,-0.192
1038+064,1996,7,160.321510484,0.218,6.1713674554,0.326,-0.421
1038+528,1996,27,160.444923519,0.382,52.5578420343,0.294,0.01
1038+529,1996,1,160.4537402352,1.061,52.5654471254,1.3,-0.272
1040+244,1996,1,160.7876491088,0.109,24.1431692005,0.207,-0.396
1042+178,1996,2,161.3098322446,0.965,17.5966898301,1.877,-0.507
1043+066,1996,2,161.4697218732,0.534,6.4101258203,0.983,-0.522
1044+719,1996,82,162.1150831162,0.163,71.7266495179,0.052,-0.004
1045-188,1996,1,162.0275858116,0.625,-19.1599242094,0.531,0.188
1048+347,1996,1,162.7421789719,0.792,34.503039079,0.846,-0.529
1048+470,1996,1,162.8162310703,3.219,46.7381584571,1.112,-0.53
1048-313,1996,1,162.7699068837,1.601,-31.6373081277,3.273,0.451
1049+215,1996,2,162.9532878745,0.104,21.3311982752,0.187,-0.053
1053+704,1996,1,164.2234062913,0.394,70.1960877133,0.149,0.163
1053+815,1996,7,164.548064333,0.942,81.2424097473,0.124,-0.021
1055+018,1996,7,164.6233549786,0.17,1.566339907,0.236,-0.445
1055+201,1996,2,164.5745867819,0.204,19.8641306574,0.521,-0.433
1055+433,1996,1,164.5121700415,0.228,43.0781959359,0.248,-0.573
1056+212,1996,2,164.9126778766,0.18,20.9560988393,0.336,-0.041
1057-797,1996,16,164.680457036,2.14,-80.0650443803,0.287,0.117
1058+393,1996,1,165.3752899065,0.253,39.075731473,0.323,-0.543
1059+282,1996,1,165.5595352685,0.113,27.9524138336,0.213,-0.436
1100+223,1996,2,165.8461153016,0.521,22.060477823,0.68,-0.411
1100+305,1996,1,165.8054245838,0.183,30.2451950545,0.326,-0.576
1101+384,1996,34,166.1138081148,0.219,38.2088330743,0.251,-0.12
1101-536,1996,3,165.9675904569,0.546,-53.9501934026,0.559,0.295
1104+167,1996,2,166.8126976217,0.39,16.4672903208,0.984,-0.65
1104-445,1996,16,166.7862254293,0.451,-44.8187829212,0.514,-0.263
1105+437,1996,1,167.0978205383,0.191,43.5149047352,0.214,-0.47
1105-680,1996,1,166.8028956455,2.846,-68.3474246205,0.936,0.873
1107+443,1996,2,167.6931074954,0.301,44.0572013843,0.323,-0.454
1107+485,1996,1,167.6513487318,4.104,48.2979016874,7.916,-0.296
1108+201,1996,2,167.8336075556,3.065,19.9266666333,2.289,-0.68
1117+146,1996,2,170.1158539908,18.189,14.348611351,17.076,-0.929
1119+183,1996,2,170.6237978361,0.2,18.0906508689,0.314,0.26
1121+238,1996,2,171.0112743337,0.536,23.6127418031,0.56,-0.288
1123+203,1996,2,171.4947581922,0.553,20.0984270598,0.635,0.025
1123+264,1996,2,171.473799669,0.117,26.1722162655,0.203,-0.35
1124+455,1996,1,171.7402291135,0.347,45.2684118859,0.753,-0.306
1124-186,1996,53,171.7683018737,0.121,-18.954844932,0.256,-0.424
1125+213,1996,2,172.1480890988,2.716,21.0437111671,2.635,-0.169
1125+366,1996,1,171.9952950857,0.206,36.3412087537,0.284,-0.576
1128+308,1996,1,172.6767882247,0.197,30.5264966003,0.324,-0.121
1128+385,1996,124,172.7220108993,0.104,38.2551519273,0.101,-0.124
1130+009,1996,2,173.333565635,0.703,0.6813434003,1.138,0.013
1133+704,1996,1,174.1100355263,1.398,70.1575855775,0.779,-0.262
1135+480,1996,1,174.5880757113,0.487,47.7542769725,0.619,0.085
1136+408,1996,1,174.7613926273,0.262,40.5485670605,0.295,-0.332
1140+188,1996,2,175.8586236118,0.574,18.5773226552,1.143,0.035
1142+198,1996,2,176.27087104,1.237,19.6063176226,1.652,-0.214
1143+446,1996,1,176.4104981826,8.145,44.3394209254,8.908,-0.65
1143-245,1996,1,176.5337638293,0.966,-24.7924709938,0.875,0.106
1144+352,1996,2,176.8422104961,0.522,35.0187563213,0.483,-0.08
1144+402,1996,4,176.7429079184,0.155,39.9761957503,0.168,-0.465
1144-379,1996,56,176.7557112741,0.246,-38.2030621435,0.277,0.059
1145+268,1996,1,176.9990162545,0.098,26.5950923639,0.186,-0.343
1145-071,1996,15,176.9648084778,0.257,-7.411428106,0.439,-0.359
1146+189,1996,2,177.1574033386,1.094,18.6691581328,0.84,0.454
1146+596,1996,1,177.2098262156,1.85,59.4156621703,0.869,0.365
1147+245,1996,2,177.5800507146,0.11,24.2982875655,0.219,-0.254
1147+438,1996,1,177.5691778108,1.217,43.5349737681,1.413,-0.18
1148-001,1996,1,177.6827950563,0.574,-0.3983904548,0.81,0.334
1150+497,1996,1,178.3519442767,0.159,49.519119573,0.195,-0.006
1150+812,1996,1,178.3020808748,2.15,80.9747652393,0.246,0.241
1151+408,1996,1,178.4777457072,0.221,40.6146163341,0.231,-0.33
1152+462,1996,1,178.7958718269,2.812,45.9276735721,3.554,-0.381
1155+169,1996,2,179.3951510939,0.175,16.6499027773,0.292,0.033
1155+251,1996,1,179.6074481321,0.388,24.8383233746,0.547,-0.365
1155+486,1996,1,179.6115396824,0.209,48.4211747892,0.265,-0.16
1156+295,1996,34,179.8826413215,0.112,29.2455074508,0.159,-0.23
1156-094,1996,1,179.8029683876,7.01,-9.6811229072,3.08,0.046
1200+468,1996,1,180.882490353,20.637,46.5487631853,15.892,0.706
1204+281,1996,1,181.8662519803,0.121,27.9163471876,0.224,-0.217
1204+399,1996,1,181.6543890018,0.187,39.6843741962,0.234,-0.433
1206+416,1996,1,182.3449499546,0.257,41.3281584214,0.272,-0.37
1207+260,1996,1,182.4378963434,0.151,25.784369441,0.276,-0.208
1208+186,1996,2,182.7778679212,0.598,18.342856311,0.609,0.236
1210+197,1996,2,183.2337325422,1.492,19.4297267523,1.115,-0.189
1211+334,1996,1,183.5171491907,0.275,33.1626653469,0.339,-0.058
1212+171,1996,2,183.7665797533,0.213,16.9105435695,0.389,-0.348
1213+350,1996,1,183.9816709217,0.181,34.8042281011,0.228,-0.39
1213-172,1996,2,183.94479905,0.36,-17.5292786182,0.427,-0.04
1215+303,1996,1,184.4670082334,0.153,30.1168432706,0.275,-0.469
1216+487,1996,1,184.7767280248,0.172,48.4989348533,0.209,0.011
1217+023,1996,1,185.0495183543,3.003,2.061731408,12.009,-0.992
1217+348,1996,1,185.0345589461,0.28,34.5227064275,0.447,-0.61
1218+384,1996,1,185.2467887249,0.22,38.1488075026,0.282,-0.534
1218+444,1996,1,185.3626860913,0.216,44.1915754517,0.313,0.054
1219+044,1996,116,185.5939567718,0.125,4.2210489152,0.23,-0.226
1219+285,1996,1,185.3820438599,0.214,28.2329166281,0.306,-0.335
1221+464,1996,1,185.9139025073,0.53,46.1885008244,0.452,-0.12
1221+809,1996,3,185.9187241424,0.833,80.6678723011,0.131,-0.09
1222+037,1996,5,186.2184247764,0.275,3.5139702535,0.382,-0.268
1222+216,1996,2,186.2269099932,0.085,21.3795523215,0.166,-0.108
1222+438,1996,1,186.214605503,0.335,43.5886908624,0.517,-0.152
1223+395,1996,1,186.4607044218,0.213,39.2396351756,0.327,-0.243
1225+317,1996,1,187.1040250191,0.156,31.4771191868,0.297,-0.243
1225+368,1996,1,186.9946893124,0.7,36.5866186933,0.735,-0.596
1226+023,1996,4,187.2779163941,2.76,2.0523886483,1.376,-0.221
1226+373,1996,2,187.1975986612,0.227,37.1033597681,0.294,-0.429
1226+492,1996,1,187.2156993957,0.551,48.9670255509,0.838,0.413
1227+255,1996,1,187.5587056637,0.189,25.3019822876,0.348,-0.357
1228+126,1996,57,187.705930803,0.181,12.3911232711,0.26,-0.216
1230+486,1996,1,188.1449484116,0.423,48.3591500365,0.502,0.21
1231+481,1996,1,188.5555449572,0.453,47.8975653696,0.572,0.082
1232+366,1996,1,188.774193552,0.35,36.3553671134,0.344,-0.36
1235+196,1996,2,189.4017515509,0.177,19.4112832874,0.407,-0.129
1236+077,1996,2,189.8524513679,0.22,7.5047747309,0.295,-0.088
1236-684,1996,1,189.944374035,13.359,-68.7585740109,12.257,-0.961
1237-101,1996,4,189.9294229403,0.54,-10.3913036008,0.607,-0.311
1237-113,1996,2,189.9976329543,1.694,-11.6230549738,5.418,-0.912
1238+243,1996,1,190.1999373419,1.692,24.0872644099,1.906,-0.368
1239+376,1996,3,190.540884932,0.277,37.33491469,0.434,0.206
1240+381,1996,1,190.7140376041,0.166,37.8500070329,0.174,-0.444
1242+410,1996,1,191.2049462845,2.902,40.8017086052,3.829,0.918
1243-072,1996,7,191.5176337971,0.217,-7.5129374141,0.358,-0.222
1244-255,1996,1,191.6950086328,0.448,-25.7970247758,0.376,0.571
1246+489,1996,1,192.2122807975,8.768,48.6647688254,11.214,0.561
1251-713,1996,1,193.74967339,1.538,-71.6384546822,0.344,0.54
1252+458,1996,1,193.6201194075,0.373,45.6012017462,0.57,0.252
1253+185,1996,2,193.8823331158,0.291,18.2974752816,0.55,0.402
1253-055,1996,7,194.0465276164,0.173,-5.7893123216,0.251,-0.043
1255+327,1996,1,194.4884660417,0.111,32.4914794736,0.204,-0.458
1255-316,1996,23,194.4960867507,0.144,-31.9213478048,0.365,-0.143
1257+145,1996,1,195.087161845,1.214,14.2884809954,0.971,0.38
1258+507,1996,1,195.1718626011,0.367,50.4935459893,0.514,-0.145
1300+485,1996,1,195.5716503965,0.255,48.3215484858,0.323,0.152
1300+580,1996,12,195.7186053892,0.129,57.8104470278,0.067,-0.036
1302-102,1996,3,196.3875625361,0.703,-10.5553968187,1.265,-0.385
1305+502,1996,1,197.0330176622,0.517,49.9648527956,0.479,0.486
1308+145,1996,2,197.7826013485,0.935,14.2962911284,1.193,-0.506
1308+172,1996,2,197.8492505019,1.827,16.9789414575,3.875,-0.869
1308+326,1996,139,197.619432664,0.083,32.3454952628,0.077,-0.113
1308+328,1996,8,197.7475113419,0.175,32.5595693151,0.242,-0.08
1308+471,1996,1,197.7232982318,1.019,46.8978384929,1.18,0.385
1310+487,1996,1,198.1806403067,0.547,48.4752614345,0.488,-0.007
1313+200,1996,2,199.1023671115,2.981,19.7845722274,2.223,0.199
1313-333,1996,15,199.0332746769,0.532,-33.6497702222,0.79,0.488
1315+346,1996,1,199.4020590881,0.149,34.4210923151,0.292,-0.199
1318+225,1996,2,200.296677352,0.154,22.2700301129,0.284,0.142
1318+508,1996,1,200.1758661834,9.342,50.6021664056,3.077,-0.674
1321+410,1996,1,201.0503983508,0.316,40.8032675856,0.387,-0.177
1322+479,1996,1,201.1222601462,0.685,47.7223955393,0.656,-0.19
1323+321,1996,1,201.5688018081,1.311,31.9026425457,1.202,-0.057
1324+224,1996,2,201.7535888035,0.06,22.1806008563,0.115,-0.03
1325+437,1996,1,201.8374125035,0.248,43.4411081001,0.281,0.082
1325+504,1996,1,201.8546818423,0.518,50.1469923588,0.636,0.182
1327+321,1996,1,202.4702705895,0.083,31.9030707603,0.154,-0.268
1327+504,1996,1,202.2741778295,0.274,50.1573337123,0.29,0.064
1328+307,1996,1,202.7845332577,0.441,30.509155211,0.42,0.18
1330+276,1996,1,203.2812113412,0.146,27.4217730974,0.282,-0.351
1330+476,1996,1,203.1885268582,0.406,47.3729633813,0.453,-0.138
1331+170,1996,2,203.399094342,0.17,16.8177819372,0.347,0.422
1333+459,1996,1,203.8415092972,0.262,45.7106199572,0.264,0.009
1334-127,1996,129,204.4157616126,0.145,-12.9568592811,0.204,-0.223
1338+285,1996,1,205.3136781319,0.22,28.2680769834,0.426,-0.528
1339+274,1996,1,205.5349028437,0.141,27.1585048429,0.245,-0.188
1342+662,1996,2,205.9414983901,0.61,66.0404847268,0.255,0.192
1342+663,1996,3,206.0361654268,0.446,66.1032343628,0.22,0.074
1344+188,1996,2,206.8478757569,0.163,18.5937704239,0.318,0.149
1348+308,1996,1,207.7197342125,0.114,30.5815528258,0.22,-0.225
1349-439,1996,2,208.2355624791,1.232,-44.2112193424,1.638,-0.376
1351-018,1996,68,208.5287304939,0.133,-2.1008862875,0.268,-0.112
1354+195,1996,3,209.2684860324,0.22,19.3187145446,0.285,-0.146
1354-152,1996,5,209.2968540047,0.318,-15.4579964051,0.504,0.096
1357+404,1996,1,209.9087261331,0.151,40.1939584562,0.23,-0.25
1357+769,1996,133,209.4807147353,0.303,76.7225141453,0.069,-0.007
1402+044,1996,4,211.2546660093,0.374,4.259949509,0.601,-0.418
1404+286,1996,7,211.7516434274,0.143,28.4540806214,0.288,-0.645
1404+347,1996,1,211.7243635884,0.168,34.5603629048,0.332,-0.357
1406-076,1996,5,212.2353383917,0.32,-7.874074001,0.458,0.014
1410+138,1996,2,213.1515527382,0.397,13.5772646686,0.704,-0.506
1412+461,1996,1,213.5618971112,28.189,45.9134898006,91.17,-0.972
1413+135,1996,3,213.9950728255,0.183,13.3399201726,0.261,0.039
1413+349,1996,1,214.0174427318,0.176,34.7434520045,0.339,0.074
1413+373,1996,1,213.8686116467,0.321,37.1058784315,0.349,-0.319
1415+463,1996,1,214.284005398,0.371,46.1181802369,0.327,0.331
1417+273,1996,1,214.9970711455,0.281,27.1070978438,0.526,0.046
1417+385,1996,3,214.9442239991,0.131,38.3634652374,0.191,-0.211
1418+546,1996,5,214.944155891,0.28,54.3874408508,0.165,-0.281
1419+469,1996,1,215.3461374754,0.404,46.7633298592,0.408,0.2
1420+326,1996,1,215.6265790209,0.192,32.3862333847,0.397,-0.295
1421+482,1996,1,215.7756532562,1.037,48.0363460804,0.683,0.031
1421+511,1996,1,215.8091107518,1.598,50.9270231366,1.666,-0.581
1422+473,1996,1,216.154499093,0.694,47.0990829718,0.87,-0.066
1423+146,1996,2,216.4542416886,0.153,14.4158063163,0.371,-0.131
1424+240,1996,2,216.7516323022,1.371,23.8000106315,1.719,-0.596
1424+366,1996,1,216.6545312451,0.096,36.4193260428,0.151,-0.227
1424-418,1996,37,216.9845732119,0.25,-42.1053993372,0.21,-0.023
1428+422,1996,1,217.5989234205,0.2,42.0768030432,0.294,-0.228
1429+400,1996,1,217.8355767049,0.2,39.8782028044,0.375,-0.275
1430+365,1996,1,218.1659568314,0.579,36.3022036621,0.814,-0.076
1430-178,1996,2,218.240378135,1.639,-18.0264584956,2.44,-0.406
1432+200,1996,2,218.6658056972,0.14,19.8668709823,0.281,-0.018
1432+422,1996,1,218.5237269822,0.161,42.0544421122,0.239,-0.237
1433+304,1996,1,218.8975091176,0.441,30.206811135,0.588,0.165
1434+235,1996,2,219.1707545805,0.168,23.3509055151,0.352,-0.401
1435-218,1996,1,219.539455465,1.494,-22.0818746443,0.981,0.612
1436+373,1996,1,219.7233790505,0.182,37.1765046702,0.282,-0.073
1436+445,1996,1,219.6187686806,0.47,44.3033532912,0.504,0.036
1438+385,1996,1,220.0930670842,0.116,38.3371156681,0.187,-0.211
1438+501,1996,1,219.9457342801,0.249,49.9681821117,0.267,0.1
1439+327,1996,1,220.5005791215,0.257,32.5723058201,0.434,-0.12
1442+101,1996,3,221.3186052702,0.348,9.9766869863,0.603,-0.026
1443-162,1996,1,221.4724011629,1.151,-16.4837832416,1.093,-0.656
1444+175,1996,2,221.6472762103,0.108,17.3521059151,0.217,-0.049
1445-161,1996,3,222.0627258203,0.885,-16.3401525074,0.836,-0.3
1448+762,1996,1,222.1199129776,0.872,76.0198880678,0.111,0.229
1449+139,1996,1,222.8812122538,6.349,13.7233358403,4.63,0.405
1450+455,1996,1,223.1028095152,1.816,45.373241356,1.892,-0.764
1451+270,1996,1,223.4733360267,0.133,26.8092805044,0.285,-0.135
1451-375,1996,13,223.6142072457,0.742,-37.7925403392,1.034,0.709
1451-400,1996,3,223.637135239,0.901,-40.2090318931,0.48,0.599
1454+447,1996,1,223.9755657128,0.585,44.5271264397,0.652,-0.271
1454+510,1996,1,224.0338297555,7.345,50.8100824122,3.008,-0.024
1456+375,1996,1,224.6866435105,0.29,37.3393396725,0.443,-0.275
1458+718,1996,2,224.7815994658,0.269,71.6721854402,0.092,-0.15
1459+480,1996,1,225.202725943,0.184,47.8543163238,0.211,-0.525
1502+036,1996,2,226.2769881275,0.498,3.4418923181,0.532,-0.245
1502+291,1996,1,226.1112355582,0.375,28.9084838745,0.754,0.158
1502+330,1996,1,226.0313556703,0.685,32.8225505964,0.696,0.156
1504+377,1996,1,226.5397081905,0.081,37.5142034341,0.127,-0.137
1504-166,1996,4,226.7699457126,0.328,-16.8750742897,0.472,-0.263
1505+428,1996,1,226.7210077219,0.107,42.6563986968,0.149,-0.138
1505+497,1996,1,226.6838098829,0.373,49.5655010354,0.353,-0.54
1505+514,1996,1,226.7983984112,0.688,51.288017317,0.631,-0.468
1508+572,1996,13,227.51217647,0.328,57.0453821766,0.217,-0.051
1510-089,1996,4,228.210553959,0.185,-9.099952895,0.289,-0.472
1511+238,1996,2,228.4174398466,0.867,23.6431112474,0.765,-0.238
1511-100,1996,1,228.4370556946,0.553,-10.2000734954,0.473,0.232
1514+197,1996,2,229.2366506781,0.132,19.5369422044,0.259,-0.284
1514-241,1996,27,229.4242213922,0.386,-24.3720767174,0.528,-0.18
1519-273,1996,2,230.6569831788,0.238,-27.5029960187,0.228,0.268
1520+319,1996,1,230.5416321847,0.122,31.7373282924,0.236,-0.052
1520+437,1996,1,230.4567244706,0.108,43.6109077671,0.156,-0.087
1522+155,1996,2,231.1733810132,0.629,15.3558476421,1.331,-0.645
1525+314,1996,1,231.8280710312,0.715,31.2567739245,0.689,0.129
1532+016,1996,1,233.7185573008,1.699,1.5178357686,1.858,0.646
1533+487,1996,1,233.811055702,2.067,48.6165819384,0.815,-0.465
1534+501,1996,1,233.9668290453,0.617,49.9608554239,0.578,-0.641
1537+162,1996,2,234.8545793678,0.332,16.0667611932,0.549,0.072
1537+279,1996,1,234.9130712796,0.403,27.7439484123,0.818,-0.306
1542+328,1996,1,236.0235693111,0.281,32.6800891655,0.392,-0.507
1543+480,1996,1,236.285540964,0.401,47.8651844205,0.411,-0.435
1543+517,1996,1,236.2617653762,0.239,51.5835758707,0.291,-0.415
1546+027,1996,1,237.372653524,0.159,2.6169898368,0.334,-0.316
1547+507,1996,1,237.3227857258,0.2,50.6349411044,0.224,-0.343
1549-790,1996,1,239.2452956974,8.702,-79.2345210559,1.818,0.453
1551+130,1996,2,238.3862411312,0.295,12.9476990467,0.639,-0.038
1555+001,1996,5,239.4643081859,0.218,-0.0306704789,0.404,-0.462
1557+032,1996,9,239.8790525552,0.256,3.0800713903,0.606,-0.248
1600+335,1996,2,240.5302644206,0.119,33.4480756007,0.201,-0.527
1601+160,1996,1,240.9085932775,6.759,15.9006567451,6.171,0.881
1603+301,1996,1,241.3877001575,0.423,30.0249172444,0.536,-0.652
1604+159,1996,2,241.7767934766,0.261,15.8595791977,0.465,-0.03
1604+274,1996,1,241.742918103,0.322,27.2848841875,0.488,-0.757
1604+315,1996,1,241.5354932807,0.158,31.4129049357,0.241,-0.487
1604-333,1996,1,241.8948426155,6.699,-33.5191420885,3.026,-0.553
1606+106,1996,151,242.1925132823,0.108,10.485493261,0.144,-0.173
1607+268,1996,1,242.305503264,0.306,26.6913990826,0.378,-0.18
1608+243,1996,1,242.6751115279,0.138,24.2469477046,0.229,-0.488
1609+190,1996,2,242.9543647538,0.205,18.943918626,0.368,-0.218
1610-771,1996,23,244.455318532,1.049,-77.2884631953,0.23,-0.013
1611+343,1996,40,243.4211010479,0.107,34.2133080699,0.138,-0.079
1613+216,1996,1,243.879556248,5.808,21.5030793519,4.726,0.779
1614+051,1996,4,244.1564866896,0.276,4.9924267887,0.541,-0.346
1615+364,1996,1,244.2315834929,1.011,36.3595836235,0.642,0.265
1616+063,1996,2,244.7653651115,1.398,6.2172893803,1.783,0.015
1617+229,1996,2,244.8117692275,0.104,22.7966252912,0.197,-0.15
1619+491,1996,1,245.1301050261,0.242,49.0314602852,0.324,-0.261
1619-680,1996,1,246.0768204366,1.687,-68.1534714694,0.475,0.193
1621+392,1996,1,245.781759875,0.185,39.1590031052,0.272,-0.094
1622-253,1996,115,246.4453818633,0.161,-25.460646386,0.229,-0.182
1622-297,1996,8,246.5250868403,0.461,-29.8574920539,0.531,-0.071
1624+416,1996,3,246.4902905817,0.21,41.5779526878,0.24,0.143
1626+229,1996,2,247.0634998503,3.755,22.7992531548,7.929,-0.724
1627+476,1996,1,247.1562681937,10.811,47.569558565,11.001,0.743
1629+495,1996,1,247.8189162097,0.287,49.4609765536,0.329,-0.286
1633+382,1996,8,248.8145540394,0.085,38.1345834937,0.125,-0.189
1634+213,1996,2,249.1590976534,0.221,21.2154429414,0.371,-0.095
1636+473,1996,1,249.4380438418,0.162,47.2927308738,0.176,-0.287
1637+574,1996,9,249.5560678711,0.154,57.3399941238,0.125,0.055
1638+398,1996,124,250.123469897,0.09,39.7794523422,0.082,-0.072
1639+230,1996,3,250.3551148079,0.127,22.9511202312,0.263,-0.128
1640+254,1996,1,250.6683826447,0.161,25.3854671914,0.253,-0.391
1641+399,1996,5,250.7450416613,0.075,39.8102760848,0.118,-0.099
1642+183,1996,2,251.2184683382,0.629,18.2214551878,1.461,-0.778
1642+256,1996,1,251.2460868778,0.534,25.608496634,0.53,-0.533
1642+690,1996,1,250.5327022027,0.38,68.9443767498,0.147,0.173
1645+224,1996,2,252.0063981335,0.367,22.4092079008,0.444,0.237
1645+271,1996,1,251.8899975206,11.91,27.0995239521,11.369,0.645
1645+410,1996,1,251.7369112508,0.097,40.9881033383,0.145,0.062
1646+411,1996,1,252.1219082092,0.336,41.0682093337,0.315,-0.663
1646+499,1996,1,251.8954664624,1.012,49.8334963584,0.844,-0.533
1647-296,1996,1,252.6647675258,0.779,-29.7297094426,0.624,0.487
1651+312,1996,1,253.3746277178,0.141,31.1324645688,0.211,-0.331
1651+391,1996,1,253.2437899038,0.156,39.0471729284,0.183,-0.6
1652+398,1996,28,253.4675694979,0.199,39.7601691434,0.238,-0.282
1654+185,1996,2,254.1420378446,0.72,18.4406520079,0.968,0.16
1656+053,1996,2,254.6393639532,0.678,5.2545679787,0.53,0.431
1656+348,1996,1,254.5059133572,0.607,34.7245561356,0.453,-0.674
1656+477,1996,1,254.5115816638,0.128,47.6303418753,0.176,-0.244
1656+482,1996,1,254.4453289666,0.165,48.1425113831,0.195,-0.228
1657+265,1996,1,254.8506226817,0.173,26.4935953383,0.248,-0.281
1657-261,1996,3,255.2214752762,0.556,-26.181034712,0.691,0.155
1700+151,1996,2,255.5904922165,2.064,15.0350226774,2.451,0.574
1704+512,1996,1,256.3600562748,1.565,51.1598328774,2.48,-0.478
1705+018,1996,4,256.8933969509,0.203,1.8126942776,0.408,-0.265
1705+135,1996,2,256.9401553223,0.281,13.5181201976,0.522,0.23
1706-174,1996,4,257.3931057847,0.41,-17.4814901912,0.517,-0.633
1712+493,1996,1,258.3964484241,0.401,49.2757045858,0.388,-0.205
1714+219,1996,2,259.0466280029,1.337,21.8704631104,0.98,-0.339
1717+178,1996,1,259.8043687063,0.266,17.7517879629,0.446,-0.011
1719+357,1996,1,260.2895459457,0.25,35.7044621137,0.447,-0.375
1720+250,1996,1,260.7207912195,1.013,24.9763030734,2.34,0.255
1720+282,1996,1,260.675673231,0.17,28.2500212482,0.303,-0.229
1722+330,1996,1,261.0591577467,0.16,33.0510940177,0.253,-0.613
1722+401,1996,1,261.0226201941,0.198,40.0767935031,0.225,-0.575
1725+044,1996,1,262.1039698108,0.324,4.4513645716,0.748,-0.592
1726+455,1996,130,261.865211698,0.14,45.5110364685,0.105,-0.026
1732+389,1996,2,263.5857439395,0.141,38.9642896748,0.186,-0.51
1733-565,1996,1,264.3990414442,12.575,-56.5675424237,7.787,-0.201
1734+363,1996,1,263.9503609135,0.182,36.2793364443,0.223,-0.328
1734+508,1996,1,263.9541882247,0.137,50.8198795072,0.165,-0.176
1736+324,1996,1,264.6687575823,0.1,32.4025071247,0.18,-0.352
1737+222,1996,2,265.0244286284,0.394,22.1836036784,0.832,-0.227
1737+339,1996,1,264.8973438537,0.224,33.9689427917,0.318,-0.439
1738+451,1996,1,265.0265525365,0.183,45.1139919481,0.22,-0.541
1738+476,1996,1,264.9880377895,0.131,47.6328781696,0.155,-0.336
1738+499,1996,2,264.8641270396,0.209,49.9176022595,0.227,-0.162
1739+438,1996,1,265.2039605662,0.345,43.8044863258,0.363,-0.552
1739+522,1996,63,265.1540743631,0.105,52.1953909642,0.068,-0.071
1740+478,1996,1,265.3950914291,0.594,47.8590379393,0.484,-0.429
1741-038,1996,149,265.9952338972,0.1,-3.8346157426,0.143,-0.142
1742+228,1996,2,266.2694535467,0.34,22.8800214374,0.63,0.254
1742+378,1996,1,265.9485263126,0.23,37.7982861561,0.295,-0.554
1742+402,1996,1,266.10456607,2.562,40.2467058597,1.347,-0.044
1743+182,1996,2,266.4830310218,0.514,18.2473389049,1.293,-0.014
1744+557,1996,1,266.235862717,0.402,55.7047669869,0.227,0.164
1745+624,1996,61,266.5584754889,0.359,62.4485384368,0.184,0.18
1746+197,1996,2,267.272807223,0.541,19.7357888254,0.907,0.659
1746+340,1996,1,267.024248655,0.176,34.0669946189,0.356,-0.349
1746+470,1996,2,266.8610303642,0.232,46.9808128606,0.264,-0.197
1747+433,1996,1,267.2515016457,0.196,43.3642463912,0.231,-0.452
1749+096,1996,148,267.8867440517,0.114,9.6502023503,0.164,-0.083
1749+701,1996,1,267.1368340223,1.362,70.0974356224,0.451,0.292
1750+175,1996,2,268.1916787212,0.194,17.5723194146,0.44,0.06
1751+288,1996,1,268.4269735032,0.103,28.8013719611,0.2,-0.306
1751+441,1996,2,268.3443663342,0.209,44.1626906244,0.199,-0.223
1753+204,1996,2,268.8980040189,0.633,20.3992047881,1.556,-0.726
1754+159,1996,2,269.1405233942,0.337,15.895509227,0.835,-0.479
1756+237,1996,2,269.7514920179,0.361,23.7297092185,0.568,0.487
1758+388,1996,6,270.1031889775,0.175,38.8085271006,0.174,-0.114
1800+440,1996,2,270.3846450347,0.126,44.0727500788,0.149,-0.367
1801+459,1996,1,270.6047611588,1.462,45.9596209429,1.029,0.189
1803+784,1996,63,270.1903495011,0.63,78.4677828725,0.116,-0.011
1806+456,1996,1,272.0911911659,0.16,45.7057962885,0.238,-0.203
1807+279,1996,1,272.2999108274,0.116,27.9699443959,0.229,-0.182
1807+698,1996,17,271.7111693758,0.5,69.8244745579,0.172,0.059
1811+298,1996,1,273.405278299,0.183,29.8771864556,0.312,-0.451
1811+430,1996,1,273.3112058579,0.231,43.0710212565,0.233,-0.359
1812+412,1996,1,273.5946090794,0.146,41.2182246156,0.175,-0.441
1814+349,1996,1,274.09958672,2.76,34.9627079994,2.692,-0.09
1815-553,1996,8,274.9391649542,1.148,-55.3557626084,0.627,0.028
1817+502,1996,1,274.6271635568,0.454,50.2888177824,0.42,-0.257
1819+159,1996,2,275.5415374445,0.405,16.0041233287,0.766,0.268
1820+397,1996,1,275.4987526439,1.371,39.7665712753,1.462,-0.543
1821+107,1996,1,276.0118970183,0.476,10.7399370322,0.586,0.047
1823+568,1996,3,276.0294516541,0.322,56.8504140898,0.167,0.192
1824+185,1996,2,276.5737953178,3.828,18.5313586521,3.664,0.288
1825+269,1996,1,276.9809373247,0.404,26.9683105319,0.712,-0.734
1825+344,1996,1,276.7499285438,0.207,34.5205888546,0.315,-0.389
1828+399,1996,1,277.4855008551,0.275,39.95963975,0.302,-0.502
1829+219,1996,1,277.8287086853,20.401,22.0034302557,12.209,-0.948
1829+290,1996,1,277.8119137017,2.209,29.1195262057,1.898,-0.056
1830+139,1996,2,278.1811295633,0.267,13.962333547,0.521,-0.583
1830+285,1996,1,278.2091067717,0.108,28.5599876833,0.194,-0.4
1831-711,1996,1,279.369646539,1.428,-71.1454320647,0.522,0.162
1833+326,1996,1,278.7641234413,0.452,32.6963491548,0.423,-0.003
1839+389,1996,1,280.2381426381,0.167,39.0127011549,0.237,-0.421
1841+131,1996,2,281.0302604037,1.471,13.2077890063,2.264,-0.707
1843+356,1996,1,281.3962869252,0.205,35.6879795551,0.265,-0.053
1845+797,1996,4,280.5374569697,1.75,79.7714245807,0.352,-0.545
1846+322,1996,1,282.0920357298,0.094,32.3173899876,0.165,-0.296
1846+326,1996,1,282.1431715354,0.191,32.7333721146,0.264,-0.375
1847+303,1996,1,282.3337642233,0.172,30.4039548036,0.373,-0.223
1848+283,1996,1,282.6149576244,0.174,28.4203208864,0.252,-0.623
1850+402,1996,1,283.1265522289,0.15,40.3185023562,0.192,-0.168
1851+488,1996,1,283.1189491824,0.176,48.9298560074,0.241,0.043
1853+376,1996,1,283.8654450312,0.355,37.7158240394,0.658,-0.754
1856+737,1996,1,283.7387496672,0.764,73.8555297221,0.232,0.261
1858+269,1996,1,285.202141465,0.455,27.0326586488,0.71,-0.567
1858+273,1996,1,285.144489399,1.06,27.3752548698,1.479,0.062
1901+155,1996,2,286.0598379352,1.332,15.6106807746,1.17,-0.251
1901+319,1996,5,285.7330786275,0.205,31.9949171907,0.192,-0.241
1908+230,1996,1,287.6880294884,3.582,23.0996129887,6.04,-0.088
1908+484,1996,1,287.4440094898,28.662,48.5755060513,20.224,0.939
1908-201,1996,31,287.7902204081,0.367,-20.1153081288,0.536,-0.196
1909+161,1996,2,287.9927392406,0.245,16.1963514691,0.492,-0.131
1909+268,1996,1,287.8961556682,0.271,26.9704898389,0.407,-0.496
1910+375,1996,1,288.1046816502,0.145,37.676845859,0.218,-0.446
1920+154,1996,2,290.6445800812,2.767,15.5027868079,1.786,0.095
1920+450,1996,1,290.4758554269,6.048,45.1074688639,2.273,-0.349
1920-211,1996,14,290.8841242391,0.285,-21.0759257913,0.418,-0.046
1921-293,1996,111,291.2127331762,0.135,-29.2417003265,0.182,-0.169
1922+155,1996,2,291.1643994098,0.321,15.6788725827,0.452,-0.323
1922+478,1996,1,290.8634574532,0.345,47.9046714683,0.519,0.313
1923+210,1996,2,291.4983556149,0.164,21.1072672762,0.283,0.007
1924+507,1996,1,291.5263403793,0.252,50.8825049431,0.348,0.233
1925-610,1996,1,292.525667046,0.871,-60.9358842875,0.517,-0.184
1926+233,1996,2,292.2690664478,1.025,23.4247996013,0.835,-0.01
1926+440,1996,1,292.0889622471,7.614,44.2005139969,6.48,0.773
1927+256,1996,1,292.4371589171,0.32,25.7211795043,0.565,0.016
1928+738,1996,1,291.9520633131,0.467,73.9671028028,0.12,0.304
1929+312,1996,1,292.7861411451,1.093,31.3759435635,1.107,-0.391
1932+204,1996,2,293.793636976,0.349,20.5317094399,0.444,-0.071
1933-400,1996,1,294.317572175,0.749,-39.9670986106,1.048,0.471
1934+365,1996,1,294.1159027255,0.63,36.7097168614,0.537,0.053
1934-638,1996,1,294.8542806946,8.093,-63.7126721741,5.377,0.708
1936-155,1996,4,294.8610739479,0.239,-15.4286272489,0.416,-0.123
1937-101,1996,2,294.9885689314,0.445,-10.0448672861,1.207,0.165
1938+371,1996,1,294.9658600615,0.588,37.2251353129,0.453,-0.294
1944+126,1996,2,296.8313613897,0.901,12.8153947394,1.002,0.05
1946+358,1996,1,297.01883372,0.852,35.9390754009,0.835,-0.037
1948+505,1996,1,297.4312178295,0.381,50.6922147574,0.458,0.295
1950-613,1996,1,298.7948782007,12.538,-61.2553160196,5.838,0.942
1951+355,1996,1,298.3786487882,0.321,35.6331550977,0.404,0.306
1952+138,1996,2,298.7982141202,0.33,13.9711780944,0.563,0.01
1954+513,1996,2,298.9280758631,0.149,51.5301518451,0.129,-0.076
1954-388,1996,52,299.4992469604,0.17,-38.7517654754,0.19,-0.162
1958-179,1996,27,300.2378768292,0.085,-17.816020163,0.223,-0.103
1959+437,1996,1,300.3036405718,6.47,43.8813443093,4.842,0.256
2000+148,1996,2,300.6749968029,0.164,15.0207150874,0.351,-0.327
2000+472,1996,1,300.5434094167,0.117,47.4246592357,0.139,0.145
2000-330,1996,2,300.850484732,1.358,-32.8625369234,1.657,0.705
2001+449,1996,1,300.7170673022,0.207,45.1023132182,0.23,0.093
2004+443,1996,1,301.4670341537,7.288,44.4819797507,5.977,0.318
2005-489,1996,5,302.3557943577,1.643,-48.8315895106,1.483,0.163
2007+777,1996,6,301.3791606529,0.485,77.8786798752,0.085,-0.338
2008-159,1996,13,302.8154622342,0.263,-15.7778482247,0.45,0.117
2010+463,1996,1,303.0234892426,0.981,46.482160259,0.726,-0.727
2013+163,1996,2,304.0577500989,0.138,16.5428091292,0.271,-0.041
2013+340,1996,1,303.8701328063,0.595,34.1776138454,0.518,-0.208
2013+508,1996,1,303.6191422914,31.252,50.9859793708,7.306,-0.681
2018+282,1996,1,305.191130323,6.906,28.4497752266,5.21,-0.443
2021+222,1996,2,305.8465008528,0.407,22.3979239223,0.939,-0.52
2021+317,1996,1,305.8292389997,0.184,31.8839738086,0.288,-0.406
2021+614,1996,2,305.5278403587,0.387,61.616334697,0.21,0.234
2022+171,1996,2,306.235681039,0.17,17.303665929,0.337,0.12
2023+335,1996,1,306.2951753652,0.308,33.7167262861,0.29,-0.287
2023+503,1996,1,306.35405188,0.815,50.4776491692,0.373,-0.75
2027+464,1996,1,307.3289027971,3.991,46.6006250969,4.031,-0.278
2029+121,1996,1,307.9791428177,0.199,12.3281500909,0.322,-0.101
2031+216,1996,2,308.3834642189,1.329,21.7728916292,0.841,0.201
2037+216,1996,2,309.8950343655,1.805,21.869356793,3.974,-0.683
2037+511,1996,2,309.6543114786,0.19,51.3201840721,0.126,-0.184
2037-253,1996,1,310.0365539872,1.589,-25.1296289381,1.25,0.253
2040+127,1996,2,310.7925379932,0.64,12.9204362269,1.353,-0.736
2048+312,1996,1,312.7130477294,0.655,31.4576036159,0.574,0.02
2048+361,1996,1,312.5095182054,1.44,36.3312506401,1.358,0.13
2049+175,1996,2,312.8982621782,0.294,17.7269168104,0.411,-0.041
2050+161,1996,2,313.181749462,0.269,16.330230053,0.501,0.137
2050+364,1996,1,313.2168957339,0.108,36.5931389862,0.2,-0.105
2052-474,1996,19,314.0681659183,0.773,-47.2465633087,0.447,-0.772
2054-377,1996,1,314.4233475737,1.055,-37.567496973,2.161,0.695
2059+034,1996,1,315.4118089555,0.362,3.6920335326,0.382,0.109
2059-786,1996,1,316.4373407052,2.984,-78.4262629983,0.456,0.288
2103+213,1996,2,316.5450758198,1.33,21.5933330924,2.457,-0.534
2106+143,1996,2,317.1709672772,0.143,14.5075035299,0.3,0.01
2107+353,1996,1,317.3828280577,0.081,35.5493326508,0.126,-0.131
2109-811,1996,2,319.1285267773,5.586,-80.8986730703,0.405,0.044
2112+283,1996,1,318.7430567642,0.167,28.5492214317,0.317,-0.265
2113+293,1996,3,318.8725559687,0.196,29.560657528,0.294,-0.214
2118+188,1996,2,320.2525274761,1.165,19.0245227985,1.842,-0.662
2118+443,1996,1,320.1323901625,13.064,44.5761834142,4.971,-0.841
2121+053,1996,22,320.9354892162,0.104,5.5894703462,0.178,-0.292
2121+460,1996,1,320.8826186234,1.06,46.2397114432,0.788,-0.095
2126-158,1996,4,322.3007327809,0.408,-15.6447334202,0.989,-0.256
2128-123,1996,57,322.8969240049,0.105,-12.1179988254,0.228,-0.1
2131-021,1996,1,323.542956757,0.301,-1.8881221379,0.452,-0.302
2134+004,1996,6,324.1607764128,1.024,0.6983926442,2.844,-0.153
2136+141,1996,16,324.7554552186,0.204,14.3933311758,0.254,-0.289
2138+389,1996,1,325.0706128696,0.845,39.1957931149,1.047,-0.082
2143-156,1996,3,326.5957472595,0.523,-15.4288574077,1.407,-0.279
2144+092,1996,1,326.7923456766,0.527,9.496297833,0.483,-0.014
2145+067,1996,156,327.0227445139,0.098,6.9607233728,0.144,-0.127
2146-783,1996,1,328.0131458638,5.362,-78.1185105441,1.031,0.745
2149+056,1996,3,327.9078144954,0.374,5.8702651942,0.519,-0.216
2152+172,1996,2,328.6704186086,0.488,17.4641093664,0.711,0.615
2152+226,1996,2,328.7769104502,0.216,22.8395225799,0.37,-0.151
2152-699,1996,1,329.2749194486,6.063,-69.6899122355,3.517,0.644
2155+312,1996,1,329.370099492,0.101,31.4503755266,0.166,-0.472
2155-152,1996,10,329.5261743883,0.394,-15.0192578686,0.455,-0.195
2155-304,1996,1,329.7169378276,1.354,-30.2255882191,1.255,0.005
2157+213,1996,1,330.0591568081,3.228,21.6325115826,2.49,0.752
2159+505,1996,1,330.4314052268,0.319,50.8156636818,0.231,-0.605
2200+420,1996,13,330.6803806519,0.133,42.2777721429,0.113,0.003
2201+171,1996,2,330.8620569925,0.155,17.4300689242,0.306,-0.122
2201+315,1996,11,330.8123991454,0.113,31.7606305766,0.166,0.003
2202+363,1996,1,331.0879186394,1.153,36.5436364621,1.059,-0.59
2204-540,1996,1,331.9322223458,0.818,-53.7760607739,0.932,0.424
2205+166,1996,2,331.9702737309,0.134,16.8716153212,0.284,-0.122
2207+356,1996,1,332.4388930308,0.167,35.9336469499,0.337,-0.403
2207+374,1996,1,332.3392711012,0.674,37.7050626616,0.893,0.159
2209+236,1996,3,333.0248595992,0.083,23.9279288216,0.159,-0.146
2209+328,1996,1,333.0332386646,0.597,33.1429219701,0.62,-0.034
2210-257,1996,1,333.2604084894,0.733,-25.4916888432,0.766,-0.116
2211-388,1996,1,333.6607049456,6.93,-38.5958344767,3.795,0.057
2214+241,1996,1,334.2534215846,0.127,24.3627661682,0.253,-0.426
2214+307,1996,1,334.1779601704,0.252,31.0431567387,0.301,-0.225
2214+350,1996,2,334.0833746254,0.166,35.3039389182,0.317,-0.367
2215+316,1996,1,334.3232348823,0.158,31.9472209078,0.26,-0.315
2216+178,1996,2,334.8087186664,0.194,18.109883563,0.385,0.038
2216-038,1996,6,334.7168238449,0.17,-3.5935776561,0.333,0.185
2217+259,1996,1,334.9572547128,1.115,26.2244289022,3.221,-0.035
2223+210,1996,2,336.4085296803,0.111,21.3017820196,0.203,0.006
2223-052,1996,22,336.4469136481,0.169,-4.9503862909,0.247,-0.114
2226+440,1996,1,337.2102630035,1.968,44.3190120453,1.075,-0.541
2227-088,1996,6,337.417018104,0.297,-8.5484542376,0.551,-0.53
2230+114,1996,2,338.1517036983,0.218,11.7308067099,0.265,0.01
2231+425,1996,1,338.3850271145,0.446,42.7610900689,0.552,0.143
2232-488,1996,1,338.8051521125,0.967,-48.5996651025,0.889,0.702
2233-148,1996,2,339.142029977,0.73,-14.5561636943,1.443,-0.617
2234+282,1996,128,339.0936284867,0.122,28.482614765,0.137,0.174
2236+124,1996,2,339.6441868418,0.377,12.7141061976,0.724,-0.413
2238+410,1996,1,340.2800217968,0.234,41.3365605316,0.434,-0.168
2238+512,1996,1,340.082826693,0.693,51.5532768083,0.525,-0.528
2241+406,1996,1,341.053046289,0.412,40.9537834916,0.489,-0.365
2243-123,1996,54,341.5759665626,0.247,-12.1142437177,0.376,-0.137
2245-328,1996,1,342.1611907603,0.51,-32.5978307771,1.951,-0.03
2246+208,1996,2,342.2523613188,0.177,21.1174544167,0.324,0.19
2246+370,1996,1,342.157960393,0.216,37.3034618625,0.382,-0.167
2247+132,1996,2,342.4372785672,4.793,13.5192999226,4.085,-0.201
2251+158,1996,4,343.490616824,5.264,16.1482115944,2.72,-0.21
2251+244,1996,1,343.5389246117,0.176,24.7565063147,0.355,-0.206
2253+417,1996,1,343.9029493275,0.185,42.0479255825,0.419,-0.307
2255+416,1996,1,344.3419703647,0.317,41.9045918504,0.658,-0.39
2255-282,1996,49,344.5248452968,0.115,-27.9725712821,0.283,0.117
2259+371,1996,1,345.3655724488,0.207,37.4470119281,0.465,-0.241
2300+386,1996,1,345.7669409325,0.24,38.8967683111,0.47,-0.294
2302+232,1996,2,346.1518183556,0.235,23.5187807742,0.447,-0.173
2304+322,1996,1,346.816302371,0.215,32.5088713223,0.275,-0.502
2304+377,1996,1,346.7541495378,6.178,38.0450640358,4.795,-0.211
2305+198,1996,2,347.04848542,0.814,20.1450540091,0.954,0.002
2309+454,1996,1,347.9475373055,0.113,45.7322267968,0.145,-0.229
2310+385,1996,1,348.2449751451,0.633,38.7951833988,0.579,0.371
2312-319,1996,1,348.7020831199,3.24,-31.6443117879,4.545,-0.415
2318+049,1996,5,350.1869024671,0.267,5.2305423408,0.385,-0.367
2319+184,1996,2,350.6190367509,0.399,18.7235829949,0.521,0.417
2319+272,1996,3,350.4994259627,0.132,27.546234425,0.236,-0.008
2319+444,1996,1,350.5848253262,0.114,44.7617649135,0.169,-0.083
2320+506,1996,1,350.608259018,0.111,50.9644344553,0.137,-0.015
2320-035,1996,6,350.8831406957,0.344,-3.2847287153,0.517,-0.955
2323+478,1996,1,351.4371348321,5.759,48.1070243822,2.416,-0.83
2324+151,1996,2,351.841524955,0.89,15.4103638305,0.921,-0.326
2326-477,1996,1,352.3237675205,1.736,-47.5053096554,1.269,0.378
2327+335,1996,1,352.5572402303,0.117,33.8101310019,0.19,-0.362
2328+316,1996,1,352.6923332117,0.224,31.9259743164,0.376,-0.215
2329-162,1996,1,352.9110515904,1.047,-15.9491682167,1.913,0.103
2330+387,1996,1,353.2605558292,0.375,39.0200136069,0.582,-0.075
2331-240,1996,2,353.4801573291,1.261,-23.7279603447,0.836,-0.413
2335-027,1996,3,354.4889128928,0.344,-2.5160081332,0.457,0.213
2337+264,1996,1,355.1209561883,0.159,26.6991125988,0.26,-0.266
2338+191,1996,2,355.3283168344,2.401,19.4681910383,2.797,-0.812
2340+233,1996,2,355.8016126162,0.271,23.662679781,0.646,-0.324
2344+429,1996,1,356.8453092835,0.379,43.1814497938,0.358,-0.509
2345-167,1996,1,357.0108684192,1.927,-16.5200087694,2.897,0.603
2346+385,1996,1,357.3367771522,0.128,38.8215440926,0.172,-0.477
2351+456,1996,1,358.5903343561,0.126,45.8845101434,0.151,0.006
2355-106,1996,7,359.5453433946,0.284,-10.3357253333,0.383,0.041
2356+196,1996,2,359.6920214207,0.207,19.9223062296,0.38,0.165
2356+385,1996,1,359.8882533281,0.141,38.8450886219,0.207,-0.478
2356+390,1996,1,359.7493966228,0.239,39.3745294453,0.308,-0.27
2358+189,1996,2,0.2859232268,0.128,19.2427227546,0.253,-0.265
