iers_name,year,num_ses,ra,ra_err,dec,dec_err,ra_dec_corr
0000-197,1997,2,0.8278125698,0.406,-19.4562095502,0.776,0.269
0001-120,1997,1,1.0204791425,0.099,-11.8162181929,0.221,-0.196
0002-170,1997,1,1.3247241913,0.273,-16.8012996495,0.581,-0.554
0003+380,1997,1,1.4882307738,0.171,38.3375413882,0.16,-0.086
0003-066,1997,76,1.5578870229,0.101,-6.3931487468,0.24,-0.083
0005-239,1997,2,2.0015402375,0.337,-23.6550419939,0.674,-0.698
0005-262,1997,2,2.1093855063,0.505,-25.9865390702,1.127,0.392
0007+171,1997,1,2.6416275007,0.15,17.4052113739,0.194,0.047
0008-222,1997,2,2.7235416303,0.141,-21.9511722705,0.33,-0.245
0008-264,1997,3,2.7551947415,0.131,-26.2092714491,0.334,-0.159
0011-046,1997,1,3.4755456692,0.13,-4.3978595187,0.307,-0.342
0012-184,1997,2,3.7603835253,0.166,-18.2141342409,0.376,0.261
0013-005,1997,9,4.0462022509,0.198,-0.2534570821,0.388,-0.048
0014+813,1997,65,4.2853121738,0.391,81.5855934566,0.062,-0.029
0016+731,1997,6,4.9407767183,0.509,73.458338155,0.122,-0.32
0019+058,1997,5,5.635171729,0.264,6.1345191929,0.452,-0.237
0019-000,1997,1,5.6059413787,0.996,0.2489336896,1.987,-0.173
0022-044,1997,1,6.1915967607,0.176,-4.2004302657,0.376,-0.186
0035-252,1997,2,9.5613979104,0.126,-24.9839542349,0.294,-0.224
0036-216,1997,2,9.624811252,2.201,-21.3344508873,3.187,0.411
0038-020,1997,1,10.240048271,0.14,-1.7755629259,0.299,-0.344
0039+230,1997,2,10.5189382039,0.185,23.33362841,0.297,0.183
0047-051,1997,1,12.5897283436,0.426,-4.8723876135,0.909,-0.471
0048-071,1997,1,12.7842075703,0.11,-6.8339525681,0.25,-0.294
0048-097,1997,113,12.6721557712,0.123,-9.4847806153,0.201,-0.089
0055+300,1997,4,14.4536807518,0.439,30.3524478166,0.4,-0.57
0055-059,1997,1,14.5211096215,0.101,-5.6645217039,0.233,-0.33
0056-001,1997,2,14.7729787782,0.337,0.1143392769,0.612,-0.483
0059+581,1997,122,15.6906765955,0.126,58.4030935186,0.074,-0.026
0059-287,1997,1,15.4682904099,3.04,-28.5223391826,5.269,0.598
0102-245,1997,2,16.2425223683,0.222,-24.2745681293,0.515,-0.316
0103-021,1997,1,16.5958093537,0.317,-1.9273375094,0.527,0.095
0104-275,1997,1,16.6086752248,0.11,-27.3032847183,0.271,-0.179
0104-408,1997,42,16.6879498274,0.283,-40.5722111819,0.436,0.48
0105-008,1997,1,17.1118442294,0.592,-0.6233792829,0.765,0.497
0106+013,1997,3,17.1615463779,0.122,1.5834216837,0.217,-0.854
0108-079,1997,1,17.7084207963,0.127,-7.6947539256,0.282,-0.142
0109+224,1997,1,18.0242697217,0.112,22.7441072981,0.145,-0.081
0111+021,1997,31,18.4297706128,0.173,2.3714768397,0.315,-0.336
0112-017,1997,3,18.8212499425,0.131,-1.4512715405,0.26,-0.306
0113-118,1997,2,19.052175178,0.142,-11.6042873524,0.328,-0.268
0113-283,1997,1,18.8495150253,0.216,-28.0820066101,0.449,-0.298
0115-214,1997,2,19.4532505221,0.104,-21.1851758476,0.233,-0.22
0116-219,1997,2,19.7385923533,0.102,-21.6917055517,0.22,-0.136
0118-272,1997,1,20.1319307098,0.148,-27.0235147352,0.338,-0.37
0119+041,1997,70,20.4869237527,0.13,4.3735373265,0.234,-0.314
0119+115,1997,41,20.4233126774,0.082,11.8306703162,0.164,-0.033
0122-003,1997,1,21.3701826017,0.101,-0.0988700307,0.211,-0.277
0123+257,1997,1,21.6783026717,0.141,25.9836944333,0.199,-0.024
0130-171,1997,2,23.1811977814,0.115,-16.9134783712,0.256,-0.165
0131-001,1997,1,23.5529340886,1.015,0.0625377807,1.329,-0.081
0133+476,1997,53,24.2441450506,0.083,47.8580833604,0.069,-0.071
0133-204,1997,2,23.906289187,0.108,-20.1460727932,0.244,-0.102
0134+329,1997,1,24.4220842278,2.809,33.159759761,5.136,0.112
0135-247,1997,3,24.4097768816,0.098,-24.5149681465,0.225,-0.032
0136-059,1997,1,24.7160469044,0.259,-5.6689561507,0.507,0.211
0136-231,1997,2,24.7394401913,0.176,-22.9131473297,0.447,-0.006
0138-097,1997,2,25.3576340304,0.12,-9.4787982097,0.282,0.123
0142-278,1997,1,26.2641441861,0.116,-27.5595357488,0.254,-0.178
0146+056,1997,5,27.3432120011,0.144,5.9315469154,0.241,-0.383
0148+274,1997,2,27.8631090879,0.197,27.7449426609,0.251,-0.131
0148-177,1997,1,27.7753472865,0.11,-17.5457549784,0.251,-0.095
0149+218,1997,1,28.0752459599,0.1,22.1188055037,0.143,-0.17
0150-144,1997,1,28.1333852821,0.429,-14.2109427965,0.834,-0.531
0156-144,1997,1,29.6821651441,0.264,-14.2186440227,0.499,0.264
0159+723,1997,1,30.889103476,1.565,72.5482409081,0.341,0.027
0201+113,1997,47,30.9444044068,0.135,11.5792804663,0.243,-0.381
0202+149,1997,46,31.2100578861,0.086,15.2364009923,0.156,-0.189
0202+319,1997,3,31.2705223308,0.166,32.2083598825,0.179,-0.074
0202-172,1997,3,31.2403097333,0.138,-17.0221779703,0.348,-0.105
0204-224,1997,2,31.5836398243,0.227,-22.205460065,0.5,-0.324
0205-010,1997,1,32.1097745701,0.13,-0.7956370569,0.27,-0.262
0208-512,1997,34,32.6925016972,0.462,-51.017192207,0.314,0.514
0212+735,1997,2,34.3783895317,0.434,73.8257282292,0.123,0.028
0213-026,1997,1,33.9250719859,0.118,-2.3824311076,0.258,0.039
0214-085,1997,1,34.2610929396,0.175,-8.3478753813,0.423,-0.362
0215+015,1997,3,34.4539781407,0.281,1.747138604,0.707,-0.184
0215-167,1997,1,34.4885395134,0.15,-16.51957612,0.428,-0.164
0217-189,1997,2,34.8381739661,0.158,-18.7107631336,0.394,-0.141
0218-133,1997,1,35.1175732753,0.529,-13.0886298603,0.783,0.455
0218-220,1997,2,35.1464589051,0.263,-21.8533554956,0.654,-0.412
0219+428,1997,1,35.6650479557,0.139,43.035499695,0.141,-0.047
0219-164,1997,1,35.5030209196,0.184,-16.2545966126,0.382,-0.041
0220-349,1997,1,35.7350064155,1.144,-34.6913137341,0.637,-0.409
0221+067,1997,5,36.1184508486,0.18,6.9898171411,0.347,-0.216
0224+671,1997,1,37.2085478876,0.318,67.350841652,0.17,0.125
0226-038,1997,1,37.2217134604,0.135,-3.6269794545,0.286,-0.101
0229+131,1997,117,37.9412251985,0.16,13.3818656302,0.234,-0.009
0234+285,1997,35,39.4683569993,0.071,28.8024972416,0.103,-0.403
0235+164,1997,13,39.6622087709,0.294,16.6164651853,0.541,-0.141
0237+040,1997,1,39.9635958668,1.117,4.2726144967,1.019,0.015
0237-027,1997,4,39.9394677761,0.157,-2.5780318116,0.333,-0.2
0237-233,1997,2,40.0340602803,0.2,-23.1543691486,0.423,0.32
0238-084,1997,34,40.269993898,0.163,-8.2557643558,0.274,-0.228
0239+108,1997,10,40.6215452481,0.154,11.0168688845,0.268,-0.347
0240-060,1997,1,40.8019561216,0.106,-5.8486933422,0.241,-0.145
0240-217,1997,2,40.6496244871,0.221,-21.5405375345,0.503,0.089
0241+622,1997,1,41.2404032078,1.965,62.4684765389,0.818,0.128
0244-128,1997,1,41.7436241872,0.209,-12.6085547598,0.497,-0.503
0244-297,1997,1,41.5894218018,1.442,-29.5849780493,2.965,0.095
0245-167,1997,1,42.0322175725,0.209,-16.5295515364,0.568,-0.101
0248+430,1997,2,42.8939031073,0.197,43.2543969973,0.22,0.298
0250-225,1997,2,43.1998068476,0.203,-22.3237405741,0.49,0.007
0251+785,1997,1,44.4690428239,1.778,78.7297384046,0.208,-0.441
0253-218,1997,2,44.0534954775,0.244,-21.6247625767,0.718,-0.27
0256+075,1997,5,44.8628192415,0.186,7.7943454134,0.35,-0.165
0256-005,1997,1,44.8688173049,0.096,-0.333326397,0.221,-0.316
0300+470,1997,2,45.8968425565,0.191,47.2711876689,0.163,0.005
0306+102,1997,8,47.2650979042,0.198,10.4878724637,0.342,-0.247
0309+411,1997,1,48.2581755906,0.188,41.3336620574,0.181,-0.186
0313-171,1997,1,48.8653264392,0.982,-16.9415866416,1.352,0.249
0316+413,1997,9,49.9506656899,1.853,41.5116970691,1.291,-0.173
0317+188,1997,2,49.9635697831,0.36,19.0253583823,0.563,-0.542
0319+121,1997,2,50.4712646135,0.148,12.3538764317,0.289,-0.239
0323-244,1997,2,51.3056026872,0.186,-24.2633479596,0.446,-0.044
0325-222,1997,2,51.9996834057,0.277,-22.0351099943,0.61,-0.051
0326+277,1997,2,52.4902891869,0.193,27.9376387153,0.272,-0.192
0327-241,1997,2,52.475314832,0.141,-23.9524371237,0.344,-0.084
0329-110,1997,1,52.9614858472,0.281,-10.8654176414,0.7,-0.438
0331+022,1997,2,53.5414496216,3.139,2.436013627,2.339,0.451
0333+321,1997,4,54.1254482928,0.171,32.3081507052,0.187,-0.106
0334-131,1997,1,54.1459825262,0.138,-13.0346277419,0.34,-0.184
0335-122,1997,1,54.4810482753,2.061,-12.0679284883,3.877,0.37
0336-019,1997,68,54.8789074192,0.118,-1.776612213,0.215,0.22
0338-214,1997,7,55.1483660816,0.162,-21.3253256135,0.399,-0.053
0341+158,1997,2,56.0965506904,0.352,15.9953804074,0.672,0.13
0341-256,1997,2,55.8313499861,0.962,-25.5048342655,2.252,0.1
0342+147,1997,2,56.2767355655,0.208,14.8970997012,0.332,0.028
0346+800,1997,1,58.6921912338,2.717,80.158013301,0.472,-0.761
0346-163,1997,1,57.1636280439,0.124,-16.171597861,0.294,-0.11
0346-279,1997,1,57.1589356097,0.095,-27.8204347432,0.235,-0.119
0347-211,1997,2,57.4909444678,0.106,-21.046594836,0.264,-0.114
0348-120,1997,1,57.795737223,0.319,-11.8896291149,0.802,-0.457
0355+508,1997,4,59.8739470113,0.235,50.9639337449,0.166,-0.029
0355-079,1997,1,59.4303886157,0.193,-7.8540466124,0.449,-0.432
0357-263,1997,2,59.8903406402,1.729,-26.2587024195,3.724,-0.298
0359-294,1997,1,60.3395151853,1.774,-29.3574529677,2.648,0.639
0402-362,1997,13,60.9739578963,0.138,-36.0838648889,0.316,0.162
0403-132,1997,3,61.3916807814,0.113,-13.137136383,0.27,-0.216
0403-179,1997,1,61.5510188679,0.235,-17.8327575489,0.524,-0.136
0405+304,1997,1,62.0849064611,1.03,30.5418022484,1.745,0.574
0405-123,1997,1,61.9517957972,0.113,-12.1935166041,0.238,-0.098
0405-385,1997,2,61.745980474,0.103,-38.4411230853,0.247,0.353
0406-056,1997,1,62.2485402906,3.011,-5.4945969416,8.393,0.612
0406-127,1997,3,62.2740405326,0.143,-12.6467067117,0.365,-0.205
0407-170,1997,1,62.4055586513,2.542,-16.9265363906,4.425,-0.659
0409+229,1997,3,63.1819452544,0.455,23.0848480626,0.695,-0.585
0413-210,1997,2,64.018165591,0.125,-20.9409771911,0.294,-0.268
0414-189,1997,3,64.1522685517,0.099,-18.8523167409,0.232,-0.126
0418-151,1997,1,65.0766390285,0.154,-15.0240489948,0.377,-0.221
0420+417,1997,2,65.9833741701,0.235,41.8340869052,0.181,0.22
0420-014,1997,10,65.8158363394,0.103,-1.3425182428,0.219,-0.35
0422+004,1997,1,66.1951752945,0.38,0.6017579723,1.206,-0.75
0423+051,1997,1,66.6525171405,0.195,5.3055199593,0.381,-0.22
0423+233,1997,2,66.7322283355,0.452,23.4610093373,0.646,-0.215
0423-163,1997,1,66.4732194675,2.81,-16.2111801332,4.505,0.567
0426+273,1997,5,67.4706698681,0.224,27.410521227,0.27,-0.063
0430+052,1997,9,68.2962314027,0.063,5.3543387065,0.12,-0.075
0430+289,1997,7,68.407624414,0.19,29.0987436026,0.274,-0.134
0432-148,1997,1,68.5792713027,0.166,-14.7153770206,0.387,-0.312
0434-188,1997,4,69.256178129,0.117,-18.7468371901,0.273,-0.259
0436-089,1997,1,69.65781886,2.18,-8.8059746411,2.047,0.314
0436-129,1997,1,69.6459208557,0.107,-12.8509330418,0.262,-0.21
0436-203,1997,2,69.7103728946,2.257,-20.2073317013,4.132,-0.703
0437-454,1997,1,69.7535616969,2.586,-45.3729342961,0.87,-0.673
0438-436,1997,1,70.071584026,1.82,-43.5523902251,0.65,-0.553
0440+345,1997,1,70.8818134202,0.121,34.685184507,0.16,-0.067
0440-003,1997,1,70.6610864231,0.093,-0.2953946115,0.191,0.056
0440-285,1997,1,70.6569050427,0.188,-28.425232161,0.46,-0.011
0446+112,1997,1,72.2819629229,0.136,11.3579433876,0.25,0.072
0448-187,1997,2,72.6496234577,0.196,-18.6167799772,0.458,-0.169
0451-282,1997,1,73.311028225,0.104,-28.1270356324,0.277,-0.059
0454+844,1997,5,77.1765147215,2.2,84.5345955942,0.228,-0.214
0454-088,1997,1,74.3342203084,0.663,-8.8181902596,0.986,0.217
0454-234,1997,88,74.2632467796,0.145,-23.4144500411,0.249,0.167
0457+024,1997,3,74.9668777656,0.154,2.4919933613,0.303,-0.06
0458-020,1997,118,75.3033745273,0.143,-1.9872934289,0.289,-0.247
0500+019,1997,2,75.8383215925,0.126,2.0512989927,0.271,-0.259
0502+049,1997,1,76.3466030586,0.129,4.9952012892,0.239,0.135
0506+101,1997,1,77.364404394,0.121,10.1957223117,0.226,-0.074
0507+179,1997,4,77.5098712887,0.391,18.011550472,0.578,0.038
0511-220,1997,2,78.4546429727,0.149,-21.9878033882,0.342,-0.52
0514-161,1997,1,79.0663722475,0.27,-16.0521207162,0.499,-0.082
0521-262,1997,2,80.826956492,0.328,-26.2359876182,0.842,-0.21
0521-365,1997,4,80.7416028637,0.794,-36.4585694321,1.256,0.367
0528+134,1997,114,82.7350697837,0.084,13.5319859881,0.143,-0.08
0528-250,1997,3,82.5331782775,0.134,-25.0583054641,0.358,-0.326
0529+075,1997,1,83.1624937792,0.85,7.5453738835,0.954,0.15
0537-158,1997,3,84.8833755368,0.175,-15.8417560342,0.442,0.043
0537-286,1997,1,84.9761728154,0.106,-28.6655410174,0.27,-0.191
0537-441,1997,32,84.7098397678,0.299,-44.0858163932,0.358,0.572
0538+498,1997,1,85.6505745831,0.199,49.8520094237,0.137,0.048
0539-057,1997,2,85.4086806223,0.113,-5.6970633065,0.242,-0.445
0544+273,1997,6,86.8922872014,0.239,27.3657895332,0.331,-0.126
0552+398,1997,134,88.8783567289,0.083,39.8136569706,0.081,-0.037
0554+242,1997,4,89.2696399128,0.303,24.232027415,0.35,0.342
0555-132,1997,1,89.5106112782,0.098,-13.2947765865,0.221,-0.292
0556+238,1997,36,89.8834714199,0.08,23.898313051,0.123,-0.181
0601-172,1997,1,90.990551843,0.104,-17.2745051324,0.243,-0.102
0605-085,1997,3,91.9987468757,0.087,-8.5805495822,0.204,-0.234
0606-223,1997,2,92.2486951862,0.111,-22.3391546506,0.267,-0.141
0607-157,1997,2,92.4206230231,0.07,-15.7112980016,0.159,-0.126
0610+260,1997,1,93.4589132583,0.471,26.0768665252,0.542,0.089
0611+131,1997,1,93.4903864338,0.152,13.1126113941,0.292,-0.057
0615+820,1997,2,96.5125254563,0.993,82.0404355127,0.204,-0.197
0618-252,1997,2,95.1338206515,0.133,-25.2548570405,0.3,-0.031
0620+389,1997,1,96.0792559543,1.287,38.9468708941,0.559,-0.658
0627-199,1997,2,97.3490077582,0.096,-19.9888122496,0.228,0.008
0637-337,1997,1,99.8371027493,1.714,-33.7666981128,1.055,-0.492
0637-752,1997,29,98.9437828508,0.897,-75.2713376517,0.187,0.067
0642+214,1997,1,101.3504147324,0.148,21.3642227275,0.229,-0.118
0642+449,1997,59,101.6334415948,0.083,44.8546083733,0.077,-0.105
0645+858,1997,1,105.6367449088,29.442,85.8312437713,1.942,-0.853
0648-165,1997,2,102.6024244203,0.087,-16.6277015825,0.206,-0.21
0650+371,1997,1,103.4928449926,0.163,37.0946128339,0.173,0.135
0657+172,1997,6,105.0063564433,0.23,17.1560281458,0.314,-0.195
0711+356,1997,1,108.6034060691,0.144,35.5777212566,0.179,-0.149
0716+714,1997,2,110.4727021209,0.655,71.3434342578,0.261,0.29
0718+792,1997,59,111.5488967839,1.747,79.191948957,0.348,-0.05
0722+145,1997,1,111.3200323646,0.104,14.4204851917,0.177,-0.156
0723-008,1997,3,111.4609999029,0.146,-0.9157068784,0.297,-0.441
0727-025,1997,1,112.6078233169,0.152,-2.6902510481,0.33,-0.037
0727-115,1997,129,112.5796352967,0.126,-11.6868334629,0.209,-0.196
0733-174,1997,2,113.9408853817,0.197,-17.5968062249,0.362,0.223
0735+178,1997,10,114.5308073265,0.211,17.7052772601,0.3,0.012
0736+017,1997,4,114.8251412335,0.133,1.617949413,0.222,-0.374
0736-063,1997,1,114.7382314059,0.182,-6.4494600383,0.363,0.078
0738+313,1997,1,115.2945970647,0.107,31.2000633585,0.14,-0.112
0740+828,1997,1,117.740648444,1.002,82.6994532919,0.24,0.005
0742+103,1997,9,116.3877480566,0.05,10.1868588746,0.102,-0.333
0742+792,1997,1,117.6802734901,3.746,79.1547229023,1.263,0.491
0743+259,1997,2,116.6078091318,0.445,25.8172596117,0.791,-0.23
0743-006,1997,1,116.4753429895,0.09,-0.738205684,0.187,-0.064
0745+241,1997,7,117.1504553559,0.183,24.0066972529,0.253,-0.376
0748+126,1997,1,117.7168572819,0.091,12.5180078873,0.145,-0.021
0749+540,1997,39,118.255769093,0.139,53.8832325195,0.098,-0.056
0754+100,1997,1,119.2776789533,0.096,9.9430145583,0.165,-0.127
0802-010,1997,1,121.3037019889,0.099,-1.1871653709,0.228,-0.172
0802-276,1997,1,121.2143800717,0.311,-27.8198113404,0.611,0.018
0804+499,1997,74,122.1652762084,0.129,49.8434806621,0.103,-0.05
0804-055,1997,1,121.7900732952,0.183,-5.6871985783,0.45,-0.236
0804-267,1997,2,121.5530107825,0.233,-26.8759190407,0.542,-0.009
0805+410,1997,11,122.2360501713,0.198,40.8791357971,0.223,0.089
0805-077,1997,2,122.0647334936,0.106,-7.852746215,0.249,-0.222
0805-119,1997,1,121.8999954657,0.482,-12.1288096689,1.062,-0.084
0810-180,1997,1,123.1188164262,0.214,-18.1785592204,0.472,0.293
0812+367,1997,1,123.8581035511,0.123,36.5875414348,0.148,-0.017
0812-252,1997,2,123.729708339,2.03,-25.3622010536,2.57,0.292
0814+425,1997,2,124.566664927,0.142,42.3792819306,0.141,-0.077
0814-029,1997,1,124.3645251584,1.51,-3.1270309466,1.965,0.612
0818-128,1997,3,125.2393650864,0.148,-12.983102584,0.312,-0.052
0819-032,1997,1,125.4168227618,0.69,-3.3868151414,1.55,-0.317
0820+560,1997,3,126.1968181354,0.239,55.8785193449,0.23,-0.098
0821+394,1997,1,126.2311827025,0.114,39.27830669,0.125,-0.037
0821+621,1997,1,126.4108845893,0.673,61.9579387596,0.29,-0.146
0823+033,1997,69,126.4597431334,0.132,3.1568110565,0.268,0.329
0823-223,1997,2,126.5065538462,0.138,-22.5075564416,0.343,-0.419
0827+243,1997,8,127.7170258145,0.163,24.1832834587,0.217,-0.144
0828+493,1997,1,128.0967362943,0.224,49.2225105343,0.167,0.128
0829+046,1997,2,127.9536539232,0.134,4.4941905307,0.227,0.074
0834-201,1997,2,129.1633968793,0.106,-20.2831956045,0.248,-0.087
0834-223,1997,2,129.2115366494,1.425,-22.5528027971,2.318,-0.035
0836+710,1997,1,130.3515223385,0.321,70.8950480767,0.138,0.095
0839+187,1997,2,130.5212256592,0.158,18.5947195173,0.273,0.108
0843-259,1997,2,131.5030577786,3.205,-26.1817103947,4.736,-0.127
0850+581,1997,2,133.674985187,0.219,57.958316464,0.137,-0.068
0851+202,1997,87,133.7036455382,0.081,20.108511337,0.133,-0.054
0855-196,1997,2,134.5223467682,0.125,-19.8435931279,0.315,0.156
0858-279,1997,1,135.1668282605,0.335,-28.1389853621,0.642,-0.086
0859-140,1997,2,135.5701287581,0.093,-14.2585764429,0.226,-0.045
0902-256,1997,2,136.2174417615,0.487,-25.8810434549,0.823,0.03
0906+015,1997,2,137.2920482059,0.21,1.3598935685,0.377,0.249
0912+029,1997,1,138.6579726369,0.115,2.7664574,0.225,0.069
0913+786,1997,1,139.9689987482,2.309,78.4240439079,0.634,0.719
0915-213,1997,2,139.3625679344,0.189,-21.5262395871,0.481,-0.25
0916+864,1997,1,142.4294008337,25.207,86.2059103749,3.661,-0.06
0917+449,1997,1,140.2435770832,0.129,44.6983291902,0.129,0.028
0917+624,1997,19,140.4009629203,0.221,62.2644945075,0.115,-0.091
0919-260,1997,12,140.3723077899,0.115,-26.3120517844,0.274,0.04
0920+390,1997,4,140.8102204787,0.349,38.8277528697,0.445,-0.232
0920-397,1997,8,140.6934092463,0.237,-39.9930744092,0.597,-0.418
0921-213,1997,2,140.9120215366,0.389,-21.5964244021,0.772,0.212
0923+392,1997,108,141.7625580541,0.067,39.0391255301,0.071,0.062
0925-203,1997,3,141.9659346759,0.121,-20.5808980766,0.325,-0.223
0931-114,1997,1,143.3935563522,0.243,-11.6570768943,0.512,-0.468
0941-080,1997,1,145.9039349,2.494,-8.3252260043,3.538,-0.277
0949+354,1997,1,148.1334424045,0.111,35.2145563599,0.094,-0.285
0951+693,1997,9,148.8882211506,1.234,69.0652947134,0.434,0.231
0952+179,1997,7,148.7367650272,0.199,17.7253394003,0.388,-0.125
0953+254,1997,43,149.2078140841,0.113,25.2544583156,0.189,0.121
0954+658,1997,5,149.6968545615,0.445,65.5652272229,0.243,-0.324
0955+326,1997,1,149.5872901178,0.123,32.4006136886,0.133,-0.017
0955+476,1997,121,149.5819652402,0.119,47.4188451107,0.102,-0.024
1003+830,1997,1,152.5657631693,1.837,82.8373289139,0.244,0.651
1004+141,1997,58,151.9229086774,0.154,13.9415557999,0.241,-0.314
1004-018,1997,1,151.7681247675,0.138,-2.1196997069,0.293,-0.076
1004-217,1997,2,151.6933903613,0.119,-21.9890029234,0.277,-0.189
1006-093,1997,1,152.1827721676,0.293,-9.5564887397,0.665,-0.079
1008-017,1997,1,152.7152779123,0.168,-2.0054374509,0.407,-0.445
1011+250,1997,1,153.4726200034,0.144,24.8212335963,0.161,0.132
1012+232,1997,2,153.696106118,0.119,23.021269642,0.185,-0.049
1014+615,1997,4,154.3578650089,0.277,61.274304625,0.125,0.024
1021-006,1997,2,156.1232773465,0.347,-0.8820829933,0.582,0.7
1022+194,1997,4,156.1867066198,0.283,19.2056709571,0.554,-0.229
1027-186,1997,2,157.3879070626,0.128,-18.8806358107,0.283,-0.287
1029-222,1997,2,157.9679671632,1.749,-22.4736041184,3.096,0.587
1030+415,1997,1,158.265449535,0.158,41.2683980589,0.212,0.038
1032-199,1997,3,158.7589804397,0.113,-20.1928776305,0.264,-0.134
1034-058,1997,1,159.1982208445,0.18,-6.0947735485,0.366,0.103
1034-293,1997,93,159.3169989048,0.2,-29.5674481358,0.368,0.005
1035-281,1997,1,159.4269061632,0.848,-28.3844752603,1.47,-0.769
1036-154,1997,1,159.7779379774,0.17,-15.6851921627,0.375,-0.305
1038+064,1997,8,160.3215104821,0.2,6.1713674156,0.443,-0.478
1038+528,1997,27,160.4449234945,0.345,52.5578420488,0.267,-0.079
1038+529,1997,1,160.4537396839,2.608,52.5654471202,1.625,-0.494
1039+811,1997,3,161.0960941006,0.928,80.910956388,0.152,0.11
1040+123,1997,2,160.6858551972,0.207,12.0586845303,0.335,0.122
1042+071,1997,2,161.2329634199,0.188,6.9272952077,0.381,-0.164
1043+066,1997,1,161.4697217967,0.644,6.4101259641,2.837,-0.58
1043-291,1997,1,161.4192735294,0.94,-29.4573159104,2.239,0.267
1044+719,1997,70,162.1150831938,0.166,71.7266494916,0.054,-0.042
1044-128,1997,1,161.7663788185,0.411,-13.1423382059,0.783,0.095
1045-188,1997,4,162.0275859069,0.115,-19.1599241053,0.264,-0.2
1053+704,1997,2,164.2234062127,0.469,70.1960877109,0.189,0.112
1053+815,1997,3,164.5480642476,0.73,81.2424097366,0.082,0.179
1054-234,1997,2,164.3517555473,2.132,-23.7004754068,3.825,0.866
1055+018,1997,6,164.623354976,0.154,1.566339863,0.307,-0.423
1055-242,1997,1,164.4808740713,15.543,-24.5635743436,22.885,0.607
1055-248,1997,2,164.4755569947,0.286,-25.1580730638,0.755,0.117
1056-113,1997,1,164.8017766624,0.19,-11.5729944069,0.478,-0.056
1057-797,1997,25,164.6804575314,1.11,-80.0650443854,0.198,0.085
1100+798,1997,1,166.023164278,26.741,79.5480429085,2.088,0.894
1101+384,1997,31,166.1138081139,0.126,38.2088330962,0.139,-0.115
1102-242,1997,2,166.1924019191,0.18,-24.5238334732,0.402,-0.203
1104+728,1997,1,166.9238440593,0.848,72.5433345695,0.384,0.212
1104-445,1997,3,166.7862256335,0.934,-44.8187831498,2.877,-0.051
1107-187,1997,2,167.501695394,0.98,-18.9802067993,1.739,-0.378
1110-217,1997,2,168.2077029018,1.239,-21.9748200634,2.318,-0.332
1111+149,1997,3,168.4945628628,0.227,14.7074868479,0.415,-0.269
1112-080,1997,1,168.6356278113,0.139,-8.277500883,0.316,-0.027
1115-122,1997,1,169.5714223308,0.137,-12.5484062394,0.32,-0.019
1117-124,1997,1,170.050335512,0.176,-12.7271748523,0.433,0.045
1117-270,1997,1,170.0674657232,0.186,-27.3184349235,0.397,-0.153
1118-056,1997,1,170.3546169222,0.107,-5.8990111256,0.247,0.019
1118-140,1997,1,170.2315151793,0.187,-14.3416459515,0.401,-0.042
1119-252,1997,2,170.5239300428,0.292,-25.5427309904,0.64,-0.24
1123+264,1997,1,171.4737996271,0.118,26.1722163291,0.156,-0.132
1124-073,1997,1,171.8018177858,0.089,-7.586712294,0.207,-0.013
1124-186,1997,52,171.7683019019,0.126,-18.9548449216,0.309,0.333
1127-145,1997,1,172.5293859217,0.115,-14.8242743949,0.231,-0.281
1128+385,1997,101,172.7220108986,0.113,38.2551519269,0.127,-0.049
1128-047,1997,2,172.8771531428,0.148,-5.0054604735,0.347,-0.144
1130+009,1997,3,173.3335658049,0.175,0.6813436925,0.39,-0.407
1133+704,1997,4,174.1100349771,0.947,70.1575852338,0.243,0.074
1133-032,1997,1,174.1024039127,0.103,-3.5081934818,0.238,-0.107
1136-135,1997,1,174.7945940651,0.431,-13.8454554383,0.895,-0.021
1136-156,1997,1,174.8732336288,0.17,-15.8810148931,0.384,0.276
1142+198,1997,5,176.2708710471,0.354,19.6063170632,0.698,0.171
1142-225,1997,2,176.3418616552,0.315,-22.8420398443,0.575,-0.134
1143-245,1997,2,176.5337637078,0.15,-24.7924714428,0.324,0.028
1143-287,1997,1,176.6091191819,0.16,-28.9884734204,0.352,-0.265
1144+402,1997,5,176.7429079371,0.188,39.976195752,0.203,-0.143
1144-379,1997,42,176.7557112751,0.237,-38.2030621573,0.349,0.509
1145-071,1997,17,176.9648084681,0.1,-7.411428137,0.229,-0.306
1146+596,1997,2,177.2098258926,1.921,59.4156613409,1.101,-0.061
1146-037,1997,1,177.2328533082,0.194,-4.0693231536,0.375,-0.097
1147+245,1997,1,177.5800507355,0.143,24.2982876283,0.182,-0.016
1148-001,1997,3,177.682794833,0.173,-0.3983903403,0.32,0.015
1148-171,1997,1,177.7633486041,0.25,-17.3999564378,0.534,-0.171
1149-084,1997,1,178.0717063136,0.087,-8.6842538498,0.207,-0.098
1150+497,1997,1,178.3519443872,0.169,49.5191194827,0.125,0.08
1150+812,1997,1,178.3020801789,1.539,80.9747651351,0.167,0.502
1150-108,1997,1,178.3429739216,0.283,-11.0868300518,0.635,-0.024
1153-119,1997,1,178.9034140731,1.26,-12.2765286552,2.131,-0.158
1155+251,1997,1,179.6074480066,0.472,24.8383235009,0.511,-0.199
1156+295,1997,61,179.8826412945,0.126,29.2455074744,0.185,-0.123
1156-094,1997,1,179.8029655832,0.238,-9.6811247245,0.48,0.159
1156-221,1997,2,179.7969468846,0.269,-22.476917228,0.625,0.271
1157-215,1997,2,179.9662755,0.158,-21.8149187873,0.336,-0.268
1200-051,1997,1,180.6426036115,0.105,-5.4673586571,0.246,-0.008
1202-262,1997,2,181.388384617,0.261,-26.5679064895,0.593,-0.549
1206-202,1997,2,182.3108790406,0.17,-20.5441638679,0.357,-0.005
1206-238,1997,2,182.2601879467,0.153,-24.1057664166,0.336,0.087
1209-191,1997,2,182.9905775769,1.832,-19.4354609913,2.389,0.487
1209-220,1997,2,183.0154066908,0.213,-22.3643092581,0.483,-0.477
1210-097,1997,1,183.3455953194,0.197,-10.0570189982,0.491,-0.051
1213-102,1997,1,184.1016773971,0.137,-10.5543390197,0.344,-0.092
1213-172,1997,3,183.944799015,0.09,-17.5292787012,0.193,-0.092
1215+303,1997,2,184.4670081072,0.214,30.1168432959,0.278,-0.127
1215-002,1997,1,184.494704496,0.815,-0.4961945322,1.661,-0.571
1216+487,1997,1,184.776728151,0.191,48.4989345924,0.131,0.0
1216-010,1997,1,184.6455408655,0.148,-1.3317616978,0.328,0.123
1217+023,1997,1,185.0495195825,0.563,2.0617295269,2.458,0.253
1218-024,1997,1,185.3497548858,0.165,-2.6971136812,0.356,0.129
1219+044,1997,81,185.5939567598,0.13,4.2210488962,0.289,-0.35
1219+285,1997,3,185.3820438735,0.283,28.2329166666,0.327,-0.202
1221+809,1997,3,185.918724165,1.15,80.6678723398,0.175,0.03
1222+037,1997,5,186.2184247675,0.179,3.5139702477,0.294,-0.76
1226+023,1997,9,187.2779167178,1.348,2.0523888162,1.32,-0.317
1226-028,1997,4,187.1538220331,0.544,-3.0775866172,0.983,0.214
1228+126,1997,59,187.7059307687,0.116,12.3911232942,0.193,-0.262
1228-113,1997,1,187.7314830588,0.453,-11.6527210977,0.955,-0.499
1229-021,1997,1,188.0000667468,0.118,-2.4013317094,0.251,0.029
1230-101,1997,1,188.3048535323,0.258,-10.4217885116,0.565,0.42
1236+077,1997,3,189.8524512651,0.37,7.5047747353,0.484,-0.25
1237-101,1997,2,189.9294230235,0.104,-10.3913034831,0.249,0.008
1237-113,1997,2,189.9976326428,1.07,-11.6230548037,3.84,-0.402
1239+376,1997,2,190.5408850349,0.419,37.3349142863,0.826,0.29
1243-072,1997,8,191.517633748,0.134,-7.5129374678,0.286,-0.529
1243-160,1997,1,191.4739261876,0.08,-16.2793624634,0.183,-0.033
1244-255,1997,3,191.6950083259,0.112,-25.7970244971,0.276,-0.153
1245-062,1997,1,192.095731889,0.094,-6.5360604516,0.226,-0.086
1245-197,1997,2,192.0995755433,0.701,-19.9884968253,1.1,0.56
1245-235,1997,2,191.9972963133,2.22,-23.8164668711,3.527,0.483
1252+119,1997,2,193.6593984244,0.145,11.6849707213,0.276,-0.072
1253-055,1997,17,194.0465273631,0.065,-5.7893125673,0.222,-0.337
1255-177,1997,1,194.6595904768,0.084,-18.0008681275,0.198,-0.28
1255-316,1997,26,194.496086718,0.188,-31.9213476494,0.451,0.701
1256+802,1997,1,194.3821911272,43.993,79.967358024,14.036,0.297
1256-220,1997,2,194.7269949374,0.095,-22.325312582,0.223,-0.277
1256-229,1997,2,194.7852584975,0.136,-23.1774039363,0.312,-0.219
1256-243,1997,2,194.8026067214,0.459,-24.6015288575,1.041,0.154
1257+145,1997,1,195.0871618153,0.258,14.2884806347,0.473,0.484
1300+580,1997,30,195.7186053853,0.195,57.8104470184,0.136,-0.012
1300-105,1997,1,195.8077830593,0.247,-10.8547580531,0.531,0.188
1302-034,1997,1,196.1818426623,0.2,-3.7673753111,0.413,-0.064
1302-102,1997,7,196.3875625624,0.179,-10.5553969105,0.351,-0.551
1302-285,1997,1,196.2852858056,0.565,-28.8450072021,1.233,0.364
1303-170,1997,1,196.6360854557,0.203,-17.3162190709,0.537,-0.073
1304+791,1997,1,196.2500592955,2.272,78.9099434365,0.204,0.188
1308+326,1997,105,197.6194327048,0.115,32.3454952786,0.12,-0.112
1308+328,1997,7,197.7475114238,0.31,32.5595692397,0.372,-0.127
1310-041,1997,1,198.2120884866,0.194,-4.4138588617,0.405,0.041
1310-271,1997,2,198.2559227617,3.147,-27.3830118756,7.5,-0.107
1313-333,1997,12,199.0332747796,0.15,-33.6497701115,0.374,-0.266
1314-134,1997,1,199.4022404715,0.276,-13.7590699762,0.561,0.476
1316-120,1997,1,199.800300235,0.179,-12.2922579807,0.362,0.307
1318-263,1997,2,200.3084871777,0.488,-26.6029072416,1.5,-0.678
1319-093,1997,1,200.6538026743,0.112,-9.6271667414,0.245,0.095
1321-105,1997,1,201.1074713697,0.165,-10.8230926905,0.36,0.178
1322+835,1997,1,200.440040142,7.564,83.270395258,0.411,-0.332
1323+799,1997,1,200.9648747314,2.063,79.7144019374,0.161,0.073
1324+224,1997,1,201.7535888481,0.122,22.1806008025,0.182,-0.131
1328+307,1997,1,202.7845334671,0.607,30.5091554578,0.489,0.474
1329-049,1997,1,203.0186027994,0.167,-5.1620293898,0.339,0.241
1330+476,1997,1,203.1885267355,0.623,47.3729632604,0.471,0.037
1331-115,1997,1,203.5174615559,0.213,-11.8372976686,0.42,0.344
1331-195,1997,2,203.4382318661,0.837,-19.8450954935,2.128,0.02
1333-049,1997,1,203.9853197074,0.216,-5.1949054517,0.422,0.29
1333-082,1997,1,204.0344159032,0.17,-8.4977214804,0.379,0.152
1334-127,1997,117,204.4157615902,0.118,-12.9568592819,0.252,-0.278
1336-237,1997,2,204.7572765931,0.12,-24.0205571262,0.29,-0.218
1336-260,1997,2,204.8328782305,0.159,-26.3418045032,0.35,-0.103
1337-013,1997,1,205.0192294921,0.318,-1.6295953197,0.596,0.497
1338+381,1997,2,205.095632549,0.581,37.9121757884,0.879,-0.204
1339-206,1997,2,205.5197479984,0.229,-20.8582057952,0.507,-0.201
1339-287,1997,1,205.5639402392,0.163,-29.0116198709,0.378,-0.099
1340-175,1997,1,205.9058928195,0.319,-17.7987348328,0.618,0.048
1342+663,1997,1,206.0361653099,0.349,66.1032343917,0.126,0.156
1346-113,1997,1,207.3810135737,0.227,-11.5482861421,0.46,0.26
1347-218,1997,2,207.5587088789,0.649,-22.0780771063,1.298,0.221
1349-145,1997,1,207.969373406,0.158,-14.8207100025,0.436,-0.204
1351-018,1997,38,208.5287305082,0.156,-2.1008862611,0.308,-0.026
1352-104,1997,8,208.693827841,0.222,-10.6840711985,0.49,-0.393
1354+195,1997,2,209.2684859901,0.158,19.318714546,0.252,-0.365
1354-152,1997,6,209.2968540795,0.144,-15.457996514,0.315,-0.719
1354-174,1997,4,209.2753092157,0.203,-17.733862341,0.419,-0.339
1357+769,1997,106,209.480714685,0.302,76.7225141379,0.071,-0.001
1358-090,1997,1,210.2722159957,0.214,-9.2754367232,0.495,-0.324
1359-281,1997,1,210.5100071313,0.268,-28.3736511691,0.701,-0.222
1401+000,1997,1,211.050516582,0.138,-0.2236364837,0.267,-0.086
1402+044,1997,2,211.2546658415,0.27,4.2599495972,0.447,-0.189
1402-012,1997,2,211.1912310387,0.381,-1.506096504,0.609,0.435
1402-144,1997,1,211.386947322,0.212,-14.6717489607,0.629,-0.345
1403-085,1997,1,211.5029243964,0.2,-8.8019112348,0.44,-0.298
1404+286,1997,9,211.7516434044,0.077,28.4540806374,0.107,-0.191
1404-267,1997,2,211.8740093871,1.534,-27.0178594,2.797,0.16
1405-287,1997,1,212.2067237917,0.189,-29.0065579637,0.427,0.203
1406+787,1997,1,211.6523610912,4.087,78.4695574114,0.382,-0.453
1406-076,1997,7,212.2353383552,0.176,-7.8740740129,0.386,-0.547
1406-230,1997,2,212.2999007214,1.203,-23.2637811899,2.72,-0.311
1406-267,1997,2,212.459040724,0.125,-26.9602721897,0.301,-0.061
1409+218,1997,1,212.9785924196,0.388,21.5731771456,0.71,-0.33
1413+135,1997,2,213.9950729313,0.348,13.3399202595,0.685,-0.436
1417+273,1997,2,214.9970712666,0.376,27.1070981056,0.485,0.178
1417-192,1997,2,214.9572448987,0.138,-19.4736854454,0.319,-0.07
1418+546,1997,22,214.9441558331,0.118,54.387440846,0.076,-0.164
1418-065,1997,1,215.2823150385,0.443,-6.7323210901,0.722,0.523
1420+326,1997,1,215.6265788055,0.516,32.3862334739,0.496,-0.475
1424+240,1997,1,216.7516330167,0.566,23.8000101425,0.692,-0.443
1424-418,1997,38,216.9845731444,0.273,-42.1053993378,0.492,0.508
1427+543,1997,1,217.3411616749,0.264,54.1030896784,0.182,-0.317
1428+422,1997,2,217.5989234491,0.65,42.0768032932,0.74,0.177
1430+365,1997,1,218.1659567188,0.47,36.3022037621,0.996,-0.16
1430-155,1997,1,218.339413785,0.086,-15.8124132515,0.185,-0.084
1430-178,1997,2,218.2403776571,0.227,-18.0264579906,0.471,-0.442
1435+638,1997,1,219.190842432,0.392,63.6105184344,0.145,0.216
1435-218,1997,3,219.5394557594,0.115,-22.081874598,0.266,-0.073
1437-153,1997,1,219.9869668774,0.105,-15.5307097876,0.236,-0.058
1442+101,1997,2,221.3186050617,0.291,9.9766868289,0.404,0.255
1443-162,1997,1,221.4724011792,0.202,-16.4837832531,0.468,-0.066
1445-161,1997,2,222.0627255731,0.192,-16.340152527,0.443,-0.569
1446-111,1997,1,222.2131671423,0.753,-11.3710384436,1.683,0.683
1448+762,1997,1,222.1199130155,1.66,76.0198881088,0.231,0.318
1449-012,1997,1,222.9475513008,0.158,-1.4598077113,0.347,-0.481
1451-248,1997,2,223.6945789182,1.738,-25.0868029895,4.609,-0.622
1451-375,1997,11,223.6142073471,0.226,-37.7925402998,0.513,-0.054
1451-400,1997,1,223.6371343912,1.057,-40.2090324188,2.209,0.257
1452-168,1997,1,223.761711011,0.995,-17.0038758452,1.65,0.039
1458+718,1997,1,224.7815993153,0.434,71.6721853061,0.172,-0.087
1502+036,1997,2,226.2769881672,0.15,3.4418924545,0.296,-0.217
1503-091,1997,1,226.5126458623,1.485,-9.3200152796,2.534,0.201
1504+377,1997,1,226.5397082075,0.132,37.5142034022,0.141,-0.021
1504-166,1997,10,226.7699457155,0.111,-16.8750741024,0.246,-0.794
1508+572,1997,9,227.5121765235,0.343,57.0453821416,0.207,0.076
1508-055,1997,4,227.7232976214,0.144,-5.7187271401,0.335,-0.38
1510+835,1997,1,226.6029798015,5.622,83.3244544291,0.516,-0.397
1510-089,1997,8,228.2105539327,0.121,-9.0999528665,0.265,-0.364
1511-100,1997,2,228.4370559282,0.096,-10.2000735798,0.224,-0.219
1511-210,1997,2,228.4873755374,0.103,-21.2493075432,0.253,-0.067
1514+197,1997,2,229.2366506789,0.197,19.5369421976,0.269,-0.128
1514-241,1997,26,229.4242214084,0.09,-24.3720767363,0.235,-0.556
1519-273,1997,10,230.6569832456,0.104,-27.5029958819,0.235,-0.853
1519-294,1997,1,230.6061931262,0.123,-29.6070086218,0.297,-0.039
1522+791,1997,1,230.261658779,3.782,78.9750721166,0.445,-0.545
1524-136,1997,1,231.7476695691,1.657,-13.8500455287,2.66,-0.309
1532+016,1997,1,233.7185571119,0.877,1.5178349712,0.681,-0.505
1538+149,1997,2,235.2062146241,0.115,14.7960791923,0.196,0.079
1540-077,1997,1,235.7570290733,1.076,-7.9518444291,1.108,0.522
1545-120,1997,1,237.0539135423,1.4,-12.2253680774,1.692,0.64
1546+027,1997,1,237.3726535861,0.229,2.6169896324,0.267,0.019
1547+507,1997,1,237.3227857429,0.201,50.6349411191,0.127,-0.084
1548+056,1997,2,237.6469551774,0.109,5.4529023266,0.192,-0.062
1550-242,1997,2,238.3817825881,0.115,-24.3683432537,0.281,-0.056
1550-269,1997,2,238.5102908769,0.24,-27.0778425303,0.533,0.168
1552-033,1997,1,238.8781172657,0.172,-3.4470889221,0.386,-0.022
1555+001,1997,14,239.4643082026,0.216,-0.0306704399,0.424,-0.412
1555-140,1997,2,239.5914503702,0.455,-14.1664034727,0.795,0.025
1556-245,1997,2,239.9225377722,0.382,-24.7107868223,0.786,0.34
1557+032,1997,4,239.8790524503,0.407,3.08007151,1.042,-0.524
1600+335,1997,3,240.5302643941,0.229,33.4480756696,0.253,-0.028
1600+432,1997,1,240.4185160552,1.909,43.2799320361,3.026,0.604
1601-222,1997,2,241.0061322427,0.494,-22.3947186481,1.115,0.517
1606+106,1997,121,242.1925132755,0.094,10.4854932844,0.143,-0.17
1610-771,1997,28,244.4553187079,0.998,-77.2884632224,0.272,0.076
1611+343,1997,46,243.4211010285,0.069,34.2133080769,0.084,-0.128
1614+051,1997,8,244.1564866868,0.193,4.9924267738,0.355,-0.573
1616+063,1997,2,244.7653653796,0.192,6.2172896478,0.319,-0.218
1621-067,1997,1,246.1371938565,2.197,-6.8304527814,2.549,0.861
1622-253,1997,41,246.4453818732,0.123,-25.4606464356,0.312,-0.577
1622-297,1997,5,246.5250870017,0.501,-29.8574919361,0.615,-0.912
1624+416,1997,2,246.4902904739,0.352,41.5779526677,0.25,0.004
1625-141,1997,1,247.1942490704,0.42,-14.2616355201,0.83,-0.399
1633+382,1997,4,248.8145539931,0.103,38.1345835101,0.167,0.096
1635-035,1997,1,249.5802164913,0.261,-3.6680798734,0.502,0.27
1635-141,1997,1,249.688687375,0.486,-14.2639549145,0.932,-0.576
1637+574,1997,7,249.5560679069,0.207,57.3399941824,0.157,0.2
1637+826,1997,1,248.1332068185,2.276,82.5378887734,0.199,0.491
1638+398,1997,107,250.1234698827,0.11,39.7794523477,0.123,-0.011
1639+230,1997,1,250.3551148475,0.294,22.9511202553,0.438,-0.336
1641+399,1997,10,250.7450416801,0.144,39.810276183,0.142,-0.099
1642+690,1997,1,250.5327022201,0.439,68.9443767724,0.182,0.065
1647-296,1997,1,252.6647672579,0.951,-29.7297099098,0.722,0.062
1652+398,1997,26,253.4675695595,0.272,39.7601691408,0.274,-0.17
1654-020,1997,1,254.2338256177,0.311,-2.1137557218,0.582,-0.097
1655+077,1997,2,254.5375476761,0.124,7.6909835365,0.219,-0.125
1656+053,1997,2,254.6393640345,0.133,5.2545679187,0.231,0.12
1656+348,1997,1,254.5059132846,0.674,34.7245559971,0.419,-0.398
1656+477,1997,1,254.5115816043,0.139,47.630341941,0.125,-0.001
1657-261,1997,7,255.2214752911,0.126,-26.1810347717,0.276,-0.908
1705+018,1997,3,256.8933968758,0.325,1.812694451,0.632,-0.539
1706-174,1997,3,257.3931057944,0.154,-17.4814903183,0.363,-0.018
1707-038,1997,1,257.5716891306,0.163,-3.930591362,0.354,0.138
1710-269,1997,2,258.3803149805,0.136,-26.9812573512,0.294,-0.206
1717+178,1997,1,259.8043686149,0.108,17.7517880603,0.17,0.06
1726+455,1997,82,261.8652117044,0.19,45.5110364893,0.141,0.042
1726-038,1997,1,262.2093130138,0.401,-3.8473432211,0.666,0.629
1727+502,1997,1,262.0775985054,4.869,50.2195754166,1.957,-0.459
1732+389,1997,1,263.5857438799,0.146,38.9642897636,0.136,-0.109
1739+522,1997,72,265.154074355,0.103,52.195390952,0.077,0.01
1741-038,1997,129,265.995233898,0.101,-3.8346157407,0.146,-0.257
1744+557,1997,4,266.2358629367,0.562,55.7047669657,0.361,0.216
1745+624,1997,60,266.5584755321,0.191,62.4485384189,0.096,0.16
1749+096,1997,91,267.8867440301,0.096,9.6502023739,0.178,-0.175
1749+701,1997,1,267.1368347029,0.464,70.0974357081,0.149,-0.158
1749-101,1997,1,268.1540588396,0.649,-10.195758824,1.16,-0.272
1751+288,1997,1,268.4269734813,0.829,28.801371433,0.981,0.17
1751+441,1997,1,268.344366394,0.241,44.1626905921,0.156,-0.059
1758+388,1997,3,270.1031890188,0.338,38.8085270635,0.352,-0.114
1800+440,1997,1,270.3846450235,0.153,44.0727500354,0.132,-0.082
1803+784,1997,66,270.1903495754,0.289,78.4677828916,0.057,0.017
1806+456,1997,2,272.0911911218,0.287,45.7057961276,0.263,-0.101
1807+698,1997,28,271.7111693812,0.453,69.824474571,0.149,0.089
1815-553,1997,18,274.9391648286,2.664,-55.3557625943,0.535,0.659
1816-029,1997,1,274.8225363153,1.304,-2.9688526597,1.363,0.731
1817-254,1997,3,275.2410363147,0.237,-25.4701621929,0.602,0.07
1820-274,1997,1,275.8319003099,56.222,-27.4407107546,117.611,-0.978
1821+107,1997,1,276.0118969608,0.665,10.7399371682,0.556,-0.031
1823+568,1997,18,276.0294515676,0.257,56.8504140878,0.17,0.108
1825-041,1997,1,276.9376690313,2.206,-4.0957156774,2.04,0.18
1826+796,1997,1,275.808786088,2.921,79.6469450986,0.236,0.219
1829-207,1997,2,278.0460272261,0.511,-20.6633900227,0.893,0.43
1830+285,1997,3,278.2091067256,0.197,28.5599875413,0.255,-0.265
1845+797,1997,4,280.5374575526,1.418,79.7714245551,0.268,-0.33
1849+670,1997,10,282.3169678859,0.368,67.0949111613,0.144,0.035
1856+737,1997,1,283.7387498119,0.606,73.8555298094,0.209,-0.017
1901+319,1997,3,285.7330784294,0.205,31.9949173021,0.186,-0.273
1908-201,1997,32,287.7902203869,0.082,-20.1153079936,0.218,-0.444
1919+086,1997,1,290.5776398501,1.069,8.6992711801,2.383,-0.407
1920-211,1997,3,290.8841242633,0.315,-21.0759259489,0.432,0.109
1921-293,1997,81,291.2127331589,0.155,-29.2417003438,0.215,0.156
1922+155,1997,1,291.1643994369,0.08,15.6788726915,0.138,-0.09
1923+210,1997,1,291.4983556415,0.142,21.1072671397,0.195,0.058
1928+738,1997,4,291.9520632052,0.499,73.967102773,0.138,-0.121
1936-155,1997,9,294.8610739562,0.126,-15.4286273731,0.263,-0.244
1937-101,1997,4,294.9885689862,0.177,-10.0448669748,0.414,-0.274
1939+813,1997,1,293.8446764159,3.307,81.5040428661,0.286,-0.557
1943+228,1997,1,296.5260479337,0.829,23.0012262505,1.141,-0.286
1946-200,1997,2,297.4725840936,0.094,-19.9537029128,0.231,0.038
1948-047,1997,1,297.6835626907,1.189,-4.6032887864,1.524,-0.207
1954-388,1997,52,299.4992469869,0.222,-38.751765463,0.311,0.338
1955+335,1997,1,299.4189580373,0.644,33.641095413,0.536,-0.258
1958-179,1997,56,300.2378768492,0.209,-17.8160201509,0.319,0.33
2000-330,1997,3,300.8504844069,1.443,-32.8625365391,1.49,-0.742
2002-185,1997,2,301.3220548121,0.212,-18.3675897429,0.698,-0.231
2005+403,1997,1,301.9372701706,0.553,40.4968344434,0.447,0.454
2007+777,1997,5,301.3791605583,0.53,77.8786798822,0.095,-0.221
2008-068,1997,2,302.8092325356,0.224,-6.7343209555,0.462,-0.534
2008-159,1997,11,302.8154622017,0.142,-15.7778484057,0.32,-0.081
2012-017,1997,1,303.8131581946,0.162,-1.6257111328,0.35,0.012
2022-077,1997,1,306.4194183545,0.105,-7.5979691073,0.243,-0.252
2030+547,1997,1,307.9498271083,0.266,54.9175388266,0.302,-0.023
2037+511,1997,12,309.6543113842,0.197,51.3201840471,0.139,0.017
2037-253,1997,3,310.036553848,0.172,-25.1296286849,0.425,-0.11
2044-168,1997,1,311.8319459043,0.184,-16.6516230807,0.432,-0.339
2048+312,1997,1,312.7130480136,0.596,31.4576039294,0.382,0.275
2051+745,1997,1,312.8905611481,3.635,74.6945827154,0.732,-0.836
2052-474,1997,8,314.068165898,0.658,-47.2465632194,0.573,-0.221
2053-044,1997,1,313.9594083763,0.238,-4.2797446968,0.447,-0.114
2058-297,1997,1,315.2569166186,0.186,-29.5577322258,0.434,-0.11
2059+034,1997,1,315.4118092298,0.53,3.6920335354,0.456,-0.098
2106+143,1997,1,317.170967284,0.054,14.5075034166,0.096,-0.109
2107-105,1997,1,317.5040791123,0.147,-10.3492551981,0.275,-0.212
2113+293,1997,15,318.8725560504,0.158,29.5606575401,0.211,-0.264
2120+099,1997,1,320.8056607085,0.39,10.1319291252,0.833,-0.421
2121+053,1997,7,320.9354892002,0.454,5.5894703313,0.44,-0.175
2123-015,1997,1,321.6364893916,0.214,-1.3256681253,0.496,-0.41
2126-158,1997,33,322.3007329272,0.134,-15.6447335531,0.29,-0.833
2126-185,1997,2,322.3392462481,0.172,-18.356330708,0.398,-0.096
2127-096,1997,1,322.579534344,0.087,-9.4603985953,0.191,-0.126
2128-123,1997,29,322.8969239814,0.154,-12.1179988546,0.341,0.166
2131-021,1997,1,323.5429567241,0.081,-1.8881220238,0.173,-0.28
2134+004,1997,7,324.16077712,1.587,0.6983923059,1.62,-0.417
2135-184,1997,1,324.674694177,15.775,-18.1789915117,11.751,-0.266
2135-248,1997,2,324.6549212765,0.21,-24.6651296112,0.475,-0.093
2136+141,1997,37,324.7554552562,0.084,14.3933311577,0.143,-0.414
2136+824,1997,1,323.391998836,3.367,82.6516813077,0.503,-0.785
2140-048,1997,1,325.6537569555,0.327,-4.6287535002,0.595,-0.5
2142+110,1997,1,326.3282294745,0.085,11.2575867797,0.185,-0.252
2143-156,1997,3,326.5957471505,0.122,-15.4288571824,0.298,-0.002
2144+092,1997,2,326.7923456915,0.135,9.4962978909,0.242,0.015
2145+067,1997,123,327.0227445609,0.1,6.9607233684,0.171,-0.177
2145+082,1997,1,326.9800807545,0.394,8.5033052772,1.096,-0.623
2145-176,1997,1,327.1533368364,0.086,-17.3955597397,0.202,-0.14
2147+077,1997,1,327.3969323038,0.71,7.9403746035,1.111,-0.049
2149+056,1997,7,327.9078145733,0.236,5.8702650219,0.426,-0.117
2149-307,1997,1,327.9813499594,0.802,-30.4649160057,0.547,-0.176
2153-008,1997,1,329.061491286,0.102,-0.6179428944,0.226,-0.155
2154-183,1997,1,329.3713491424,1.067,-18.1174628347,1.732,0.12
2155-152,1997,6,329.5261746342,0.145,-15.0192576422,0.302,0.043
2155-304,1997,1,329.7169379979,1.399,-30.2255880799,0.6,-0.291
2159+833,1997,1,329.2388161234,12.436,83.6207563011,0.866,-0.792
2200+420,1997,24,330.6803806677,0.054,42.2777722452,0.055,-0.096
2200-238,1997,2,330.7333312243,0.179,-23.5861795033,0.377,-0.37
2201+315,1997,11,330.8123991193,0.163,31.760630565,0.213,0.148
2203-188,1997,2,331.5434050024,4.539,-18.594096331,5.524,-0.588
2208-137,1997,1,332.8504143838,0.097,-13.4693676566,0.224,-0.195
2209+236,1997,1,333.0248596244,0.106,23.9279287852,0.132,-0.127
2210-257,1997,2,333.2604083125,0.151,-25.4916890417,0.352,-0.08
2212-299,1997,1,333.8168106029,0.39,-29.7398149066,1.14,0.578
2214+350,1997,1,334.0833745571,0.138,35.3039390727,0.196,-0.061
2216-038,1997,6,334.7168238362,0.118,-3.5935775569,0.256,-0.179
2221-116,1997,1,336.0331778543,0.15,-11.4391962449,0.31,-0.007
2223-052,1997,31,336.4469136958,0.171,-4.9503862996,0.337,-0.692
2223-114,1997,1,336.4321599714,0.124,-11.227971583,0.293,-0.256
2227-088,1997,7,337.4170180633,0.137,-8.5484542726,0.306,-0.218
2229+695,1997,1,337.6519566616,0.645,69.7744656304,0.251,-0.152
2229-172,1997,1,338.0940191627,0.319,-16.983859125,0.646,-0.405
2230+114,1997,7,338.1517037287,0.064,11.7308067029,0.109,-0.214
2232-211,1997,2,338.7393347742,0.88,-20.9175661761,1.551,-0.75
2232-488,1997,1,338.8051520696,1.282,-48.5996656525,1.42,0.774
2233-148,1997,3,339.1420297338,0.256,-14.5561636672,0.544,-0.099
2233-173,1997,1,339.0396781569,0.132,-17.1061036709,0.3,-0.202
2234+282,1997,92,339.0936284599,0.19,28.4826147561,0.224,0.341
2240-260,1997,2,340.8600366221,0.226,-25.7418576158,0.45,-0.416
2243-123,1997,57,341.575966578,0.09,-12.1142438435,0.222,-0.596
2244-002,1997,1,341.8758165756,0.101,0.0017952816,0.233,-0.323
2245-059,1997,1,342.0003356146,0.377,-5.6883939657,0.879,-0.754
2245-128,1997,1,341.9693377686,0.285,-12.6221448298,0.631,-0.196
2247-131,1997,1,342.4983855184,0.802,-12.8546736792,2.622,-0.569
2251+158,1997,9,343.4906162105,1.727,16.1482117565,1.525,-0.373
2252-090,1997,1,343.7676659094,0.229,-8.7344502521,0.472,-0.1
2253+417,1997,2,343.9029493223,0.231,42.0479258436,0.221,-0.052
2253-278,1997,2,344.0006489622,0.566,-27.5989219764,1.476,0.431
2254+074,1997,2,344.3220963804,0.157,7.7200840101,0.298,-0.022
2254-204,1997,2,344.1716988149,0.174,-20.1945860604,0.378,-0.156
2255-282,1997,54,344.5248453345,0.159,-27.9725712467,0.341,0.732
2257-270,1997,2,345.106253024,0.347,-26.7396614227,0.817,-0.127
2258-022,1997,1,345.2832436137,0.101,-1.9679404909,0.226,-0.162
2300-189,1997,2,345.7623999919,0.221,-18.6905062777,0.532,0.397
2303-052,1997,1,346.5638212413,0.202,-4.9967457507,0.436,-0.222
2304-230,1997,2,346.9110618618,0.234,-22.7980540536,0.46,0.18
2318+049,1997,16,350.1869024898,0.181,5.2305424041,0.417,-0.701
2318-087,1997,1,350.3260426824,0.238,-8.4559781737,0.485,0.137
2319+272,1997,1,350.4994259271,0.208,27.5462343286,0.229,0.126
2320-021,1997,1,350.7692911555,0.418,-1.846698123,0.635,0.223
2320-035,1997,7,350.8831406685,0.168,-3.284728885,0.364,-0.394
2325-150,1997,2,351.949851132,0.156,-14.7988197897,0.315,0.162
2328+107,1997,1,352.6702177063,0.132,11.0051973389,0.212,-0.279
2329-162,1997,2,352.9110517437,0.124,-15.9491695335,0.25,-0.123
2330-017,1997,1,353.3195348556,0.234,-1.5187184519,0.5,0.212
2331-240,1997,3,353.4801576356,0.213,-23.7279605314,0.449,-0.421
2332-017,1997,1,353.8350502953,0.27,-1.5193309867,0.413,0.254
2332-293,1997,1,353.8280299745,0.674,-29.1212806435,2.239,0.244
2335-027,1997,3,354.4889128068,0.113,-2.5160080318,0.24,-0.114
2335-181,1997,1,354.4859490784,0.289,-17.8723362788,0.754,-0.072
2344+092,1997,1,356.6534939375,0.129,9.5126431432,0.206,0.181
2344-192,1997,2,356.7859446363,0.628,-18.9385716522,1.184,0.024
2345-167,1997,2,357.0108688414,0.108,-16.5200062293,0.216,-0.333
2351+456,1997,2,358.5903343454,0.188,45.8845101738,0.155,0.159
2351-006,1997,1,358.5382329128,0.169,-0.3299876619,0.339,0.235
2351-154,1997,3,358.625813276,0.134,-15.2197812792,0.276,-0.375
2353+816,1997,1,359.0949736438,1.008,81.8811821049,0.227,-0.402
2354-021,1997,1,359.3547414619,0.118,-1.8709747812,0.264,-0.123
2354-117,1997,1,359.3799898614,0.103,-11.4275490728,0.238,-0.135
2355-106,1997,5,359.5453433599,0.133,-10.3357253419,0.281,-0.503
2356+385,1997,16,359.8882533127,0.204,38.8450884876,0.241,-0.168
2358-161,1997,1,0.2722031527,0.321,-15.8519655407,0.6,-0.754
