iers_name,year,num_ses,ra,ra_err,dec,dec_err,ra_dec_corr
0003+380,2005,4,1.4882307756,0.129,38.3375413839,0.138,-0.035
0003-066,2005,117,1.5578870483,0.149,-6.3931486596,0.202,-0.125
0006-363,2005,1,2.1402557586,4.173,-36.0236253903,21.857,0.69
0007+171,2005,2,2.6416276122,0.291,17.4052114139,0.246,0.106
0008-264,2005,4,2.7551947655,0.494,-26.2092714849,0.278,-0.364
0009+081,2005,1,2.896956789,0.129,8.3987739552,0.292,-0.466
0009+467,2005,1,3.1220953461,0.478,47.076316612,0.667,-0.364
0010+336,2005,1,3.1974259489,0.38,33.8940198198,0.544,-0.569
0010+405,2005,2,3.3797091195,0.141,40.8603178392,0.127,-0.105
0012+319,2005,1,3.7756141886,0.182,32.2703638361,0.315,-0.222
0014+813,2005,154,4.2853121391,0.7,81.5855934851,0.107,0.014
0015-054,2005,1,4.3992383966,0.295,-5.2116023037,0.644,-0.356
0015-280,2005,1,4.4958581937,1.19,-27.8059933956,2.394,0.702
0016+731,2005,5,4.9407764948,0.546,73.4583382381,0.166,0.469
0017+200,2005,1,4.9077270634,0.174,20.3626791391,0.35,-0.299
0021-084,2005,1,6.0028030058,0.734,-8.1861245373,1.455,-0.266
0024-114,2005,1,6.7143459499,0.638,-11.2145626517,1.125,0.217
0032+612,2005,1,8.8554609027,0.592,61.5085448068,0.318,0.324
0033-088,2005,1,8.94271043,1.508,-8.598345732,3.306,-0.891
0034+078,2005,1,9.384154875,0.176,8.1369604344,0.349,-0.261
0035+413,2005,3,9.603514921,0.281,41.6183334446,0.254,-0.039
0035-037,2005,1,9.5866431122,0.177,-3.4997116173,0.393,-0.38
0036-191,2005,1,9.8205181698,3.333,-18.9015611507,6.605,0.748
0039+230,2005,1,10.5189382253,0.183,23.3336283763,0.205,-0.384
0041+677,2005,1,11.2114983162,0.509,68.0507460823,0.302,-0.188
0046+861,2005,1,13.1368965123,14.769,86.4622916374,1.625,0.153
0047-579,2005,7,12.4978043183,0.425,-57.6409277671,0.354,0.506
0048-097,2005,85,12.6721557834,0.173,-9.484780638,0.164,-0.144
0048-427,2005,5,12.7895909854,0.324,-42.4425813411,0.594,0.599
0050-287,2005,1,13.218985594,2.261,-28.4317204401,6.693,-0.846
0051-077,2005,1,13.4021487501,1.159,-7.4582277684,2.174,-0.276
0052-125,2005,1,13.7990941087,0.105,-12.2991936171,0.252,-0.28
0052-201,2005,2,13.6372851695,0.328,-19.8836117735,0.727,0.012
0054-006,2005,1,14.3208430607,1.11,-0.4092153987,2.237,0.715
0055+329,2005,1,14.6336209844,0.242,33.1881151653,0.479,-0.251
0057+334,2005,1,15.1595445893,0.282,33.7517004611,0.495,-0.187
0059+581,2005,164,15.6906766036,0.114,58.4030935345,0.067,-0.024
0104+195,2005,1,16.7192968935,0.206,19.8507117209,0.414,-0.514
0104-035,2005,1,16.6801196803,0.164,-3.2600820848,0.364,-0.15
0104-408,2005,29,16.6879499031,0.373,-40.57221123,0.267,0.112
0106+013,2005,24,17.1615463333,0.175,1.5834215617,0.211,-0.03
0107-610,2005,3,17.3144800942,0.432,-60.8301278256,0.286,0.214
0109+224,2005,3,18.0242696546,0.146,22.7441073371,0.164,-0.104
0109-135,2005,1,17.9869081592,0.21,-13.2836658533,0.527,-0.471
0110+495,2005,2,18.362528362,0.29,49.8066787214,0.179,-0.267
0110-668,2005,3,18.0788040149,1.661,-66.5792186734,0.604,0.824
0111+021,2005,11,18.4297706118,0.167,2.3714768032,0.24,-0.302
0113-118,2005,1,19.0521750973,0.116,-11.6042873706,0.271,-0.407
0116-219,2005,2,19.73859225,0.425,-21.6917053658,1.887,0.444
0117-171,2005,1,19.9318580073,0.366,-16.9024923326,0.829,0.604
0118-272,2005,3,20.1319307597,0.836,-27.0235146661,0.61,-0.476
0118-283,2005,1,20.2530912912,1.987,-28.1061608926,3.921,0.721
0119+041,2005,13,20.4869237058,0.307,4.3735373127,0.522,-0.369
0119+115,2005,114,20.4233126722,0.135,11.8306703075,0.252,-0.101
0120+304,2005,1,20.7595061184,0.314,30.7352549968,0.647,0.013
0121-096,2005,1,20.9432695298,0.985,-9.3842591031,2.112,0.48
0122-003,2005,1,21.3701827177,0.972,-0.0988693509,4.76,0.155
0122-260,2005,1,21.3284893868,0.193,-25.8178860829,0.453,-0.218
0122-514,2005,3,21.2391310819,0.657,-51.2211577305,1.721,0.626
0123+257,2005,4,21.6783026574,0.115,25.9836945685,0.197,0.0
0123+731,2005,1,21.7696566133,14.129,73.3868528206,3.826,-0.653
0128+383,2005,1,22.8613063647,0.531,38.5775616541,0.886,-0.042
0130-171,2005,2,23.1811976423,0.674,-16.9134784033,0.405,0.62
0131-522,2005,3,23.2740106806,0.318,-52.0010960359,0.386,0.513
0133+476,2005,148,24.2441450322,0.086,47.8580833771,0.073,-0.083
0134+215,2005,1,24.3151040218,0.667,21.7622972636,0.619,0.489
0135-247,2005,2,24.4097768586,0.51,-24.5149681807,0.127,0.232
0135-274,2005,1,24.5409092474,0.235,-27.1910926429,0.536,0.202
0137-158,2005,1,25.0184799835,0.129,-15.5487999838,0.308,-0.171
0138-097,2005,3,25.3576339187,0.179,-9.47879839,0.155,0.29
0139-022,2005,1,25.3907922608,0.178,-2.0393203269,0.408,-0.335
0141+268,2005,1,26.1398079325,0.822,27.0841995104,0.778,0.002
0148+250,2005,1,27.7759744001,0.546,25.2912950922,1.379,-0.614
0148+274,2005,2,27.8631090281,0.205,27.7449427022,0.243,0.068
0149+218,2005,3,28.0752460279,0.115,22.1188055006,0.162,-0.138
0149-175,2005,1,27.9502077765,3.988,-17.3319545257,8.875,0.811
0150-299,2005,1,28.1403871167,1.075,-29.7133130803,3.062,0.032
0150-334,2005,3,28.2921743404,0.891,-33.1738506901,0.44,-0.408
0151+474,2005,2,28.7345412682,0.155,47.724038791,0.18,0.069
0153+744,2005,2,29.3956873504,0.874,74.7120082894,0.246,-0.301
0154-000,2005,1,29.2938954425,0.187,0.1901346029,0.434,-0.421
0158+031,2005,1,30.1700686576,0.162,3.3804188,0.381,-0.26
0158-141,2005,1,30.2429882088,1.434,-13.9383286196,3.711,-0.145
0158-159,2005,1,30.2131203233,3.007,-15.7102386696,10.852,0.454
0159+723,2005,2,30.8891041021,0.349,72.5482409318,0.119,0.171
0159-200,2005,1,30.5576987514,0.389,-19.8054137514,0.995,0.239
0201+113,2005,68,30.9444043935,0.218,11.579280472,0.363,-0.36
0202+145,2005,1,31.3046551992,0.145,14.7423295793,0.323,-0.2
0202+149,2005,64,31.2100578643,0.236,15.236401007,0.275,-0.441
0202+319,2005,5,31.2705223199,0.106,32.2083598441,0.12,0.227
0202-172,2005,2,31.2403095943,0.34,-17.0221777315,0.191,-0.097
0207-078,2005,1,32.5688702365,2.967,-7.6224153716,3.657,0.388
0207-149,2005,1,32.5965849413,0.463,-14.7497277503,0.96,-0.311
0208-512,2005,34,32.6925017954,0.348,-51.0171921727,0.267,-0.049
0209-162,2005,1,32.9573364792,1.076,-15.9719022281,2.252,0.387
0212+735,2005,4,34.3783898748,0.431,73.8257281944,0.092,-0.113
0215+015,2005,3,34.4539780836,0.312,1.7471387422,0.357,-0.868
0216+472,2005,1,34.8473330268,0.32,47.4611134407,0.332,-0.04
0219+428,2005,2,35.665047834,0.121,43.0354996765,0.1,0.01
0220-349,2005,5,35.7350069436,0.489,-34.6913138679,0.659,0.42
0221+067,2005,4,36.1184508432,0.143,6.9898170913,0.228,-0.196
0222+296,2005,1,36.3299804485,0.318,29.920035954,0.57,-0.238
0223+113,2005,1,36.4246245505,0.148,11.5737402054,0.331,-0.011
0224+498,2005,1,37.0019405072,0.403,50.0997249683,0.287,-0.197
0224+540,2005,1,37.1070493558,6.251,54.3189260731,3.328,0.843
0224+671,2005,5,37.208547832,0.248,67.3508414606,0.134,0.176
0225+419,2005,1,37.0519464072,0.874,42.2009569156,0.631,0.059
0227-369,2005,2,37.3685376351,0.298,-36.7324503886,0.775,-0.154
0228-163,2005,1,37.7709803923,0.808,-16.1136152575,1.155,0.427
0229+131,2005,64,37.9412252473,0.153,13.3818656896,0.188,-0.011
0230+344,2005,1,38.3350835804,0.782,34.7149971195,0.723,-0.071
0230-790,2005,9,37.3956108902,1.757,-78.7960005189,0.399,0.009
0231+045,2005,1,38.5298142528,0.536,4.7786367156,0.805,-0.222
0234+285,2005,5,39.4683569782,0.141,28.802497192,0.166,0.007
0234-301,2005,3,39.1298727579,0.431,-29.8987611614,1.744,0.787
0235+164,2005,68,39.6622087756,0.074,16.6164651415,0.074,-0.036
0235-618,2005,4,39.2218572669,0.854,-61.6042175912,0.416,0.261
0236+420,2005,1,40.0218859848,0.301,42.2729221799,0.437,-0.083
0237-233,2005,2,40.0340632615,13.494,-23.1543689234,1.959,0.97
0238-052,2005,1,40.2340528747,1.345,-5.0783895262,1.554,0.209
0239+108,2005,3,40.621545166,0.143,11.0168689239,0.343,-0.225
0242+131,2005,1,41.1903888975,0.203,13.3353392995,0.387,-0.143
0244+327,2005,1,41.9218010921,0.168,32.9088434211,0.266,-0.098
0245+043,2005,1,42.0617838315,0.715,4.5780164947,2.247,-0.311
0248+430,2005,2,42.8939031184,0.237,43.2543971276,0.287,-0.499
0250+178,2005,1,43.395342687,0.346,18.0951457547,0.617,0.589
0250+320,2005,1,43.3902089145,0.369,32.2891365046,0.555,0.02
0251+235,2005,1,43.6029923235,0.149,23.7240206687,0.29,-0.061
0252-549,2005,6,43.3715849471,0.44,-54.6976210884,0.387,0.27
0254+434,2005,1,44.4961571298,0.292,43.64379851,0.339,-0.072
0254-334,2005,3,44.1775113193,0.425,-33.2559102614,1.738,0.225
0255-124,2005,1,44.42085254,0.452,-12.2003832723,0.891,0.463
0256+075,2005,2,44.8628192437,0.194,7.794345199,0.233,-0.193
0256+192,2005,1,44.8735664701,0.185,19.4289796739,0.332,0.137
0256-256,2005,1,44.5699810073,0.527,-25.4996641156,1.175,-0.844
0258-170,2005,1,45.3192625102,3.58,-16.8791905647,6.096,0.62
0258-184,2005,1,45.2779825321,16.53,-18.2049393559,17.655,0.835
0300+470,2005,4,45.8968425618,0.164,47.2711876792,0.167,-0.03
0302+625,2005,3,46.677748224,0.268,62.7172289149,0.124,0.005
0302-623,2005,7,45.9609637477,0.867,-62.1904305712,0.462,0.256
0306+102,2005,3,47.2650978895,0.533,10.4878725106,0.366,-0.308
0307-362,2005,1,47.2604613284,4.14,-36.0677073345,17.107,0.563
0308-611,2005,6,47.4837465931,0.549,-60.9775155965,0.288,0.486
0309+411,2005,3,48.2581754645,0.185,41.3336621021,0.168,-0.046
0310+022,2005,1,48.3058560845,0.137,2.4764740478,0.302,-0.159
0315-006,2005,1,49.5601139059,2.077,-0.4969258373,1.757,0.013
0316+413,2005,5,49.9506670642,1.803,41.5116959491,1.262,-0.137
0317+188,2005,2,49.9635696604,0.12,19.0253586809,0.206,-0.266
0319+121,2005,6,50.4712646346,0.173,12.3538759047,0.366,-0.189
0319+396,2005,1,50.7159585212,0.789,39.800627483,0.635,-0.167
0319-056,2005,1,50.4994598719,0.264,-5.4367858248,0.547,-0.121
0322+222,2005,1,51.4033931622,0.106,22.4001015301,0.203,-0.304
0322-230,2005,1,51.0731385283,3.958,-22.9049793254,14.021,0.275
0322-294,2005,1,51.1845645874,1.004,-29.305894442,2.731,-0.513
0329-255,2005,1,52.7871692417,0.332,-25.4120181248,0.859,-0.336
0332-403,2005,1,53.556893822,0.306,-40.1403891702,0.819,-0.225
0333+321,2005,5,54.1254483593,0.103,32.3081506314,0.177,0.002
0333-073,2005,1,53.9877299447,1.478,-7.1655151003,2.7,-0.273
0334+014,2005,1,54.3212841177,4.038,1.6229866261,4.655,0.794
0334-546,2005,4,53.9746866572,0.662,-54.5069764641,0.784,0.377
0336-019,2005,175,54.8789074411,0.133,-1.7766122333,0.104,-0.096
0339+683,2005,1,56.1726721656,0.494,68.4632805807,0.268,-0.234
0340+362,2005,1,55.8706350465,0.193,36.3701190271,0.372,-0.048
0340-140,2005,1,55.6874498222,2.841,-13.9143514973,7.213,-0.515
0342+147,2005,2,56.2767355962,0.216,14.8970995162,0.262,0.355
0344+558,2005,1,56.9867170495,0.327,55.9587717428,0.201,-0.148
0345+460,2005,1,57.3280899293,0.404,46.1665716066,0.364,0.27
0350+465,2005,1,58.6250486377,0.209,46.7218751203,0.274,0.293
0350-253,2005,1,58.0460514792,0.159,-25.2472965411,0.397,-0.197
0352-164,2005,1,58.604284101,0.884,-16.2729025486,1.806,-0.515
0355+508,2005,18,59.8739469803,0.176,50.963933882,0.211,0.035
0355-669,2005,1,58.9495146014,3.189,-66.7593936387,0.835,0.721
0356+278,2005,1,59.8663982089,0.168,27.9733464806,0.327,0.139
0358+040,2005,2,60.3329706687,0.204,4.2262243474,0.299,-0.116
0358+210,2005,1,60.4381920419,0.239,21.1746075945,0.454,-0.567
0358-162,2005,1,60.2776530822,0.191,-16.1108363235,0.493,-0.11
0359-151,2005,1,60.5699468931,0.475,-14.972498595,0.938,-0.47
0400+258,2005,3,60.7732752677,0.118,26.0004175105,0.15,-0.191
0400-319,2005,7,60.588608303,0.382,-31.7905402362,0.717,0.25
0402-362,2005,77,60.9739578878,0.298,-36.0838647655,0.246,0.752
0403-132,2005,3,61.3916807462,0.177,-13.1371361575,0.424,-0.45
0403-179,2005,1,61.5510188818,0.45,-17.8327576033,1.137,-0.051
0405-123,2005,1,61.9517957378,0.267,-12.1935165248,0.236,0.122
0405-385,2005,12,61.7459806244,0.306,-38.44112285,0.388,0.11
0406+065,2005,1,62.3576987762,0.249,6.6764175658,0.47,-0.199
0406+121,2005,2,62.3417029655,0.083,12.2944022195,0.133,-0.085
0406-056,2005,1,62.248541407,0.213,-5.4945941364,0.488,-0.199
0409+229,2005,1,63.181945235,1.183,23.0848479673,0.757,-0.113
0409+527,2005,1,63.4045266371,0.395,52.8480401504,0.427,0.274
0414-189,2005,3,64.1522685254,0.31,-18.8523167174,0.259,-0.004
0418+437,2005,1,65.465728855,0.504,43.8695638338,0.503,-0.167
0420+022,2005,1,65.7175611083,0.121,2.3241475736,0.264,-0.213
0420+417,2005,2,65.9833741471,0.122,41.8340869335,0.106,0.079
0420-014,2005,2,65.8158363803,0.108,-1.342518225,0.169,-0.232
0422+004,2005,4,66.1951752969,0.13,0.601758153,0.139,-0.32
0422+079,2005,1,66.2400119384,0.097,8.0881464751,0.203,-0.053
0422-380,2005,3,66.1760153122,0.167,-37.9391067207,0.206,0.167
0423+051,2005,2,66.6525172134,0.835,5.3055201281,0.272,0.65
0425-071,2005,2,66.8589968262,0.144,-7.0086842847,0.313,-0.117
0426+273,2005,2,67.4706699137,0.164,27.4105211636,0.141,-0.12
0426+332,2005,1,67.4696713072,0.249,33.3171830249,0.359,-0.029
0426-380,2005,5,67.1684344863,0.303,-37.9387723956,0.215,-0.617
0428-042,2005,1,67.8670356823,0.504,-4.1075887736,0.937,-0.137
0430+052,2005,1,68.2962314082,0.318,5.3543387583,0.222,-0.493
0430+289,2005,3,68.4076244048,0.134,29.0987436614,0.196,0.071
0430-163,2005,1,68.1211762343,0.17,-16.2349080638,0.384,-0.411
0434-188,2005,41,69.2561780788,0.28,-18.7468370454,0.682,-0.542
0435+217,2005,1,69.7328539666,0.233,21.8861964039,0.386,-0.025
0435-300,2005,1,69.4023694584,0.217,-29.9011442764,0.464,0.079
0437-454,2005,3,69.7535610867,1.557,-45.3729341,0.512,-0.724
0438-436,2005,10,70.0715829653,0.634,-43.5523901239,0.65,0.521
0445+097,2005,1,72.0905767095,0.207,9.847628121,0.331,-0.006
0446+112,2005,8,72.2819628913,0.128,11.357943445,0.179,-0.024
0446-096,2005,1,72.206124051,1.302,-9.5920845929,5.855,-0.526
0446-212,2005,1,72.0724238887,0.812,-21.1624527273,1.259,0.535
0447+227,2005,1,72.7164362377,0.22,22.8183052084,0.371,-0.006
0447-010,2005,1,72.4287748235,0.286,-0.9562091565,0.581,-0.555
0451-282,2005,9,73.3110283044,0.534,-28.1270352092,0.99,0.222
0452+068,2005,1,73.8363040605,2.914,6.9274645578,4.005,-0.332
0454+844,2005,17,77.1765143737,1.49,84.5345955704,0.164,-0.112
0454-234,2005,98,74.2632467225,0.224,-23.4144500563,0.135,-0.067
0454-463,2005,2,73.9615522916,0.846,-46.2662997455,1.106,0.422
0454-810,2005,10,72.5226681283,1.905,-81.017286486,0.322,0.083
0455-183,2005,1,74.4763549838,0.464,-18.3211312983,1.169,0.291
0457+024,2005,2,74.9668777251,0.267,2.4919935537,0.183,0.18
0458+138,2005,2,75.4386284145,0.165,13.9353389543,0.337,-0.021
0458-020,2005,115,75.3033744902,0.158,-1.9872933936,0.15,-0.291
0459-139,2005,1,75.4997703165,0.965,-13.9180070419,1.627,0.281
0501-067,2005,1,75.9835415666,10.278,-6.6343099653,18.045,-0.96
0502+049,2005,3,76.3466030186,0.22,4.99520132,0.165,0.139
0503+216,2005,1,76.6418055438,0.218,21.6833776525,0.396,-0.107
0503+608,2005,1,77.1135809687,8.804,60.9409266473,2.519,-0.823
0503-163,2005,1,76.4881693395,0.732,-16.266113137,1.53,-0.777
0503-608,2005,1,76.007087595,4.466,-60.8312610962,1.041,0.757
0506-612,2005,6,76.6832864504,0.762,-61.161387184,0.315,0.432
0507+179,2005,2,77.5098713745,0.276,18.0115505051,0.126,-0.039
0508-317,2005,1,77.6930871872,0.147,-31.7149805806,0.335,-0.077
0509+205,2005,1,78.1628129505,2.892,20.6285545614,4.206,-0.042
0509+293,2005,1,78.1758576552,0.486,29.4510029279,0.556,0.44
0512-205,2005,1,78.5722811875,0.203,-20.4890310411,0.473,-0.617
0514+074,2005,1,79.2348538645,7.921,7.5481231621,14.42,-0.978
0514-156,2005,1,79.2382733715,3.593,-15.6195462619,4.542,0.498
0515-053,2005,2,79.3671256715,0.275,-5.3446782633,0.662,0.12
0515-179,2005,1,79.3501956884,0.898,-17.9400412725,1.724,-0.438
0516-621,2005,4,79.1871921365,0.69,-62.1181637454,0.486,0.301
0518+165,2005,1,80.2911913354,0.153,16.6394589102,0.261,-0.553
0519-176,2005,1,80.3481560505,0.561,-17.6250514115,1.302,-0.463
0520-165,2005,1,80.686062428,0.215,-16.4645570287,0.486,0.07
0521-365,2005,2,80.7416026856,0.361,-36.4585697565,0.215,-0.467
0522-611,2005,3,80.6434394688,0.555,-61.1325370742,0.306,0.347
0523-236,2005,1,81.277108113,0.232,-23.6363352535,0.534,-0.439
0524+034,2005,2,81.8862726846,0.094,3.5254213324,0.194,-0.408
0524-460,2005,3,81.3808340638,1.776,-45.9651903719,0.667,-0.75
0524-485,2005,3,81.5694637971,0.42,-48.5102199081,0.9,0.086
0527-053,2005,1,82.4730559933,1.347,-5.3282267852,1.661,0.53
0528+134,2005,92,82.7350697994,0.085,13.5319859827,0.137,-0.004
0529+483,2005,4,83.3161074399,0.141,48.3813355575,0.158,0.227
0529-031,2005,2,83.031330291,0.293,-3.1186216953,0.539,0.539
0530-388,2005,1,83.0085905162,1.805,-38.8150933368,4.815,-0.931
0530-727,2005,4,82.3751754504,1.385,-72.7579187656,0.32,-0.111
0532+826,2005,1,85.9118620753,2.787,82.6413234338,0.741,0.314
0534+510,2005,1,84.7283134452,0.215,51.1231685846,0.27,0.263
0534-340,2005,1,84.1184635197,19.001,-34.0198531199,3.562,0.988
0534-611,2005,4,83.649051967,0.901,-61.1019647844,0.61,0.231
0537-286,2005,6,84.9761727713,0.544,-28.6655411,0.279,-0.38
0537-441,2005,117,84.7098397489,0.22,-44.0858163866,0.209,0.125
0538+498,2005,2,85.6505745995,0.15,49.852009372,0.12,-0.049
0539-057,2005,3,85.4086804273,2.779,-5.6970642552,10.427,0.987
0540-092,2005,1,85.7328225447,0.406,-9.2252795187,0.673,0.141
0542-227,2005,2,86.0315295523,0.16,-22.6861059801,0.363,-0.166
0544+273,2005,3,86.8922871941,0.158,27.3657896326,0.313,-0.028
0546+308,2005,1,87.4757525799,2.271,30.9132219587,1.635,0.154
0547+234,2005,1,87.6974620205,0.245,23.4467159289,0.374,-0.44
0547-278,2005,1,87.3847799183,0.876,-27.877460892,1.944,-0.786
0548+084,2005,2,87.7967888862,0.777,8.486450437,1.017,0.372
0549+192,2005,1,88.1078541175,0.434,19.2278518622,1.127,-0.504
0549-191,2005,1,87.9802513847,0.593,-19.155824691,1.072,0.029
0549-575,2005,4,87.5399174517,0.575,-57.5401102042,0.684,0.085
0551-086,2005,1,88.4245479297,2.482,-8.6671947918,3.561,-0.71
0552+398,2005,158,88.8783567297,0.054,39.8136569535,0.048,0.008
0554+242,2005,1,89.2696399354,0.101,24.2320274573,0.17,-0.353
0554+343,2005,1,89.5003692946,0.229,34.3134409986,0.312,0.133
0556+238,2005,71,89.8834713673,0.143,23.8983129603,0.233,-0.093
0556-009,2005,1,89.6849645428,2.342,-0.9185895818,5.5,0.563
0557-182,2005,1,89.9433491895,7.455,-18.2965458182,9.599,0.395
0600+063,2005,1,90.8098148399,2.295,6.3744308764,2.646,0.825
0600+177,2005,2,90.7880426746,0.132,17.7046696422,0.227,-0.349
0601+245,2005,1,91.2296724586,0.137,24.4986212513,0.276,-0.183
0602+673,2005,100,91.9694650453,0.143,67.3487250254,0.074,-0.186
0603+882,2005,1,100.5255631292,29.07,88.1986157682,1.061,0.211
0604-004,2005,1,91.7393488589,4.069,-0.4159605296,10.637,0.388
0604-074,2005,1,91.6814429182,0.129,-7.4083978233,0.273,-0.072
0605-085,2005,3,91.998746779,0.15,-8.580549435,0.279,-0.01
0606-272,2005,1,92.1884867965,0.533,-27.2863421369,1.086,-0.457
0606-387,2005,1,92.0477565895,3.987,-38.7907208546,13.739,0.654
0607-157,2005,122,92.4206230545,0.137,-15.7112979895,0.101,0.024
0608-230,2005,1,92.6616138756,1.479,-23.0293989976,2.879,-0.561
0609+607,2005,2,93.5994424388,0.247,60.7727100093,0.126,-0.123
0609-119,2005,1,92.8961045814,1.44,-11.9293966366,2.18,-0.187
0610+782,2005,1,94.4872202602,1.086,78.2687206781,0.148,0.335
0611+131,2005,4,93.4903865176,0.216,13.1126114031,0.49,-0.318
0612-255,2005,1,93.5717119759,0.176,-25.6148677914,0.4,-0.191
0613-030,2005,1,94.0330888508,0.41,-3.1135703889,0.976,0.182
0614+463,2005,1,94.5341821014,0.257,46.3378367044,0.327,0.249
0614-106,2005,1,94.1741983631,0.556,-10.6856817309,0.871,-0.19
0614-219,2005,1,94.2585115005,0.218,-22.0078255461,0.507,-0.262
0614-349,2005,1,94.1499199107,36.462,-34.9379402302,103.638,-0.982
0615+820,2005,2,96.5125246937,3.24,82.0404354972,0.397,-0.72
0615-172,2005,1,94.3892431098,2.588,-17.2569689738,2.883,0.715
0618-284,2005,1,95.1223280104,0.248,-28.4600236099,0.562,0.342
0619+334,2005,1,95.7175914635,0.301,33.4362250809,0.505,-0.225
0620+385,2005,1,95.8705815482,0.192,38.5138356495,0.301,0.057
0620+389,2005,3,96.07925549,0.161,38.9468710692,0.161,0.078
0620-011,2005,1,95.741426246,1.472,-1.1575329237,4.268,0.158
0621-010,2005,1,96.0070219686,2.686,-1.0578124728,9.327,0.739
0625+286,2005,1,97.2096622235,1.21,28.5973414713,1.012,0.44
0626-280,2005,2,97.1803293671,0.301,-28.0887176062,0.627,-0.288
0627+814,2005,1,99.430748947,41.835,81.4243610958,3.223,0.474
0627-050,2005,1,97.4792959537,1.329,-5.0833530917,1.904,0.108
0629-141,2005,1,97.8342758508,0.156,-14.1754843395,0.37,-0.202
0629-418,2005,3,97.7999917668,0.707,-41.9074851753,0.984,-0.737
0630+367,2005,1,98.39338205,2.943,36.7138180886,1.688,0.359
0630-261,2005,1,98.0270913165,0.866,-26.2372324526,2.093,-0.518
0632-235,2005,1,98.7458374465,0.119,-23.5866547853,0.29,-0.197
0633-211,2005,1,99.002506981,0.199,-21.2200558586,0.427,-0.177
0633-263,2005,1,98.8371210259,0.881,-26.3444081775,1.813,-0.53
0634-057,2005,1,99.2013729323,0.117,-5.7854294128,0.28,-0.32
0636+680,2005,2,100.5177387975,0.572,67.9765614528,0.219,-0.344
0637-216,2005,1,99.8696899114,6.365,-21.6993928217,15.534,-0.449
0637-337,2005,1,99.8371027612,0.977,-33.7666983861,0.798,0.337
0637-752,2005,32,98.9437827343,1.63,-75.2713376082,0.199,-0.342
0638+528,2005,1,100.6159242152,0.365,52.7997982417,0.393,0.024
0639+098,2005,1,100.4383166845,20.727,9.7845464366,27.626,-0.947
0639+115,2005,1,100.6042327211,4.324,11.475807204,3.464,-0.12
0639+352,2005,1,100.7422483042,0.508,35.1551051484,0.937,-0.043
0639-032,2005,1,100.4630538558,0.112,-3.3468284458,0.256,-0.428
0640+074,2005,1,100.8419721642,0.963,7.4145686436,1.268,0.471
0640+090,2005,1,100.8601880467,2.221,8.9605583512,1.986,-0.354
0641-135,2005,1,100.8848405862,0.14,-13.5971883761,0.3,0.071
0642+449,2005,127,101.6334416912,0.056,44.8546083698,0.047,-0.011
0643+057,2005,1,101.4469854651,1.068,5.6895515029,1.944,0.449
0644-390,2005,1,101.6288352036,3.05,-39.0608637816,9.057,0.767
0645-160,2005,1,101.874862246,0.22,-16.0909332386,0.586,-0.488
0646+563,2005,1,102.700794346,0.498,56.276247351,0.502,0.08
0646-176,2005,1,102.1187439518,0.16,-17.7348445324,0.347,-0.306
0646-306,2005,1,102.0587354837,0.755,-30.7387943401,0.482,0.171
0647+040,2005,1,102.6588922666,0.455,3.969011208,0.715,0.112
0648-086,2005,1,102.6882302776,0.497,-8.6667174068,0.955,-0.008
0648-165,2005,6,102.6024244417,0.302,-16.6277015969,0.465,0.139
0649-209,2005,1,102.9921668955,0.097,-21.0199765804,0.183,-0.352
0650+052,2005,1,103.3645160195,2.308,5.147517657,2.021,0.759
0650+507,2005,1,103.5920547023,0.239,50.7066315273,0.252,0.04
0650-063,2005,1,103.2524900018,0.212,-6.4257505291,0.502,-0.662
0651-194,2005,1,103.4908567705,0.148,-19.4943549404,0.347,-0.208
0654+244,2005,1,104.273648105,0.203,24.398720595,0.388,-0.049
0656+082,2005,69,104.824983532,0.237,8.2252647141,0.525,-0.727
0657+172,2005,2,105.0063564501,0.118,17.1560281125,0.256,-0.241
0657-276,2005,1,104.9579875642,0.274,-27.7551417751,0.627,0.157
0700-197,2005,1,105.6787527304,0.143,-19.8561208989,0.34,-0.168
0700-286,2005,1,105.6683445267,0.368,-28.6972359704,1.168,-0.693
0701-130,2005,1,106.0259844145,1.413,-13.1228659334,2.292,0.151
0705+377,2005,1,107.288427161,0.266,37.6314392915,0.313,0.423
0707+476,2005,1,107.6921037737,0.156,47.5364284899,0.186,0.037
0707-028,2005,1,107.4377274502,0.191,-2.9215268044,0.399,-0.001
0708+506,2005,1,108.1820150771,0.214,50.5563076033,0.235,0.256
0708-204,2005,1,107.6942603829,3.374,-20.5566515564,5.014,0.14
0710+439,2005,2,108.4090172382,0.199,43.821446652,0.201,-0.133
0716+714,2005,6,110.4727018716,0.453,71.3434342901,0.216,-0.322
0716-181,2005,1,109.5589918911,0.315,-18.2177927693,0.601,0.518
0718+157,2005,1,110.2600566659,0.42,15.6786029687,0.918,-0.318
0718+792,2005,116,111.5488969525,0.73,79.1919489738,0.108,0.009
0721-071,2005,1,111.0720525522,0.163,-7.2556533825,0.425,-0.555
0722+145,2005,5,111.3200323298,0.109,14.4204851811,0.17,-0.25
0723+067,2005,1,111.6515171809,0.427,6.6119033783,0.82,-0.096
0723+679,2005,1,112.0453986058,0.495,67.8130647496,0.134,-0.082
0723-265,2005,2,111.3517214068,0.248,-26.6757443016,0.632,-0.443
0725+219,2005,1,112.0858678732,0.144,21.8851083704,0.291,0.045
0727-115,2005,177,112.5796353347,0.126,-11.6868334994,0.101,-0.082
0729+146,2005,1,112.9958206215,0.445,14.5601368822,0.65,-0.268
0730+504,2005,4,113.4688357744,0.229,50.3691840047,0.218,0.535
0733-174,2005,3,113.9408854691,1.091,-17.5968063005,0.567,0.271
0734-044,2005,1,114.1401131738,3.576,-4.5532943704,6.216,-0.039
0734-072,2005,1,114.2797209915,1.111,-7.3438997768,1.256,0.243
0735+178,2005,3,114.5308072752,0.11,17.7052773612,0.19,-0.13
0736+017,2005,2,114.8251412699,0.111,1.6179493493,0.136,0.02
0737+289,2005,1,115.139765964,0.483,28.8797908347,0.75,-0.131
0738+313,2005,2,115.2945971435,0.16,31.2000639355,0.346,-0.17
0738+491,2005,2,115.5114540794,0.174,49.0043358563,0.137,0.087
0738-674,2005,3,114.7354009785,0.646,-67.5974517143,0.284,0.4
0740-383,2005,1,115.6750197921,8.095,-38.4844242913,17.352,0.714
0741+214,2005,1,116.1969862638,0.33,21.3334519426,0.567,-0.062
0741-045,2005,1,115.9683609402,0.185,-4.6723694105,0.395,-0.014
0741-379,2005,1,115.9367532893,3.025,-38.0656808311,10.846,0.637
0742+333,2005,1,116.4971833639,0.517,33.2261488937,0.817,0.192
0743+259,2005,140,116.6078090862,0.082,25.8172596656,0.077,-0.043
0743-673,2005,5,115.8817150743,1.049,-67.4404295913,0.361,-0.215
0745+241,2005,4,117.1504553272,0.134,24.0066971854,0.25,-0.119
0745-165,2005,1,117.0128492745,0.17,-16.6639595829,0.41,-0.183
0746+483,2005,1,117.585151417,0.535,48.2482100056,0.462,0.364
0746+688,2005,1,117.9416032711,3.147,68.6741202918,0.774,0.562
0748+019,2005,1,117.7595064745,0.684,1.8710446398,1.148,-0.162
0748+126,2005,6,117.7168572623,0.102,12.5180078494,0.144,-0.104
0748-069,2005,1,117.69645173,0.666,-7.1011182622,1.071,-0.024
0749+540,2005,74,118.2557690564,0.097,53.88323254,0.071,0.11
0754+100,2005,3,119.2776789342,0.129,9.9430145912,0.181,0.04
0754-155,2005,1,119.2112456888,0.126,-15.7015101619,0.3,-0.366
0757+441,2005,1,120.2844839824,0.22,44.0194877927,0.298,-0.002
0758-229,2005,1,120.0532952364,0.6,-23.0473719247,1.592,-0.057
0758-398,2005,1,120.101121683,2.841,-39.9882229734,9.742,0.726
0759+183,2005,1,120.7001331649,0.102,18.1636804311,0.2,-0.078
0800+618,2005,1,121.3257483816,0.658,61.7399168079,0.253,0.613
0801-079,2005,1,120.9137787422,0.652,-8.0892750119,0.992,0.12
0802+115,2005,1,121.285440189,0.494,11.3658862248,0.887,-0.587
0802-170,2005,1,121.1404221283,9.319,-17.2011669656,19.415,0.945
0804+499,2005,72,122.1652762047,0.145,49.8434806784,0.117,-0.235
0804-172,2005,1,121.6040235763,1.122,-17.4123154815,1.869,-0.166
0805+410,2005,60,122.2360501846,0.161,40.8791358142,0.171,0.081
0806+524,2005,1,122.454946035,1.998,52.3161813057,1.129,0.532
0807+103,2005,1,122.610099936,5.268,10.1780544193,4.302,0.653
0808+019,2005,9,122.8612805033,0.168,1.7811722537,0.232,-0.364
0811-179,2005,1,123.5329203909,6.932,-18.107238213,7.733,0.203
0812+367,2005,2,123.8581035634,0.106,36.5875412841,0.176,-0.083
0814+240,2005,1,124.2939490094,0.733,23.8733201017,0.695,-0.26
0815-094,2005,1,124.4572898023,0.33,-9.5584802315,0.806,-0.594
0815-294,2005,1,124.4952091817,0.327,-29.6087283929,0.711,0.165
0816+279,2005,1,124.8285655663,0.287,27.7918580596,0.505,-0.224
0817-063,2005,1,124.9026979422,1.071,-6.5133811458,2.542,0.232
0818-128,2005,3,125.2393650645,0.179,-12.9831025654,0.114,-0.247
0820+560,2005,2,126.196818125,0.23,55.8785192119,0.128,-0.2
0821+248,2005,1,126.137538746,0.211,24.6453099473,0.409,-0.076
0821+394,2005,5,126.2311827571,0.181,39.2783066277,0.213,0.002
0821-094,2005,1,125.9667641363,1.694,-9.6571978672,3.058,-0.034
0821-182,2005,1,126.016941692,0.263,-18.4613440454,0.624,-0.072
0822+086,2005,1,126.269901701,0.761,8.51974767,0.907,-0.184
0822-243,2005,1,126.205251231,1.365,-24.481265106,3.592,0.037
0823+033,2005,91,126.4597431359,0.124,3.1568111418,0.254,-0.12
0823-500,2005,1,126.3619575159,11.739,-50.1773597739,8.601,-0.935
0826-373,2005,8,127.0199177275,0.628,-37.5184116277,0.534,0.36
0827+243,2005,3,127.7170258246,0.123,24.1832833998,0.166,0.135
0828+493,2005,2,128.0967363893,0.21,49.2225106702,0.141,0.097
0829+046,2005,6,127.9536539162,0.266,4.494190543,0.306,0.071
0830+160,2005,1,128.2058212458,0.267,15.9023952675,0.503,-0.203
0831+557,2005,2,128.7287668208,0.595,55.5725197454,0.291,0.421
0833+585,2005,2,129.3433736976,0.339,58.4171791739,0.129,0.048
0834+250,2005,1,129.4176902751,0.197,24.9064227341,0.324,-0.469
0834-201,2005,3,129.1633969444,0.555,-20.2831956064,0.363,-0.088
0836+710,2005,2,130.3515218925,0.361,70.8950480557,0.1,0.059
0838+133,2005,1,130.198285012,0.14,13.2065455081,0.296,-0.431
0839+187,2005,3,130.5212257269,0.18,18.5947198324,0.461,0.123
0844+387,2005,1,131.8132048203,0.991,38.5194400654,0.809,-0.07
0844-177,2005,2,131.7965420771,1.459,-17.9139268232,2.527,0.43
0844-259,2005,1,131.7359023885,1.28,-26.1307389374,2.657,0.755
0845-068,2005,1,131.9864050984,0.149,-7.0546950862,0.339,-0.386
0846+513,2005,1,132.4915700309,0.235,51.1413953289,0.239,0.227
0850+581,2005,3,133.6749850536,0.249,57.9583163515,0.164,-0.01
0850-152,2005,1,133.1285300573,0.475,-15.4690212503,0.976,-0.299
0851+075,2005,1,133.6459851018,0.253,7.340034674,0.46,0.013
0851+202,2005,104,133.7036455233,0.07,20.1085113698,0.067,0.062
0851+719,2005,1,134.2286203306,10.156,71.7733062336,1.563,-0.384
0852-254,2005,1,133.6340824374,0.572,-25.6724547336,1.371,0.089
0854-108,2005,1,134.1741840185,0.107,-11.0873418834,0.26,-0.259
0855+142,2005,1,134.6733347825,0.736,14.0945477016,1.987,-0.42
0857+413,2005,1,135.0893077488,0.212,41.1397193051,0.321,-0.129
0858+050,2005,1,135.2994345351,0.161,4.8163425684,0.351,-0.327
0858+542,2005,1,135.5803642979,0.672,54.0492375052,0.564,0.064
0858-125,2005,1,135.1656900564,2.149,-12.7090623659,4.082,-0.205
0859+470,2005,4,135.7666254444,0.164,46.8511492402,0.158,-0.098
0859-140,2005,5,135.570128916,0.248,-14.2585766371,0.364,0.167
0900-171,2005,1,135.7500824605,0.248,-17.3514534521,0.54,-0.418
0901-310,2005,1,135.9080622877,2.402,-31.2942027619,5.456,0.728
0904-201,2005,1,136.7137722779,0.114,-20.3318901358,0.271,-0.13
0905-202,2005,1,136.9751685737,0.173,-20.4470764228,0.477,-0.534
0906+015,2005,1,137.2920483785,0.124,1.3598939206,0.284,-0.333
0906+087,2005,2,137.3006562242,0.401,8.5947497721,0.689,-0.316
0907-023,2005,1,137.4371838753,1.423,-2.5250989931,2.469,0.513
0907-179,2005,1,137.4385800734,1.293,-18.1427628417,3.246,-0.723
0909+445,2005,1,138.2130394101,7.262,44.3679567372,2.951,-0.616
0910-276,2005,1,138.1316121242,5.871,-27.8714523537,8.049,0.373
0912+029,2005,2,138.657972654,0.073,2.7664573743,0.12,0.116
0912+297,2005,3,138.9683404729,0.475,29.5566786975,0.616,-0.041
0913-042,2005,1,138.9069904496,1.808,-4.4878602149,1.704,0.28
0915-135,2005,2,139.4125027753,0.215,-13.7617326081,0.535,-0.57
0917+449,2005,5,140.243577035,0.147,44.6983291719,0.145,-0.251
0917+624,2005,4,140.4009630008,0.371,62.2644944794,0.192,-0.695
0919-052,2005,1,140.5986369868,0.187,-5.4853289771,0.415,-0.358
0919-260,2005,8,140.3723074987,0.173,-26.3120518236,0.167,-0.129
0920+313,2005,1,140.949786063,1.124,31.1317063124,1.132,-0.575
0920+390,2005,2,140.8102206025,0.166,38.8277528121,0.1,0.051
0920-397,2005,2,140.6934095206,0.2,-39.993074613,0.281,-0.182
0921+454,2005,1,141.1874764883,1.279,45.1994213964,0.642,0.096
0922+364,2005,1,141.4660474702,0.197,36.2099096911,0.251,-0.012
0923+171,2005,1,141.4581851785,1.467,16.9700566434,2.406,-0.186
0923+392,2005,137,141.7625580547,0.072,39.0391254964,0.078,-0.033
0925-203,2005,3,141.9659347426,0.558,-20.5808979537,0.323,-0.332
0928+653,2005,1,143.2274063896,1.02,65.1281377269,0.762,-0.394
0928-100,2005,1,142.7613012723,1.462,-10.2236179961,3.234,0.627
0930+396,2005,1,143.5277918961,0.979,39.4422595291,1.43,0.397
0930-080,2005,1,143.32123083,0.206,-8.3196807784,0.548,-0.239
0930-200,2005,1,143.0816100143,1.067,-20.2770020776,2.228,-0.102
0932+197,2005,1,143.8717474991,0.721,19.4930741559,1.575,-0.716
0932-194,2005,1,143.815064024,5.825,-19.6524359259,8.548,-0.816
0936-069,2005,1,144.7337678684,0.158,-7.133504916,0.332,-0.141
0938-133,2005,1,145.2606228081,0.134,-13.5974958166,0.31,-0.27
0939-077,2005,1,145.5894225514,0.205,-7.9981123684,0.496,-0.561
0940+364,2005,1,145.8298060832,0.253,36.2477979904,0.387,-0.028
0942+505,2005,1,146.5668542988,0.564,50.3359298671,0.764,-0.043
0943+593,2005,1,146.7702704648,0.593,59.1281876346,0.596,-0.519
0943-016,2005,1,146.4334887782,0.297,-1.8844320407,0.728,-0.008
0945+408,2005,3,147.2305757217,0.231,40.6623851372,0.293,-0.131
0945-287,2005,1,147.0481004156,9.458,-29.0289355625,14.096,0.741
0949+354,2005,2,148.133442437,0.152,35.2145563749,0.213,-0.108
0949+510,2005,1,148.1137862921,8.45,50.8140667749,9.329,-0.605
0951+175,2005,1,148.4967954713,5.12,17.3490678608,7.642,0.389
0951+488,2005,1,148.7708382019,0.908,48.6386228479,0.649,-0.059
0951+693,2005,3,148.8882211635,0.865,69.0652946938,0.19,0.609
0952+179,2005,1,148.7367650665,0.147,17.7253395358,0.161,-0.055
0953+254,2005,72,149.2078141806,0.323,25.2544583785,0.31,0.524
0954+658,2005,5,149.6968545522,0.287,65.5652273008,0.117,-0.347
0954-135,2005,2,149.3257627935,0.181,-13.8336600528,0.421,-0.337
0955+326,2005,3,149.5872901067,0.17,32.4006137558,0.242,-0.107
0955+476,2005,134,149.5819651417,0.079,47.4188451152,0.065,0.004
0956-359,2005,1,149.6287223805,2.85,-36.2113345601,7.692,0.726
0959+127,2005,1,150.6272362598,4.143,12.535986748,6.934,0.768
1004+141,2005,3,151.9229087251,0.258,13.9415557938,0.175,-0.282
1004-125,2005,1,151.8134487803,0.239,-12.7961098476,0.609,-0.278
1004-500,2005,3,151.5583721841,0.453,-50.303741974,0.439,0.606
1007+066,2005,1,152.4575340837,1.202,6.3669401832,1.727,-0.173
1008+013,2005,1,152.8151633915,0.656,1.1118093782,1.915,-0.815
1008-285,2005,1,152.7729890572,0.285,-28.7945603435,0.636,-0.087
1010-374,2005,1,153.1003118658,5.913,-37.6683052349,14.931,0.866
1011+250,2005,2,153.47261988,0.107,24.8212335394,0.148,0.118
1012+232,2005,4,153.6961060564,0.122,23.0212697126,0.154,-0.074
1012-448,2005,2,153.7098124371,1.519,-45.1447646049,1.653,0.627
1013+014,2005,1,153.9877296394,0.479,1.153818448,0.716,0.222
1015+359,2005,4,154.5457836812,0.148,35.7109557085,0.19,0.077
1016-311,2005,1,154.6198061409,0.764,-31.3982920699,0.654,0.092
1017+436,2005,1,155.113346209,0.592,43.3489831176,0.491,0.294
1020+400,2005,2,155.7981902985,0.241,39.8042737933,0.332,-0.025
1020-097,2005,1,155.7396567865,1.518,-9.9729426468,2.721,-0.767
1022+194,2005,2,156.1867066887,0.118,19.2056709189,0.263,0.026
1022+237,2005,1,156.2234889224,0.241,23.5427674855,0.373,-0.355
1022-665,2005,7,155.9313881313,0.73,-66.7801993919,0.259,0.364
1023+747,2005,1,156.8506117945,1.115,74.4739159224,0.443,-0.049
1023-049,2005,1,156.4392623016,0.828,-5.1650367493,1.572,-0.476
1025+242,2005,1,157.0885830205,0.518,24.0227147391,1.194,-0.055
1029-041,2005,1,157.9791743236,0.346,-4.3980192018,0.694,0.691
1029-137,2005,1,158.0259443378,2.545,-14.0054074935,3.491,0.432
1030+074,2005,2,158.3917678905,0.187,7.190596557,0.393,0.099
1030+415,2005,3,158.2654494668,0.14,41.2683980819,0.191,0.305
1032-199,2005,8,158.7589805609,0.714,-20.1928775712,0.457,0.391
1034-293,2005,49,159.3169989171,0.202,-29.5674481661,0.275,0.422
1034-374,2005,5,159.2226650633,0.377,-37.7375185455,0.87,0.071
1035+046,2005,1,159.4139147608,0.305,4.4004848901,0.593,0.39
1035+430,2005,1,159.5757937064,0.459,42.7452112041,0.402,-0.364
1036+054,2005,3,159.6949161822,0.123,5.2080797525,0.237,-0.101
1038+064,2005,4,160.3215103876,0.103,6.1713677587,0.235,-0.138
1038+212,2005,1,160.3629287519,2.787,21.0281843228,1.922,0.535
1038+528,2005,2,160.444923527,0.184,52.5578419978,0.149,0.301
1039+811,2005,3,161.0960937467,0.579,80.9109564178,0.086,0.02
1040+123,2005,1,160.6858553551,0.418,12.0586841951,0.275,-0.217
1042+178,2005,1,161.3098324311,0.145,17.5966899477,0.292,-0.574
1044+007,2005,1,161.7785997573,5.056,0.4936337083,3.837,0.225
1044+719,2005,91,162.1150830264,0.131,71.7266496012,0.045,-0.034
1045-188,2005,5,162.0275858601,0.135,-19.1599241146,0.262,-0.114
1048-313,2005,3,162.7699064927,0.826,-31.6373077131,0.369,-0.507
1049+215,2005,3,162.953287837,0.152,21.3311983098,0.172,0.086
1053+704,2005,2,164.2234063017,0.213,70.1960876466,0.092,-0.025
1053+815,2005,96,164.5480643801,0.901,81.2424098036,0.138,0.183
1055+018,2005,1,164.6233550295,0.106,1.5663398381,0.169,-0.134
1055-301,2005,4,164.5017809665,0.524,-30.4152854786,1.744,0.302
1057-797,2005,60,164.6804572877,1.062,-80.0650443607,0.156,-0.006
1059+229,2005,1,165.5131018615,0.409,22.6989239524,0.59,-0.474
1101+384,2005,42,166.113808106,0.235,38.2088330767,0.26,0.066
1101-325,2005,2,165.8813601333,0.857,-32.8546374338,0.516,-0.226
1101-536,2005,3,165.9675902816,0.454,-53.9501935884,0.408,0.39
1102-392,2005,1,166.2961735528,2.77,-39.4783703508,8.537,0.808
1103+284,2005,1,166.5302571442,0.191,28.2130736907,0.329,0.162
1104+525,2005,1,166.8576157676,0.331,52.3254546463,0.365,-0.543
1104-445,2005,3,166.7862258493,0.579,-44.818782342,1.302,0.204
1105-680,2005,4,166.8028949055,1.75,-68.3474244714,0.893,0.414
1106+023,2005,1,167.1895350017,3.378,2.0446951698,4.187,0.539
1106+084,2005,1,167.156244464,1.862,8.1837752088,5.016,-0.951
1109+076,2005,1,168.0398272571,0.152,7.413643963,0.327,0.062
1109+350,2005,1,168.161538107,0.269,34.7775303436,0.4,-0.276
1111+149,2005,2,168.4945629121,0.418,14.7074867724,0.228,0.386
1113-307,2005,1,168.9950584005,4.833,-30.9909521237,8.438,0.781
1116+128,2005,8,169.7387559712,0.193,12.5782550392,0.264,-0.25
1116-462,2005,3,169.6123242241,2.173,-46.5708339954,0.767,-0.63
1119-044,2005,1,170.4296434489,3.278,-4.710042038,6.145,0.782
1119-069,2005,1,170.4255122702,0.238,-7.1850946968,0.51,0.059
1120-274,2005,1,170.7350420053,1.595,-27.7134608221,3.74,0.699
1121-147,2005,1,171.0106903922,0.886,-15.0330411715,1.445,0.481
1123+264,2005,2,171.4737996605,0.108,26.1722162152,0.116,-0.222
1124+067,2005,1,171.7214414781,0.569,6.4324837456,0.729,-0.131
1124-056,2005,1,171.7396809493,3.921,-5.931328339,10.485,0.07
1124-186,2005,96,171.7683018806,0.162,-18.9548449408,0.127,0.06
1124-382,2005,1,171.6838881168,4.144,-38.4788997304,12.428,0.806
1127-145,2005,5,172.5293855645,0.525,-14.8242747089,0.43,0.439
1127-368,2005,1,172.4824333591,4.143,-37.1326007606,11.56,0.795
1128+385,2005,70,172.7220108984,0.095,38.2551519274,0.089,0.112
1129-580,2005,4,172.9303669688,0.902,-58.3148452579,0.435,0.663
1130+005,2005,1,173.2626251675,0.131,0.2636057185,0.298,-0.025
1130+009,2005,2,173.3335658295,0.144,0.6813437086,0.187,-0.093
1132-306,2005,1,173.8365715293,4.172,-30.9416439728,10.546,0.794
1133+344,2005,1,174.1139330026,0.167,34.1276345272,0.252,-0.025
1133-041,2005,1,173.9926457655,0.126,-4.4744130913,0.257,-0.082
1137-272,2005,1,175.0441571397,2.981,-27.5112969419,9.509,0.697
1139+160,2005,1,175.5322330927,0.613,15.7983832834,1.111,-0.485
1141+011,2005,1,176.036307383,0.68,0.9100931675,1.044,-0.149
1143-245,2005,3,176.5337636523,0.711,-24.7924713152,0.44,0.247
1143-287,2005,4,176.609119008,0.407,-28.9884737497,1.611,0.38
1143-696,2005,2,176.4734339664,1.01,-69.9004994125,0.456,0.45
1144+402,2005,6,176.7429079969,0.152,39.9761957007,0.184,-0.027
1144-379,2005,26,176.7557112763,0.269,-38.2030621331,0.249,-0.003
1145-005,2005,1,177.0299658026,1.651,-0.7793535781,3.281,-0.731
1145-071,2005,3,176.9648083726,0.131,-7.4114281767,0.123,-0.06
1146+286,2005,1,177.2871063562,0.168,28.4096928289,0.267,0.095
1147+067,2005,1,177.6363711252,0.326,6.5081720728,0.562,-0.113
1147+245,2005,2,177.5800506808,0.166,24.2982875589,0.183,-0.235
1147-063,2005,1,177.59994452,0.163,-6.6740475008,0.371,-0.582
1148-671,2005,1,177.8059439578,1.251,-67.4697480832,0.738,0.0
1150+334,2005,1,178.2162922432,0.315,33.1218790442,0.745,-0.053
1150+497,2005,2,178.3519444039,0.161,49.5191195057,0.137,0.116
1150+812,2005,6,178.3020797963,0.538,80.974765128,0.103,-0.067
1150-050,2005,1,178.231214915,1.027,-5.330148885,1.431,-0.021
1153-100,2005,1,178.9397972461,1.879,-10.2978465061,3.175,0.314
1155+251,2005,3,179.607447923,0.465,24.8383231534,0.567,-0.14
1156+101,2005,1,179.7994454922,4.161,9.9130514705,3.678,0.347
1156+295,2005,109,179.8826412903,0.145,29.2455074252,0.19,-0.06
1156-663,2005,1,179.8262729459,0.909,-66.5942852629,0.387,0.32
1157+532,2005,1,180.0474337734,2.89,53.0130221541,1.528,-0.721
1158+007,2005,1,180.3468784123,0.488,0.4745321868,1.299,-0.713
1159+148,2005,1,180.4344536755,0.131,14.5267914842,0.241,0.077
1204-267,2005,1,181.868134598,1.418,-27.052801222,2.32,-0.636
1205+011,2005,1,182.1402261062,1.911,0.9060896607,3.088,-0.29
1213+350,2005,2,183.9816710041,0.134,34.8042278967,0.195,-0.071
1213-172,2005,5,183.9447990749,0.544,-17.5292786463,0.442,0.279
1215+303,2005,2,184.4670081811,0.136,30.1168432661,0.231,-0.171
1216+487,2005,2,184.7767281483,0.175,48.4989346406,0.114,0.126
1217+662,2005,1,184.8991415817,3.732,66.0088456561,1.174,0.484
1219+044,2005,37,185.5939567449,0.119,4.22104885,0.241,-0.16
1219+285,2005,2,185.3820437314,0.246,28.2329166646,0.232,-0.1
1221+809,2005,3,185.9187237867,1.054,80.6678723561,0.185,0.329
1222+216,2005,2,186.2269100641,0.123,21.3795524625,0.216,-0.342
1224+439,2005,1,186.7412686003,3.686,43.6829010893,6.717,-0.795
1224-132,2005,1,186.7267448858,0.356,-13.4774959375,0.825,-0.314
1225+028,2005,1,187.0802360907,0.223,2.5414989263,0.478,-0.132
1225+498,2005,1,186.9821862866,0.306,49.548901618,0.413,-0.106
1226+023,2005,4,187.2779161038,1.873,2.0523881149,1.969,0.93
1226+373,2005,2,187.1975986677,0.176,37.1033599362,0.204,0.208
1228+126,2005,108,187.7059307678,0.206,12.3911232843,0.281,-0.272
1229-099,2005,1,188.066082731,0.934,-10.2569913648,1.597,-0.136
1235+208,2005,1,189.4857954658,0.63,20.5719028352,0.696,0.534
1236+077,2005,2,189.8524514044,0.124,7.5047747383,0.147,-0.084
1237-101,2005,2,189.929422834,0.209,-10.3913035372,0.141,0.353
1240+381,2005,2,190.714037918,0.147,37.8500069626,0.102,-0.173
1241+176,2005,1,191.0451023096,6.891,17.3512532397,8.02,-0.915
1241-262,2005,1,191.0610082135,0.288,-26.5569443447,0.689,0.161
1243-072,2005,1,191.5176343416,0.689,-7.5129373797,0.366,0.042
1244-255,2005,6,191.69500843,0.211,-25.7970248017,0.268,-0.13
1247+025,2005,1,192.6357533395,0.128,2.2756035731,0.278,-0.147
1247+139,2005,1,192.6175755095,1.746,13.7278848415,2.686,-0.243
1247+166,2005,1,192.5384462655,1.417,16.3559617207,1.335,0.004
1248-170,2005,1,192.8103130243,0.186,-17.2869888159,0.437,-0.397
1251-130,2005,1,193.6311177059,0.474,-13.2878373973,1.38,0.428
1251-713,2005,3,193.74967301,0.78,-71.6384545634,0.258,0.333
1252+028,2005,1,193.6894438396,0.654,2.5580450635,1.135,0.235
1252+119,2005,2,193.6593983805,0.123,11.6849708599,0.156,-0.273
1253-216,2005,1,194.1062968145,2.691,-21.9225420395,4.649,-0.623
1255-316,2005,33,194.4960867144,0.216,-31.921347721,0.293,0.862
1256-220,2005,1,194.7269949203,0.126,-22.3253124347,0.304,-0.162
1257+145,2005,3,195.0871617544,0.283,14.2884810219,0.251,-0.312
1257-326,2005,1,195.1767750485,0.265,-32.8866982139,0.596,0.138
1258+087,2005,1,195.1518282158,0.316,8.4674619677,0.657,-0.381
1258+145,2005,1,195.1709876691,1.732,14.2915039186,2.398,-0.246
1259+468,2005,1,195.3858595133,0.387,46.5674832548,0.476,0.203
1300+580,2005,132,195.7186053543,0.106,57.8104470194,0.061,0.0
1306-395,2005,1,197.4520346483,0.318,-39.8091905726,0.909,-0.308
1307+121,2005,2,197.3913851917,0.248,11.9068202754,0.366,0.256
1308+326,2005,152,197.6194327294,0.125,32.3454952626,0.138,-0.174
1308+328,2005,3,197.7475113764,0.164,32.5595693518,0.196,0.094
1308+554,2005,1,197.7633780716,0.572,55.2317564911,0.494,-0.748
1312+126,2005,1,198.7577202568,0.744,12.3479550523,1.532,-0.821
1313-333,2005,2,199.0332747846,0.228,-33.6497701303,0.16,-0.219
1315+346,2005,2,199.4020590798,0.199,34.4210923593,0.302,-0.242
1315+415,2005,1,199.4133073308,2.238,41.2626716149,2.39,0.531
1316-123,2005,1,199.881956795,0.201,-12.6569654257,0.479,-0.483
1317-005,2005,1,199.911525752,0.194,-0.8277609528,0.507,0.184
1320+394,2005,1,200.7319352513,0.403,39.2022088533,0.529,0.408
1324+224,2005,7,201.7535888308,0.127,22.1806008221,0.191,-0.018
1325+126,2005,1,201.9778458608,0.117,12.3858828411,0.229,-0.279
1325-558,2005,5,202.2547703912,0.671,-56.1340738654,0.456,0.716
1328-034,2005,1,202.8715060232,0.344,-3.6872539177,0.605,0.029
1328-263,2005,1,202.7987208548,1.167,-26.6526715008,3.274,-0.669
1329-126,2005,1,203.1635476421,0.461,-12.9375953838,1.004,0.368
1329-137,2005,1,203.1288711621,10.145,-14.0369955922,11.473,0.695
1333-186,2005,1,204.1433054299,0.292,-18.8782429605,0.652,0.289
1334-127,2005,150,204.4157615983,0.139,-12.9568592828,0.117,-0.039
1341-171,2005,1,206.0600102423,0.201,-17.3945542617,0.46,0.007
1342+662,2005,2,205.9414981627,0.399,66.0404847046,0.162,-0.07
1342+663,2005,2,206.0361652476,0.478,66.1032344383,0.162,0.005
1343+073,2005,1,206.4554782306,0.489,7.1086450147,0.876,0.204
1343+451,2005,1,206.3882185866,0.195,44.8832147569,0.245,0.08
1347+539,2005,2,207.3944025922,0.213,53.6880666719,0.177,-0.091
1347-163,2005,1,207.6506020597,9.29,-16.5804185161,7.998,0.904
1349-275,2005,1,208.1168594776,1.196,-27.7519817559,3.122,-0.504
1349-439,2005,3,208.2355622092,1.584,-44.2112189078,0.647,-0.798
1351+021,2005,1,208.4649350857,1.568,1.8649699803,2.806,0.742
1351-018,2005,60,208.5287305249,0.141,-2.100886249,0.328,-0.143
1352-104,2005,2,208.6938283715,0.7,-10.6840712248,0.296,0.644
1353-171,2005,1,209.0289708965,2.125,-17.4088396778,4.187,-0.042
1354+195,2005,3,209.2684860591,0.104,19.318714619,0.147,0.02
1354-107,2005,1,209.1951332385,3.104,-11.0247838175,2.603,0.731
1354-152,2005,2,209.296854131,0.254,-15.4579967172,0.706,-0.237
1354-174,2005,3,209.2753087259,0.779,-17.7338627204,0.443,0.082
1355+115,2005,1,209.5934152754,0.384,11.3258108129,0.661,-0.15
1356+478,2005,1,209.6694431339,0.561,47.6328639983,0.466,0.032
1357+769,2005,134,209.4807147714,0.24,76.7225141497,0.053,0.009
1357-187,2005,1,210.0161083682,0.167,-18.9697462062,0.365,-0.214
1402+044,2005,2,211.254665887,0.198,4.2599497668,0.35,-0.524
1402+077,2005,1,211.137468035,0.299,7.4797124524,0.54,0.531
1402-012,2005,3,211.1912311732,0.547,-1.5060964022,0.294,-0.281
1404+286,2005,139,211.7516434077,0.127,28.4540806249,0.152,-0.121
1406-076,2005,2,212.2353383665,0.167,-7.8740740342,0.254,-0.337
1409+373,2005,1,212.8104839218,0.345,37.0932287956,0.542,-0.629
1412-097,2005,1,213.8368103085,5.786,-9.9328671733,6.326,0.786
1412-368,2005,1,213.8584084426,26.964,-37.0908234975,5.076,0.986
1413+135,2005,5,213.9950729605,0.096,13.3399202656,0.171,0.008
1413-168,2005,1,214.1432074247,0.336,-17.0960372678,0.757,-0.207
1416+067,2005,2,214.7840840742,0.298,6.4763342753,0.417,-0.492
1417+273,2005,2,214.9970710952,0.198,27.1070979318,0.18,-0.142
1417+385,2005,46,214.9442240362,0.163,38.3634652567,0.188,-0.134
1418+546,2005,92,214.9441558408,0.153,54.3874408642,0.102,-0.156
1420-220,2005,1,215.9200428038,0.911,-22.3048652809,1.712,0.264
1420-679,2005,3,216.2314890942,0.902,-68.1328039218,1.01,-0.241
1421-138,2005,1,216.0668125607,1.048,-14.1174991316,1.63,0.178
1423+146,2005,1,216.4542418108,0.25,14.4158061337,0.802,-0.16
1424-418,2005,103,216.9845732394,0.286,-42.105399366,0.248,0.281
1431-115,2005,1,218.588066225,0.328,-11.7720865745,0.814,-0.677
1432+200,2005,1,218.6658056692,0.156,19.866870982,0.188,0.176
1435+638,2005,2,219.1908422248,0.185,63.6105183957,0.103,0.302
1436+214,2005,1,219.7870929253,0.964,21.2474507193,0.938,0.297
1438+016,2005,1,220.1401957102,0.492,1.4514472846,0.88,-0.291
1438+021,2005,1,220.247899573,0.197,1.9622644127,0.416,0.025
1438-151,2005,1,220.4392384727,0.413,-15.393406905,0.988,-0.234
1442+101,2005,2,221.3186051233,0.274,9.9766869147,0.148,-0.035
1443-162,2005,3,221.4724012581,0.519,-16.4837831133,0.26,-0.353
1445-161,2005,4,222.0627256017,0.554,-16.3401525264,0.555,-0.27
1446-005,2005,1,222.3191263024,0.436,-0.7553414716,0.751,-0.276
1448+762,2005,2,222.1199125228,0.571,76.0198881098,0.164,0.135
1448-232,2005,1,222.760456398,2.812,-23.4919715871,9.172,-0.782
1448-648,2005,3,223.1653301428,1.014,-65.0342869764,0.514,0.232
1450-251,2005,1,223.4342455697,0.34,-25.3798620089,0.763,-0.377
1451+094,2005,1,223.4988845195,3.119,9.2620360422,3.859,-0.358
1451+106,2005,1,223.4343379163,0.312,10.4326567861,0.519,0.021
1451+352,2005,1,223.3272721789,0.562,35.0942679613,1.003,-0.036
1451-375,2005,5,223.614207332,0.243,-37.7925400788,0.426,-0.2
1452+166,2005,1,223.5868960352,0.139,16.4067696723,0.315,-0.11
1452+301,2005,1,223.6345730584,5.16,29.9327883753,9.315,0.186
1454-354,2005,3,224.3612986987,0.479,-35.6527701996,0.99,0.704
1455+098,2005,1,224.4688824095,1.774,9.6379299489,2.729,-0.435
1457+449,2005,1,224.8977419882,0.27,44.7021999339,0.406,0.236
1457-237,2005,1,225.2162050415,0.942,-23.9722751194,3.738,-0.224
1458+718,2005,5,224.7815995946,0.385,71.6721850037,0.203,0.009
1459+480,2005,2,225.2027258597,0.188,47.8543161192,0.125,0.002
1459-149,2005,1,225.604239388,0.335,-15.1479221254,0.837,-0.216
1500+045,2005,1,225.8703655237,0.214,4.3302754175,0.475,-0.406
1502+036,2005,3,226.2769880853,0.173,3.44189241,0.151,-0.028
1502+106,2005,6,226.1040824027,0.103,10.4942218347,0.217,-0.132
1504+127,2005,1,226.8406588103,0.222,12.6080767562,0.481,-0.211
1504+377,2005,1,226.5397082313,0.196,37.514203481,0.176,0.331
1504-166,2005,5,226.7699458173,0.343,-16.8750742008,0.511,0.215
1505+428,2005,1,226.7210077191,0.219,42.6563985836,0.225,0.249
1505-156,2005,1,227.1487566305,0.169,-15.8087587567,0.416,-0.303
1506-074,2005,1,227.3356396497,0.747,-7.5967157936,1.024,0.325
1508-055,2005,3,227.7232976172,0.159,-5.7187270327,0.126,0.115
1510-089,2005,2,228.210553793,0.154,-9.099952622,0.087,-0.141
1511-476,2005,5,228.6667690231,0.408,-47.8082938763,0.716,0.49
1512+030,2005,1,228.6447269566,0.214,2.8801413831,0.433,0.175
1514+004,2005,1,229.1675794111,0.071,0.250530222,0.166,-0.223
1514+197,2005,2,229.2366506715,0.109,19.5369422287,0.185,-0.242
1514-241,2005,4,229.4242214263,0.22,-24.3720767339,0.18,0.102
1517-116,2005,1,229.9366001419,0.222,-11.8623683757,0.522,0.153
1519-273,2005,72,230.6569833245,0.227,-27.5029959814,0.185,0.089
1519-294,2005,4,230.6061931066,0.458,-29.6070082189,1.425,0.596
1523-042,2005,1,231.5625612182,0.843,-4.4194610172,1.375,0.535
1529+346,2005,1,232.9131334061,6.892,34.5010650059,2.615,0.572
1529-131,2005,1,233.1890614569,0.191,-13.3194684662,0.415,-0.02
1529-271,2005,1,233.0107150822,0.267,-27.2771989719,0.641,-0.498
1530-041,2005,1,233.3091888797,0.404,-4.3546191078,0.996,0.103
1531-221,2005,2,233.5980331168,1.114,-22.3150949463,2.502,-0.493
1532+016,2005,2,233.718556976,0.16,1.5178352549,0.383,0.034
1533-316,2005,1,234.227076328,0.884,-31.8542048097,2.075,-0.78
1534+387,2005,1,234.0576924126,0.262,38.5579460857,0.333,-0.1
1534-152,2005,2,234.423221343,0.167,-15.4534721694,0.402,-0.439
1536+057,2005,1,234.7716937317,2.966,5.5773437317,4.048,0.784
1537+312,2005,1,234.8173932997,0.448,31.0687984821,0.462,-0.217
1537-082,2005,1,235.0131351688,1.624,-8.3904173408,2.103,0.085
1537-389,2005,1,235.1439616038,10.013,-39.1049315147,28.576,-0.258
1538+149,2005,7,235.2062146682,0.122,14.7960790832,0.179,-0.029
1539-111,2005,1,235.5001428875,1.011,-11.3146956607,1.609,0.002
1541+835,2005,1,233.983860653,3.888,83.4375686471,0.494,-0.659
1541-230,2005,1,236.059075127,1.447,-23.2003739999,3.225,0.832
1542+616,2005,1,235.7372657838,3.998,61.4987072344,1.347,-0.766
1544+541,2005,1,236.4326072911,0.957,54.0118777173,0.976,-0.107
1544-095,2005,1,236.9220238932,0.731,-9.7258335118,1.278,-0.311
1546+027,2005,2,237.3726535438,0.156,2.6169897614,0.217,0.054
1547+507,2005,2,237.3227856305,0.164,50.6349411304,0.161,-0.102
1547-054,2005,1,237.6243645831,0.998,-5.6363933493,1.373,0.258
1548+056,2005,2,237.6469551713,0.096,5.4529024241,0.201,-0.18
1549+089,2005,1,238.0135901346,0.36,8.8464821401,0.65,-0.354
1554+185,2005,1,239.2284023932,2.422,18.4204377997,2.238,0.106
1554-643,2005,1,239.7095180497,0.746,-64.5415662045,0.486,-0.207
1555+001,2005,1,239.4643082445,0.169,-0.0306700119,0.458,-0.322
1555+030,2005,1,239.4698474679,1.144,2.8910777798,3.079,-0.476
1556-245,2005,4,239.9225378776,0.435,-24.7107866383,1.594,0.597
1557+032,2005,2,239.8790525221,0.142,3.0800714759,0.388,-0.603
1557-053,2005,1,239.9568413747,2.554,-5.5229357296,3.13,0.265
1558+595,2005,1,239.7570979326,13.479,59.4060675338,5.692,0.444
1559+140,2005,1,240.4772384555,1.108,13.9529898543,1.777,0.007
1600+335,2005,2,240.5302644191,0.176,33.4480757024,0.351,0.008
1602+195,2005,1,241.2083073515,0.597,19.4391505238,0.843,0.119
1602-115,2005,1,241.3230485633,0.135,-11.6574530292,0.318,0.014
1604+183,2005,1,241.5667826751,0.308,18.2499495912,0.707,-0.679
1604-333,2005,4,241.8948431204,0.553,-33.519142701,0.518,0.575
1606+106,2005,149,242.1925132937,0.089,10.4854932649,0.083,-0.1
1606+403,2005,1,242.0923236909,0.394,40.2049535498,0.451,-0.443
1606-056,2005,1,242.4114581969,3.359,-5.7901602358,6.612,-0.336
1606-219,2005,1,242.3955530552,2.281,-22.0962802334,4.267,-0.514
1610-771,2005,9,244.4553187855,1.597,-77.2884631515,0.352,0.264
1611+343,2005,161,243.4211010069,0.058,34.2133080273,0.061,-0.057
1611-710,2005,2,244.1276731493,1.304,-71.1420706993,0.494,0.545
1614+042,2005,1,244.3066198346,5.24,4.1449168619,5.799,-0.543
1614+051,2005,3,244.1564867089,0.113,4.9924268876,0.155,-0.09
1614+466,2005,1,244.015694649,0.274,46.5403443731,0.348,0.122
1614-112,2005,1,244.274978408,0.75,-11.3773943434,1.837,0.163
1616+063,2005,2,244.7653652972,0.204,6.2172897657,0.214,-0.065
1616-181,2005,1,244.8195047587,0.403,-18.2893614452,0.914,-0.56
1617+229,2005,1,244.8117692235,0.08,22.7966251969,0.154,-0.239
1619-680,2005,4,246.0768207664,0.842,-68.1534712801,0.374,0.428
1622-253,2005,66,246.4453818393,0.222,-25.4606463876,0.187,0.076
1622-297,2005,3,246.5250866749,0.231,-29.8574919003,0.403,-0.23
1624+416,2005,1,246.4902904509,0.177,41.5779525832,0.187,0.154
1624-617,2005,2,247.2278740698,0.501,-61.8767773568,0.366,0.431
1626-005,2005,2,247.2019488158,0.708,-0.6943623831,1.359,0.294
1626-172,2005,1,247.3198698763,9.248,-17.3452145314,20.237,0.944
1628+071,2005,1,247.674238096,1.328,7.0191963028,1.38,0.073
1630-004,2005,1,248.2403388263,0.609,-0.5558541219,1.681,-0.297
1630-107,2005,1,248.2087904457,1.961,-10.8755542022,3.222,-0.62
1630-258,2005,1,248.3703776628,0.884,-25.9598549132,2.263,0.132
1631-208,2005,1,248.6263489164,0.418,-20.9738717181,0.902,0.638
1633+382,2005,4,248.8145539887,0.111,38.1345834828,0.152,-0.073
1633-131,2005,1,249.066087243,0.752,-13.2590815894,1.205,0.167
1637+574,2005,3,249.5560679562,0.155,57.3399941947,0.088,0.037
1637+826,2005,12,248.1332082916,1.551,82.5378888742,0.142,-0.436
1637-001,2005,1,250.0441090192,0.409,-0.1965400193,0.705,-0.015
1638+118,2005,1,250.2453918065,16.443,11.7345069173,7.949,-0.092
1638+398,2005,13,250.1234698601,0.164,39.7794523901,0.179,-0.021
1639+230,2005,2,250.3551148139,0.161,22.9511202561,0.17,0.013
1639-287,2005,1,250.7473856572,7.179,-28.8327603812,8.588,0.112
1641+399,2005,10,250.7450417445,2.262,39.8102762063,1.088,-0.176
1642+690,2005,3,250.5327021015,0.286,68.9443767976,0.109,-0.015
1645-262,2005,1,252.267979896,4.624,-26.3357286704,16.725,0.339
1647+744,2005,1,251.5631844506,53.374,74.3197051906,56.04,0.892
1647-296,2005,2,252.6647669667,0.669,-29.7297095829,0.299,-0.482
1649+216,2005,1,252.907683626,4.376,21.5901823692,2.643,0.473
1651+747,2005,1,252.4206390638,2.818,74.712394609,0.871,0.305
1652+398,2005,32,253.467569522,0.2,39.7601691271,0.191,-0.181
1653+426,2005,1,253.8283124472,0.272,42.5610620666,0.399,-0.237
1654-199,2005,2,254.3888946861,0.523,-20.0763840504,1.032,-0.111
1655+077,2005,5,254.5375478126,0.136,7.690983455,0.239,-0.128
1656+053,2005,2,254.6393638909,0.1,5.2545676954,0.172,-0.315
1656+348,2005,1,254.5059133072,0.241,34.7245561913,0.155,-0.404
1656+477,2005,5,254.5115816174,0.299,47.6303419181,0.295,0.534
1656+602,2005,1,254.201020685,0.326,60.2045651999,0.24,0.015
1657+022,2005,1,254.9374885338,0.522,2.2186231852,1.378,-0.696
1657-261,2005,2,255.2214752591,0.218,-26.1810348107,0.262,0.228
1657-562,2005,6,255.4369086871,0.44,-56.3655285324,0.557,0.495
1658-189,2005,1,255.3620593049,0.509,-19.0587706409,1.28,-0.069
1659+399,2005,1,255.3526450358,0.14,39.9103032511,0.182,-0.277
1659-621,2005,4,255.902255164,0.58,-62.2111134035,0.401,0.62
1701+016,2005,1,256.0312046262,0.801,1.5690206361,0.93,-0.019
1704+099,2005,1,256.6530305226,0.404,9.8998994189,0.686,-0.251
1704+122,2005,1,256.5854060711,0.469,12.1499429323,0.603,0.32
1704-141,2005,1,256.8349607244,0.209,-14.256424431,0.456,-0.529
1705+018,2005,3,256.8933969606,0.142,1.8126942116,0.327,0.081
1705+188,2005,1,256.973947986,0.332,18.7775057245,0.597,-0.658
1705+456,2005,1,256.8239725005,0.178,45.6029313051,0.138,0.01
1706-174,2005,2,257.3931051314,4.016,-17.4814896166,2.145,-0.028
1708-335,2005,1,257.9541451886,8.702,-33.6447292361,20.714,0.613
1709-182,2005,1,258.1320720822,0.752,-18.3341019611,2.457,-0.247
1710+542,2005,1,257.9187697826,0.249,54.1958707777,0.301,-0.376
1711-208,2005,1,258.635470772,0.847,-20.8984141864,2.033,-0.157
1712-059,2005,1,258.735723785,0.153,-5.9723872284,0.346,-0.44
1713-048,2005,1,259.1103669832,0.139,-4.8699847805,0.36,-0.292
1714+193,2005,1,259.2548581405,0.172,19.2946265985,0.348,-0.338
1714-336,2005,1,259.400120361,2.337,-33.702452051,3.826,-0.022
1715-287,2005,1,259.7057484582,1.128,-28.844749562,2.21,0.619
1716-142,2005,1,259.7584165258,0.164,-14.3386140038,0.403,-0.487
1717+178,2005,3,259.8043686776,0.149,17.7517881013,0.174,0.433
1718+481,2005,1,259.909373128,0.903,48.0700690529,0.738,-0.01
1718-649,2005,2,260.9209556686,0.657,-65.0101695502,0.556,-0.165
1719-050,2005,1,260.514743833,0.194,-5.0569461419,0.396,-0.375
1721-146,2005,1,261.1956939564,0.123,-14.7332671325,0.276,-0.065
1723+051,2005,1,261.6032643679,0.848,5.0785207276,1.227,0.142
1723+658,2005,1,260.8089089541,1.425,65.7961605353,0.947,-0.373
1723-229,2005,1,261.7454354788,0.396,-22.9670969205,0.871,0.005
1724+066,2005,1,261.6872720681,0.138,6.6551415487,0.312,-0.135
1724+322,2005,1,261.646352786,0.163,32.2230617568,0.286,-0.319
1725+044,2005,2,262.1039696974,0.115,4.4513650148,0.143,-0.296
1725-795,2005,4,263.419584653,2.336,-79.5988101942,0.578,0.133
1726+455,2005,88,261.8652117056,0.146,45.5110364991,0.113,0.103
1727+502,2005,2,262.0775999759,0.369,50.2195749539,0.284,0.199
1732+081,2005,1,263.7935229023,0.257,8.1419620906,0.498,0.272
1732+389,2005,2,263.5857438793,0.144,38.9642896854,0.16,-0.069
1732-059,2005,1,263.8616021825,0.857,-5.9972823397,1.684,-0.193
1735-150,2005,1,264.5484814838,0.338,-15.0501657681,0.737,-0.596
1737-081,2005,1,265.0065259186,0.349,-8.1874394888,0.861,-0.746
1738+032,2005,2,265.1549958552,1.511,3.1966219099,1.323,-0.074
1738+476,2005,2,264.9880378909,0.12,47.6328782285,0.111,0.04
1738+499,2005,2,264.8641269426,0.267,49.9176022785,0.204,0.083
1739+522,2005,124,265.154074353,0.072,52.19539095,0.053,-0.003
1739-152,2005,2,265.5485952338,0.317,-15.2914334075,0.908,-0.453
1740-190,2005,1,265.7481238818,9.232,-19.052372358,10.552,0.487
1741+196,2005,1,265.9909692917,1.378,19.5858383609,0.916,0.209
1741-038,2005,175,265.9952338976,0.099,-3.8346157293,0.087,-0.012
1742-078,2005,1,266.362937363,0.46,-7.8844296177,0.991,0.308
1743+173,2005,1,266.3967006534,0.171,17.3337286384,0.194,0.223
1744+260,2005,1,266.7011620208,0.209,26.0556539368,0.372,-0.304
1744+557,2005,2,266.2358629628,0.451,55.7047670532,0.275,0.553
1745+624,2005,70,266.5584755876,0.258,62.4485384362,0.139,0.248
1746+470,2005,2,266.8610304115,0.221,46.9808128354,0.15,-0.102
1749+062,2005,1,268.0611197386,0.154,6.1967097266,0.363,-0.169
1749+096,2005,164,267.8867440601,0.082,9.6502023374,0.075,-0.014
1749+701,2005,4,267.136834456,0.514,70.0974358306,0.227,-0.02
1749-299,2005,1,268.1379453647,8.123,-29.9458053466,12.776,-0.107
1750-187,2005,1,268.2878698871,1.397,-18.7273677063,2.486,0.385
1751+288,2005,5,268.4269735355,0.123,28.8013719253,0.169,-0.179
1751+441,2005,2,268.3443661618,0.244,44.1626906235,0.243,-0.185
1753+731,2005,1,268.0487187928,1.3,73.1890401877,0.481,0.322
1754+159,2005,1,269.140523145,0.729,15.8955089835,0.547,0.664
1756+061,2005,1,269.6421567818,0.473,6.1758249602,1.155,-0.753
1758+388,2005,2,270.1031888718,0.242,38.8085271475,0.142,-0.285
1758-651,2005,4,270.8479029133,0.438,-65.126878144,0.293,0.384
1800+440,2005,7,270.3846450423,0.207,44.0727500056,0.235,-0.098
1800-045,2005,1,270.7892797886,6.182,-4.5507813249,13.728,0.261
1803+172,2005,1,271.4476513772,0.223,17.2488672022,0.423,-0.16
1803+784,2005,19,270.1903494554,0.296,78.4677828845,0.061,-0.019
1805+220,2005,1,271.9116923049,0.248,22.0823364017,0.38,-0.216
1805+310,2005,1,271.882325438,0.812,31.1059940366,1.297,-0.603
1806-458,2005,3,272.4911329181,1.646,-45.8780596872,0.728,-0.838
1807+698,2005,124,271.711169353,0.172,69.8244745759,0.06,0.057
1809-286,2005,1,273.1674678504,0.758,-28.6074837957,2.221,0.177
1815-553,2005,23,274.9391645405,0.605,-55.3557626051,0.234,0.046
1818-050,2005,1,275.2992064855,0.686,-5.0389125057,1.213,0.025
1821+107,2005,3,276.0118968446,0.124,10.7399371625,0.192,0.192
1821+114,2005,1,276.0164499299,0.888,11.4604722364,1.819,-0.664
1823+017,2005,1,276.6044215541,0.125,1.827810843,0.263,-0.037
1823+568,2005,5,276.0294515433,0.248,56.8504140668,0.171,-0.339
1823-294,2005,2,276.5858296998,0.466,-29.4069311921,0.959,0.095
1824+578,2005,1,276.4233277497,1.628,57.8849883003,0.932,0.332
1824-582,2005,4,277.3016764525,0.6,-58.2319894232,0.686,0.172
1828+487,2005,1,277.3824205726,0.148,48.7461559166,0.193,-0.432
1829+219,2005,1,277.8287163196,4.429,22.0034264301,2.411,-0.802
1829-207,2005,1,278.0460265494,0.624,-20.6633901565,0.712,0.628
1830+011,2005,1,278.2823368647,0.424,1.2598057674,0.828,-0.61
1830+285,2005,2,278.2091068589,0.152,28.5599876018,0.154,-0.507
1831+050,2005,1,278.6137978492,1.422,5.1011016386,1.486,-0.049
1833+240,2005,2,278.9428020461,0.19,24.1307860671,0.378,-0.302
1835-345,2005,1,279.6187370797,0.875,-34.4615977411,2.487,-0.687
1839+548,2005,1,280.2390694559,0.577,54.8710860594,0.439,0.099
1842+681,2005,2,280.6401735992,0.249,68.1570077156,0.084,0.048
1842-220,2005,1,281.4162623969,3.254,-22.0101598061,9.902,-0.81
1845+797,2005,2,280.5374581205,0.788,79.7714245171,0.156,-0.026
1849+670,2005,5,282.3169677977,0.417,67.094911141,0.203,0.574
1851+236,2005,1,283.3651166035,0.47,23.7432029688,1.142,-0.612
1851+331,2005,1,283.3616135458,0.462,33.1822590952,0.684,-0.524
1851-157,2005,2,283.5180501666,0.337,-15.6536667958,0.739,0.229
1853-122,2005,1,283.9768557358,1.254,-12.1661010181,2.858,0.43
1856+737,2005,3,283.7387496922,0.401,73.8555297316,0.134,0.123
1858-255,2005,1,285.383860743,5.5,-25.4706204734,13.272,0.763
1901+319,2005,2,285.7330787272,0.12,31.9949171628,0.12,-0.141
1902-119,2005,1,286.3691160025,1.333,-11.8923377703,1.934,0.755
1903+196,2005,1,286.4019670443,0.163,19.7189014141,0.324,-0.313
1903-802,2005,3,288.1667467254,1.773,-80.1683184881,0.293,0.12
1905+222,2005,1,287.0258783532,0.204,22.3761523463,0.361,-0.133
1908-201,2005,75,287.7902204224,0.172,-20.1153080848,0.425,0.307
1909-151,2005,1,288.0497486077,0.171,-15.0826508727,0.366,-0.195
1909-194,2005,1,287.9854964232,1.101,-19.364156558,1.844,0.306
1914-154,2005,2,289.2187958337,0.169,-15.3166865189,0.412,-0.375
1914-194,2005,1,289.436747071,0.234,-19.3587802913,0.598,-0.393
1914-212,2005,1,289.2860186141,3.712,-21.1752168062,7.631,0.155
1917+495,2005,1,289.6899149672,0.351,49.6322317324,0.39,-0.344
1917-248,2005,1,290.0601277408,2.966,-24.7516116437,7.943,0.426
1917-386,2005,1,290.1792032895,11.899,-38.5183539439,21.089,0.618
1918-026,2005,1,290.1802591112,0.179,-2.6032239753,0.392,-0.039
1921-293,2005,21,291.2127331357,0.145,-29.2417003325,0.389,0.263
1922-224,2005,1,291.415792452,0.14,-22.3264203305,0.334,-0.185
1923+210,2005,98,291.4983556429,0.117,21.1072672205,0.084,0.099
1923-101,2005,1,291.6123621813,1.991,-10.0977662545,3.2,0.72
1925-610,2005,2,292.5256672183,0.654,-60.935884545,0.566,-0.085
1926+087,2005,2,292.1702314702,0.739,8.8134483785,1.424,0.003
1927+090,2005,1,292.4494284644,6.095,9.1676753377,10.235,-0.549
1928+738,2005,8,291.9520631834,0.461,73.9671026688,0.114,-0.346
1928+770,2005,1,291.6299626864,2.914,77.1087494612,0.714,-0.234
1928-698,2005,1,293.3798324675,3.338,-69.7163651186,0.55,-0.574
1929+226,2005,4,292.8538198785,0.133,22.7253496257,0.181,-0.191
1929-295,2005,1,293.1477240299,0.234,-29.4783466677,0.597,-0.159
1929-457,2005,4,293.1870322618,0.512,-45.6105357902,0.867,0.394
1932+204,2005,2,293.7936371284,0.361,20.5317097388,0.761,-0.279
1933-400,2005,4,294.3175723423,0.472,-39.9670980241,0.713,0.683
1934+615,2005,1,293.6695139633,0.477,61.6448954016,0.317,-0.188
1934-065,2005,1,294.3333030314,6.278,-6.45779728,13.126,0.736
1935-179,2005,1,294.5206593694,0.257,-17.8223298074,0.62,-0.563
1935-692,2005,3,295.1063674053,0.71,-69.1324920745,0.389,0.058
1936-155,2005,5,294.8610739392,0.184,-15.4286272957,0.198,-0.153
1937-101,2005,2,294.9885691119,0.267,-10.0448667971,1.026,0.364
1938-302,2005,1,295.2926783967,4.159,-30.1223418472,7.065,0.862
1939+429,2005,1,295.2055001825,0.742,43.0735160399,0.575,0.28
1939-053,2005,1,295.4458691055,0.243,-5.1923287428,0.563,-0.649
1939-316,2005,1,295.670475092,0.32,-31.5040583392,0.802,-0.58
1942+722,2005,1,295.3624339168,5.631,72.3617272223,3.75,0.312
1942-020,2005,2,296.3450865762,0.151,-1.889397523,0.365,-0.253
1945-011,2005,1,296.9324321705,0.28,-1.0568131206,0.617,-0.587
1949-052,2005,1,297.9477852871,0.142,-5.1622118743,0.334,-0.023
1951-115,2005,1,298.6714821544,0.102,-11.3896227424,0.249,-0.207
1954+513,2005,2,298.9280761222,0.256,51.5301516987,0.14,-0.307
1954-388,2005,87,299.4992470016,0.203,-38.7517654988,0.182,0.19
1957+386,2005,1,299.8418303254,0.542,38.7817126501,0.523,0.013
1957-135,2005,1,300.1756046007,0.131,-13.4259813654,0.32,-0.16
1958-179,2005,94,300.2378768268,0.138,-17.8160201566,0.109,0.014
1959+241,2005,1,300.4740748343,0.327,24.2777752018,0.526,0.286
2000-045,2005,1,300.8540642078,1.601,-4.3606743537,4.436,0.182
2000-330,2005,1,300.8504849195,5.619,-32.8625368833,0.409,0.92
2001+449,2005,1,300.7170671747,0.313,45.1023131994,0.285,-0.413
2002-375,2005,4,301.4794621456,0.462,-37.3948550116,1.151,0.469
2004+443,2005,1,301.4670350474,9.655,44.4819771939,6.754,0.167
2004-125,2005,1,301.7014296523,1.555,-12.3820279321,4.141,0.615
2005-489,2005,6,302.3557936524,1.328,-48.8315894126,0.996,-0.176
2007+777,2005,4,301.3791609201,0.669,77.8786798784,0.11,0.244
2008-068,2005,3,302.8092326374,0.148,-6.7343210309,0.346,-0.505
2008-159,2005,3,302.8154621793,0.151,-15.7778481253,0.36,-0.145
2013-273,2005,1,304.1933995785,3.574,-27.1467132049,11.149,0.356
2020-015,2005,1,305.8867349238,0.593,-1.3950427193,1.056,-0.376
2020-122,2005,1,305.7298106863,2.837,-12.0679852018,5.836,0.387
2021+003,2005,1,306.0946458552,0.27,0.4647505139,0.538,-0.197
2021+317,2005,3,305.8292389071,0.94,31.8839740257,0.424,0.015
2021+614,2005,2,305.527840543,0.223,61.6163345742,0.179,0.258
2022-289,2005,2,306.4733867944,0.178,-28.7635270571,0.422,-0.072
2025-086,2005,1,306.969171053,0.147,-8.5321880889,0.335,-0.293
2027-052,2005,1,307.5934515329,0.323,-5.0535487175,0.614,-0.57
2029+121,2005,3,307.9791427804,0.188,12.3281500953,0.298,-0.394
2030+547,2005,2,307.9498272113,0.177,54.9175387136,0.158,-0.072
2030-689,2005,3,308.953652084,1.06,-68.7760667892,0.454,-0.382
2032+281,2005,1,308.6178490165,2.309,28.3444411184,2.116,-0.7
2032-168,2005,1,308.7269353289,0.751,-16.6740585108,1.459,-0.075
2033-219,2005,1,309.2132196481,0.168,-21.7768748487,0.411,-0.217
2034-066,2005,1,309.1696206823,0.108,-6.4844021232,0.239,-0.227
2034-155,2005,1,309.3664052322,1.371,-15.366805646,2.404,-0.153
2034-248,2005,1,309.4861456062,0.248,-24.6423781544,0.563,-0.182
2036-034,2005,1,309.7916051101,3.452,-3.2873364888,4.649,0.637
2037+511,2005,154,309.6543114214,0.153,51.3201840568,0.118,0.034
2037-172,2005,1,310.1155565768,0.595,-17.1175294097,1.164,-0.236
2037-253,2005,3,310.036553666,0.779,-25.1296286801,0.441,-0.699
2039-231,2005,1,310.7260585829,0.215,-22.9333058346,0.448,0.385
2040-225,2005,1,310.738651787,1.395,-22.3908095222,2.906,0.328
2041+342,2005,1,310.8935548071,4.069,34.3880541157,2.785,-0.157
2043+156,2005,1,311.4395584714,0.46,15.7909277891,0.66,0.296
2047-266,2005,1,312.6028909951,0.231,-26.4716824846,0.559,0.057
2048+312,2005,4,312.7130479007,0.522,31.4576042065,0.452,0.099
2051+350,2005,1,313.2606152018,2.359,35.2560910392,5.014,-0.351
2051+745,2005,1,312.8905606736,1.02,74.6945828517,0.175,-0.211
2052-474,2005,7,314.0681659745,0.472,-47.2465633522,0.703,0.071
2058-297,2005,4,315.256916576,0.497,-29.5577322543,1.648,0.528
2059+034,2005,3,315.4118090791,0.433,3.6920336117,0.265,-0.387
2102+003,2005,1,316.2821477516,0.731,0.5569468332,1.075,0.275
2103+023,2005,1,316.6172866416,0.276,2.5271669063,0.608,-0.087
2104-173,2005,1,316.8625903912,0.603,-17.1362102433,1.639,-0.016
2105-293,2005,1,317.0308339748,9.014,-29.1881117924,26.954,0.845
2106-413,2005,6,317.3882858133,0.359,-41.1723903557,0.613,0.483
2109-811,2005,2,319.1285240192,3.401,-80.898673033,0.374,0.191
2112-144,2005,1,318.8268148504,0.134,-14.2787144214,0.306,-0.246
2113+293,2005,81,318.8725560403,0.103,29.5606574893,0.148,0.066
2115-305,2005,1,319.5441544453,7.468,-30.3198865076,12.578,-0.934
2116+543,2005,1,319.4853530655,2.872,54.5256955238,1.916,0.34
2116-068,2005,1,319.6801762349,1.181,-6.6049989128,2.015,0.578
2118-037,2005,1,320.2019733207,0.624,-3.5080361647,1.115,0.086
2121+053,2005,49,320.9354891346,0.101,5.5894702962,0.131,-0.158
2122-148,2005,1,321.2306239409,1.535,-14.6370331416,2.083,0.659
2123-463,2005,4,321.6279344043,0.403,-46.0966366888,0.698,0.405
2126-158,2005,36,322.3007329375,0.175,-15.6447337748,0.404,-0.024
2128-123,2005,26,322.8969238688,0.172,-12.1179990468,0.422,0.261
2131-021,2005,5,323.5429566635,0.645,-1.8881220744,0.495,0.319
2134+004,2005,19,324.1607762658,0.318,0.6983924401,0.525,0.111
2134+428,2005,1,324.1000265116,1.418,43.0284648243,0.863,-0.156
2136+141,2005,115,324.7554552537,0.082,14.3933312,0.078,-0.076
2136-190,2005,1,324.6977045772,2.078,-18.8251865857,3.565,0.109
2137+130,2005,1,324.9089181931,1.265,13.2702920786,1.524,0.13
2137-196,2005,1,325.1952506332,1.029,-19.3989005806,2.087,-0.79
2138-283,2005,1,325.235520626,2.513,-28.0833205895,5.931,0.756
2138-377,2005,3,325.4685374636,0.818,-37.4869419883,1.407,0.748
2139-232,2005,1,325.6747741012,2.154,-23.0606904738,5.014,0.854
2139-260,2005,1,325.5663586131,4.08,-25.8573869827,7.838,0.113
2141+175,2005,1,325.898102489,0.183,17.7302187802,0.288,-0.512
2141+333,2005,1,325.9588989975,1.492,33.6196712741,0.961,0.219
2142-758,2005,3,326.8030431934,2.754,-75.6036738213,0.424,0.605
2143-156,2005,4,326.5957472567,0.227,-15.4288571642,0.259,-0.152
2144+042,2005,1,326.7299666245,0.181,4.4570771423,0.397,-0.19
2145+067,2005,29,327.0227444624,0.079,6.9607234548,0.096,-0.135
2149+056,2005,54,327.9078145544,0.238,5.8702651898,0.315,-0.365
2149-307,2005,5,327.9813499209,0.252,-30.4649161161,0.229,-0.643
2150+173,2005,3,328.1034141849,0.109,17.5771653124,0.158,-0.17
2151-152,2005,1,328.5309945884,0.643,-15.0254082677,1.358,0.695
2153+190,2005,1,328.8934868706,0.94,19.2468019365,1.369,-0.442
2153-119,2005,1,328.9613266209,2.402,-11.6633274295,2.631,-0.237
2155-152,2005,1,329.526174825,0.237,-15.0192577607,0.434,0.072
2155-304,2005,3,329.716937993,0.626,-30.225588391,0.338,-0.254
2156-013,2005,1,329.8928157194,2.107,-1.0985808489,2.088,0.305
2157-375,2005,1,330.0706940171,2.112,-37.2825139459,5.273,-0.745
2200+420,2005,8,330.6803807262,0.119,42.2777722049,0.159,0.048
2201+315,2005,90,330.8123991252,0.203,31.760630538,0.207,-0.022
2203+292,2005,1,331.4437768025,0.855,29.4486476073,0.754,0.159
2204-540,2005,6,331.932222044,0.309,-53.7760610962,0.375,0.449
2207+741,2005,1,332.0998102938,4.408,74.3939839074,2.234,-0.035
2208+199,2005,1,332.7152179487,1.872,20.2233480294,1.786,0.625
2209+080,2005,1,333.0066222451,0.356,8.3212527589,1.018,-0.087
2209+184,2005,1,332.9745370921,0.243,18.6971838068,0.446,0.024
2209+236,2005,19,333.02485963,0.094,23.9279288566,0.112,-0.095
2210+361,2005,1,333.2925950678,6.563,36.3986596545,5.958,-0.895
2210-257,2005,2,333.2604084767,0.475,-25.4916891341,0.281,-0.465
2211-256,2005,1,333.6933412545,4.319,-25.3544700796,10.025,0.263
2214+350,2005,2,334.0833745286,0.157,35.3039389969,0.204,-0.029
2215+150,2005,1,334.5454746567,0.135,15.3432546634,0.268,-0.464
2216-038,2005,2,334.7168238368,0.151,-3.5935775912,0.227,-0.364
2217+214,2005,1,334.9105059429,1.904,21.6868212724,3.061,-0.031
2220+134,2005,1,335.6881799573,0.268,13.7484578045,0.553,-0.01
2220-119,2005,1,335.7333556577,3.575,-11.7406577035,6.013,0.622
2220-351,2005,5,335.7747107236,0.307,-34.9297718884,0.764,0.449
2223-052,2005,107,336.4469137365,0.095,-4.9503863398,0.082,-0.01
2227-088,2005,1,337.4170180464,0.127,-8.5484543039,0.285,-0.088
2227-136,2005,1,337.5637751343,0.306,-13.4285837006,0.729,-0.372
2228-146,2005,1,337.9151092765,0.539,-14.373047658,1.315,0.322
2229+695,2005,2,337.6519569686,0.258,69.7744657738,0.089,0.08
2230+114,2005,3,338.15170377,0.136,11.7308067328,0.147,-0.171
2232-488,2005,8,338.8051524309,0.508,-48.5996650689,0.581,0.165
2233-234,2005,1,339.1093278307,0.275,-23.1573882538,0.686,-0.409
2234+282,2005,61,339.0936283864,0.211,28.4826146969,0.246,0.364
2234-253,2005,1,339.3264809015,2.147,-25.1090333599,4.391,0.419
2235+071,2005,1,339.5433155204,0.123,7.403884837,0.272,0.001
2235+275,2005,1,339.553639989,0.236,27.8313258359,0.36,-0.191
2235+731,2005,2,339.1608208924,0.743,73.3812950846,0.304,0.142
2236-221,2005,1,339.8488208409,5.312,-21.8876217648,15.55,0.447
2236-572,2005,4,339.8003163,0.517,-57.0168997916,0.543,0.403
2239+096,2005,1,340.4571553982,0.214,9.8979012115,0.388,-0.111
2239-631,2005,4,340.7826636346,0.995,-62.8492562375,0.694,0.432
2242+257,2005,1,341.1464470498,0.973,26.00575071,0.759,-0.584
2243-081,2005,1,341.4541825666,0.248,-7.9220505009,0.538,-0.368
2243-123,2005,117,341.5759665528,0.156,-12.1142436464,0.228,0.252
2244-372,2005,4,341.7663221524,0.277,-36.9628622678,0.35,-0.488
2245-091,2005,1,341.967470573,1.539,-8.8394669226,2.868,0.221
2249-210,2005,1,343.1195020496,0.991,-20.792094085,2.336,-0.056
2250+023,2005,1,343.3379352535,0.993,2.6036224953,1.438,0.028
2250+323,2005,1,343.3020824498,0.313,32.6012017997,0.432,-0.248
2251+158,2005,19,343.4906164685,0.203,16.148211493,0.341,-0.129
2252-090,2005,3,343.7676656863,0.622,-8.7344504165,0.309,-0.094
2253+417,2005,2,343.9029493506,0.214,42.0479257481,0.244,-0.066
2254+024,2005,3,344.323179535,0.182,2.7215310752,0.18,-0.898
2254+074,2005,2,344.3220963068,0.158,7.7200839741,0.198,0.081
2255-282,2005,89,344.5248453846,0.242,-27.9725713768,0.245,0.748
2256-084,2005,1,344.7528702497,0.276,-8.1841793035,0.675,-0.554
2257+103,2005,1,345.0763022293,0.263,10.6316897971,0.589,-0.45
2259-375,2005,1,345.5995300267,12.33,-37.3019056509,23.856,0.54
2300-683,2005,4,345.931519262,0.552,-68.1270674648,0.262,0.09
2301-103,2005,1,345.9913309674,3.74,-10.0386712624,9.872,0.584
2304+824,2005,1,346.323082207,2.368,82.713654541,0.608,0.126
2306-312,2005,3,347.3097141749,0.385,-30.9868289498,1.429,0.417
2309+454,2005,1,347.9475373675,0.227,45.7322268131,0.247,-0.063
2312-319,2005,4,348.7020857011,0.629,-31.6443128081,0.476,-0.64
2315+287,2005,1,349.4231749868,0.789,29.0396584274,0.617,-0.456
2315-172,2005,2,349.5473391751,0.225,-16.9914410516,0.541,0.238
2315-404,2005,1,349.5285918629,1.565,-40.1683946517,5.211,-0.917
2316+862,2005,1,348.9575825925,8.602,86.5287766152,0.464,0.349
2318+049,2005,100,350.1869024645,0.168,5.2305423943,0.191,-0.35
2318+182,2005,1,350.1948998315,0.316,18.4904931616,0.589,0.225
2319+272,2005,2,350.4994259815,0.146,27.5462343409,0.202,-0.097
2320+506,2005,3,350.6082590868,0.219,50.9644343955,0.144,0.203
2320-035,2005,1,350.8831410571,2.876,-3.2847286895,0.455,0.6
2321-065,2005,1,350.912973911,0.235,-6.2997885901,0.488,0.323
2321-164,2005,1,350.9359645674,0.921,-16.2144790489,1.436,0.151
2321-215,2005,1,351.1169012697,3.832,-21.3168067785,10.553,0.676
2321-375,2005,3,351.0296325094,1.05,-37.2395709242,0.391,-0.409
2325+093,2005,1,351.8899190628,0.13,9.6692952326,0.23,-0.217
2325+152,2005,1,351.8999370955,0.321,15.5526598107,0.521,-0.147
2325+192,2005,1,352.1036448842,1.952,19.4994528169,1.579,0.611
2325+764,2005,1,351.9700937212,3.176,76.7190677255,1.34,0.305
2325+799,2005,1,351.7767729731,1.209,80.2163707219,0.301,-0.411
2325-150,2005,1,351.9498489961,8.718,-14.7988199341,1.214,0.93
2326-477,2005,6,352.3237680656,0.371,-47.5053095831,0.532,0.634
2329-162,2005,1,352.9110509908,4.481,-15.9491698734,3.457,0.756
2329-384,2005,1,352.9978456035,22.47,-38.1965640304,4.188,0.991
2333-415,2005,3,354.1416045535,0.396,-41.2561066677,1.181,-0.01
2335-027,2005,2,354.488912963,0.195,-2.5160084418,0.528,0.145
2337-011,2005,1,355.0986253924,1.991,-0.8908332641,2.457,0.46
2337-234,2005,1,354.9732387666,2.01,-23.1775618943,5.037,0.622
2340-226,2005,1,355.6999320907,1.745,-22.3945000935,3.643,0.04
2341+154,2005,2,355.9281213147,0.713,15.7174939328,1.517,0.052
2341+295,2005,1,356.093968325,6.456,29.872416884,2.888,0.072
2341+697,2005,1,355.9322262974,1.155,70.0553908336,0.702,-0.606
2342-161,2005,1,356.3019263488,0.123,-15.9188428601,0.285,-0.22
2344+299,2005,1,356.6927115647,0.792,30.1997914376,1.03,-0.456
2344+514,2005,1,356.7701544531,3.569,51.7049656475,2.705,-0.735
2344-514,2005,5,356.8327670249,0.477,-51.1766848251,0.621,0.525
2345+270,2005,1,356.896561974,0.194,27.3170816838,0.336,-0.333
2345-047,2005,2,357.0489905818,0.162,-4.4323282004,0.36,-0.035
2347+079,2005,1,357.5419972489,1.794,8.2153549794,1.809,-0.078
2349-223,2005,1,357.9416952751,0.293,-22.0526829214,0.619,0.125
2350+395,2005,1,358.2037803073,0.273,39.7989511581,0.426,-0.202
2351+456,2005,7,358.5903341357,0.134,45.8845101272,0.125,0.06
2351-309,2005,3,358.4477452441,0.389,-30.6301395021,1.238,0.561
2352-217,2005,1,358.7589442553,0.431,-21.4268835106,0.904,0.552
2353+816,2005,1,359.0949747111,1.097,81.8811820318,0.115,-0.012
2353-686,2005,7,359.0028390583,0.648,-68.334297703,0.276,0.178
2354-251,2005,1,359.3493790786,1.367,-24.8508787579,2.948,0.598
2355+042,2005,1,359.6201955462,0.311,4.5068989312,0.668,0.271
2355-106,2005,3,359.5453432435,0.237,-10.3357253884,0.184,0.07
2355-534,2005,5,359.4719421898,0.987,-53.1871357987,1.113,0.72
2356+385,2005,95,359.8882533254,0.176,38.845088429,0.199,-0.059
2357-318,2005,4,359.897881437,0.225,-31.5621732283,0.535,-0.223
