iers_name,year,num_ses,ra,ra_err,dec,dec_err,ra_dec_corr
0003+123,2007,1,1.5960671269,0.59,12.5980826892,0.73,0.275
0003+380,2007,2,1.4882308584,0.125,38.3375413063,0.122,0.054
0003-066,2007,70,1.5578870275,0.173,-6.3931486921,0.31,-0.294
0005+683,2007,1,2.1394700968,3.737,68.6227911286,0.901,-0.241
0007+171,2007,1,2.6416278673,0.234,17.4052115009,0.135,0.221
0008-264,2007,4,2.7551946833,0.324,-26.2092713497,0.286,0.96
0010+405,2007,2,3.3797092026,0.095,40.8603178144,0.128,-0.178
0013-184,2007,1,3.8930187736,1.12,-18.1237732749,2.143,-0.631
0014+813,2007,82,4.2853122001,1.281,81.5855934481,0.188,-0.011
0016+731,2007,3,4.9407766229,0.268,73.4583382622,0.075,0.085
0018+729,2007,1,5.36406165,4.793,73.2116476981,1.067,0.266
0019+058,2007,1,5.635171678,0.098,6.1345191596,0.128,-0.274
0033+143,2007,1,8.9336996806,0.245,14.6338810747,0.533,0.167
0035+238,2007,1,9.4929159683,1.666,24.1199638916,3.212,-0.478
0035+413,2007,1,9.6035149328,0.112,41.618333436,0.188,0.219
0035+503,2007,1,9.6183895807,1.05,50.5905092863,0.451,-0.235
0035-024,2007,1,9.585538997,0.176,-2.1279296578,0.398,-0.44
0035-252,2007,1,9.5613980288,0.176,-24.9839542333,0.432,0.113
0037-593,2007,1,10.0327044012,2.362,-59.0646567339,1.513,0.061
0038+133,2007,1,10.3217123742,1.166,13.6576464748,1.345,-0.304
0039+230,2007,2,10.5189381742,0.137,23.3336283609,0.213,-0.079
0047+023,2007,1,12.430149863,0.664,2.6177163159,0.696,0.416
0047-579,2007,2,12.4978039171,0.309,-57.6409278007,0.157,0.517
0048-097,2007,71,12.672155777,0.167,-9.4847806571,0.128,-0.154
0048-427,2007,3,12.7895908157,0.372,-42.4425816111,0.455,0.595
0054+161,2007,1,14.2303930544,0.215,16.4203725306,0.231,0.336
0057-338,2007,1,15.0391289423,0.853,-33.6255381375,2.505,-0.255
0059+581,2007,120,15.6906766096,0.103,58.4030935421,0.057,-0.041
0100-270,2007,1,15.7348080242,1.754,-26.7768112224,4.162,0.21
0102+511,2007,1,16.373160466,3.122,51.4296058161,1.042,-0.433
0103+127,2007,1,16.6389855299,0.272,13.0007233593,0.607,-0.603
0104-408,2007,62,16.6879498579,0.223,-40.5722111835,0.166,0.06
0106+013,2007,30,17.1615463276,0.161,1.5834215017,0.161,0.005
0107-045,2007,1,17.6287615744,0.26,-4.2586183852,0.635,-0.455
0107-610,2007,5,17.3144800498,0.477,-60.8301277563,0.339,0.058
0109+224,2007,2,18.0242696392,0.191,22.744107335,0.468,0.744
0110+495,2007,2,18.3625283625,0.123,49.8066787104,0.116,0.025
0111+021,2007,6,18.42977061,0.271,2.3714767961,0.253,0.685
0111+131,2007,1,18.4771264506,0.534,13.4145772486,0.567,-0.092
0115-214,2007,1,19.4532505285,0.121,-21.1851758667,0.177,-0.021
0116+319,2007,1,19.8958479445,3.782,32.1805713796,3.237,-0.359
0116-219,2007,6,19.7385923912,0.288,-21.6917056571,0.19,0.572
0118-272,2007,2,20.1319304596,1.29,-27.0235146205,0.838,0.117
0119+041,2007,14,20.4869237637,0.188,4.3735374141,0.264,0.045
0119+115,2007,77,20.4233126791,0.128,11.8306703557,0.273,-0.076
0119-011,2007,1,20.5727916411,0.307,-0.9376939005,0.891,-0.713
0122-514,2007,2,21.2391311357,0.571,-51.2211576574,0.533,0.591
0123+257,2007,1,21.6783026632,0.287,25.983694564,0.284,-0.519
0129+220,2007,1,23.0128281998,0.206,22.2806486866,0.344,-0.115
0130-171,2007,3,23.1811977336,0.295,-16.913478272,0.19,-0.103
0131-522,2007,3,23.2740106307,0.32,-52.0010959317,0.24,0.67
0133+476,2007,96,24.2441450339,0.099,47.8580833618,0.087,-0.142
0134+311,2007,1,24.286390091,0.174,31.3766265056,0.153,-0.179
0135-247,2007,4,24.4097768033,0.48,-24.5149681489,0.242,0.378
0137+012,2007,1,24.9887741717,0.267,1.5294829737,0.536,-0.168
0137+467,2007,1,25.1794686082,2.57,46.9745809341,1.882,-0.215
0138-097,2007,6,25.3576340466,0.877,-9.4787983999,0.723,0.76
0144+209,2007,1,26.7449323756,0.551,21.1734401355,0.652,-0.547
0144+584,2007,1,26.9439216578,2.805,58.6791590796,1.855,0.856
0148+274,2007,1,27.8631090792,0.217,27.7449426559,0.128,0.005
0149+218,2007,1,28.0752460808,0.198,22.1188055062,0.166,0.102
0150-334,2007,3,28.2921741059,0.635,-33.1738506331,0.361,-0.48
0151+474,2007,2,28.7345411719,0.126,47.7240387972,0.131,-0.063
0153+744,2007,2,29.3956871123,0.456,74.7120083021,0.123,0.126
0157+808,2007,1,30.7827971748,2.754,81.1036695537,0.365,-0.556
0159-117,2007,1,30.4882473041,0.128,-11.5426212239,0.28,-0.519
0201+113,2007,39,30.9444044201,0.226,11.5792804048,0.524,-0.213
0202+149,2007,57,31.2100578701,0.131,15.2364010806,0.161,-0.239
0202+319,2007,2,31.2705223632,0.106,32.2083598816,0.088,-0.094
0202-172,2007,1,31.2403097463,0.192,-17.0221779218,0.222,0.42
0202-765,2007,1,30.5570580171,4.217,-76.3341838981,1.203,-0.003
0203-120,2007,1,31.6086864101,0.14,-11.8443680792,0.362,-0.161
0206+136,2007,1,32.3999929497,0.193,13.8668756613,0.269,-0.211
0208-512,2007,52,32.6925017756,0.224,-51.017192189,0.195,0.084
0209+168,2007,1,32.9532452609,0.502,17.1229781714,0.502,-0.704
0210+119,2007,1,33.2715960058,0.432,12.2196972318,1.117,-0.74
0210+515,2007,1,33.5747263192,5.472,51.7477624783,2.266,0.6
0211+171,2007,1,33.68713691,0.457,17.3804196424,0.674,-0.37
0212+735,2007,2,34.3783896822,0.243,73.8257281871,0.058,-0.231
0214-105,2007,1,34.1619832001,0.941,-10.2841671618,2.671,-0.679
0214-522,2007,1,34.0133236838,2.849,-52.003465543,3.203,-0.547
0219+428,2007,2,35.6650478404,0.147,43.0354996944,0.136,-0.175
0220-349,2007,3,35.735006938,0.626,-34.691313788,0.551,0.434
0221+067,2007,1,36.1184510128,0.662,6.9898171418,0.176,0.653
0224+671,2007,3,37.2085478588,0.162,67.3508415227,0.083,-0.016
0229+131,2007,53,37.9412252688,0.123,13.3818656847,0.145,-0.251
0230-288,2007,1,38.1530882067,3.922,-28.6573076002,13.274,0.516
0230-790,2007,5,37.3956109912,1.197,-78.7960005555,0.296,-0.045
0234+285,2007,4,39.4683569426,0.074,28.8024973112,0.092,0.014
0234-301,2007,5,39.1298725812,0.564,-29.8987612685,0.273,0.19
0235+164,2007,57,39.6622087775,0.073,16.6164651629,0.073,-0.111
0235-618,2007,3,39.2218572227,0.532,-61.6042176574,0.312,0.379
0237-233,2007,4,40.0340602947,0.303,-23.1543693176,0.364,-0.012
0238-084,2007,1,40.2699935703,0.192,-8.2557645206,0.116,0.053
0239+108,2007,2,40.6215451711,0.137,11.0168688833,0.11,0.077
0239+175,2007,1,40.6011176699,0.488,17.7163469766,0.596,-0.575
0242-113,2007,1,41.353967484,0.609,-11.1213371093,1.172,-0.603
0248+430,2007,2,42.8939030504,0.129,43.2543971149,0.135,0.028
0252-549,2007,1,43.3715849008,0.202,-54.697621302,0.227,0.493
0252-712,2007,1,43.1923101466,11.571,-71.0764617748,6.71,-0.254
0256+075,2007,2,44.8628192464,0.138,7.7943451917,0.288,0.056
0256+423,2007,1,44.9070600674,0.616,42.5971699867,0.483,0.179
0256-005,2007,1,44.8688172553,0.115,-0.3333264597,0.166,-0.231
0300+470,2007,2,45.8968425275,0.157,47.271187682,0.119,0.013
0302+625,2007,1,46.6777481408,0.185,62.7172289781,0.092,-0.081
0302-623,2007,2,45.9609640577,0.631,-62.1904305341,0.204,0.168
0306+102,2007,6,47.2650979346,0.368,10.4878724749,0.263,0.555
0307+380,2007,1,47.7078331017,0.14,38.2482883383,0.125,-0.271
0308-611,2007,5,47.483746456,0.519,-60.9775156996,0.262,0.163
0312+100,2007,1,48.8380824499,0.25,10.2119676596,0.499,-0.566
0316+413,2007,4,49.9506681385,8.847,41.5116979223,5.332,-0.547
0317+188,2007,2,49.9635697008,0.15,19.0253586886,0.145,-0.022
0317+659,2007,1,50.6134535187,0.451,66.1745278308,0.215,-0.099
0325+256,2007,1,52.1847856859,1.227,25.868999807,1.296,0.224
0325+395,2007,1,52.2096385837,7.577,39.6790373903,20.804,-0.832
0332+078,2007,1,53.7221528641,0.188,8.0040052942,0.254,-0.253
0333+321,2007,3,54.1254483996,0.121,32.308150631,0.131,-0.244
0334-546,2007,1,53.9746867616,0.297,-54.5069762637,0.176,0.391
0336-017,2007,1,54.7541093182,0.581,-1.5548908087,0.784,0.43
0336-019,2007,134,54.8789074383,0.127,-1.7766122356,0.107,0.056
0338-030,2007,1,55.1358154005,0.241,-2.9150639555,0.584,-0.337
0338-214,2007,1,55.1483661373,0.109,-21.3253255567,0.181,-0.045
0342+147,2007,1,56.2767356532,0.122,14.8970996141,0.252,0.308
0347-211,2007,1,57.4909444755,0.096,-21.0465948859,0.158,-0.036
0355+508,2007,7,59.8739469658,0.352,50.9639340141,0.419,-0.015
0355-669,2007,2,58.9495142316,1.492,-66.7593937632,0.415,0.628
0400+258,2007,2,60.773275344,0.116,26.0004174308,0.116,-0.145
0400-319,2007,4,60.588608327,0.399,-31.7905403778,0.261,0.198
0402-362,2007,22,60.9739579049,0.236,-36.0838648605,0.35,0.531
0403-132,2007,1,61.3916808176,0.135,-13.1371364077,0.318,0.07
0405-123,2007,4,61.9517957724,0.126,-12.1935165106,0.221,0.99
0405-385,2007,30,61.7459804874,0.276,-38.4411230656,0.285,-0.085
0406+121,2007,2,62.3417028726,0.171,12.2944022083,0.189,0.124
0406-127,2007,1,62.2740405061,0.148,-12.6467065682,0.319,-0.144
0407-199,2007,1,62.4189559862,3.476,-19.8004934885,7.377,0.942
0407-658,2007,1,62.08490636,10.001,-65.7525205473,5.748,-0.828
0410+110,2007,1,63.41808755,0.181,11.2041072631,0.315,-0.216
0414-189,2007,4,64.1522684504,0.208,-18.8523166761,0.209,-0.472
0415+398,2007,1,64.8439563989,0.239,39.9247160113,0.18,-0.476
0416-216,2007,1,64.751742529,3.222,-21.543243209,5.172,0.861
0420+417,2007,1,65.983374156,0.078,41.834086977,0.062,0.024
0420-014,2007,4,65.8158363485,0.085,-1.3425182413,0.122,-0.143
0421+145,2007,1,66.0978778598,0.574,14.7046338953,0.58,0.008
0422+004,2007,2,66.1951752829,0.138,0.6017580749,0.221,-0.213
0422-380,2007,5,66.176015466,0.285,-37.939106794,0.329,0.329
0423+051,2007,1,66.6525169846,0.204,5.3055201089,0.666,0.708
0423+237,2007,1,66.7332100086,1.776,23.8407174222,1.946,-0.898
0423+297,2007,1,66.6259421417,0.482,29.8730371907,0.683,-0.12
0426+273,2007,2,67.4706698527,0.115,27.4105211936,0.151,0.07
0426-380,2007,3,67.1684345852,0.438,-37.9387724307,0.567,0.556
0430+052,2007,2,68.2962315583,0.173,5.3543387818,0.084,0.251
0434-188,2007,14,69.2561780785,0.217,-18.7468371749,0.677,-0.22
0436-129,2007,1,69.6459208553,0.126,-12.8509331698,0.175,0.029
0437-454,2007,4,69.7535609349,0.353,-45.3729342641,0.564,0.526
0438-436,2007,1,70.0715829585,0.447,-43.5523902752,0.495,0.658
0442+389,2007,1,71.5478919264,0.682,39.0047501571,0.803,0.317
0446+112,2007,2,72.2819628856,0.133,11.3579434698,0.136,-0.003
0446-265,2007,1,72.0998528463,14.135,-26.4374508701,23.827,0.486
0450-743,2007,1,72.2023249854,2.491,-74.2920125912,0.964,0.113
0451-282,2007,3,73.3110284092,0.242,-28.1270350414,0.186,-0.633
0454+844,2007,9,77.1765147083,1.845,84.534595599,0.199,-0.301
0454-234,2007,131,74.2632467583,0.11,-23.4144500619,0.093,0.012
0454-463,2007,3,73.9615523372,0.381,-46.2662999058,0.444,0.66
0454-810,2007,2,72.5226672775,1.502,-81.0172864977,0.22,-0.001
0456+060,2007,1,74.7032149522,0.157,6.1344052848,0.521,-0.385
0457+024,2007,2,74.9668776977,0.514,2.4919936023,0.545,-0.056
0458+138,2007,1,75.4386281667,0.503,13.935338571,1.351,0.524
0458-020,2007,97,75.3033745018,0.138,-1.9872934156,0.122,-0.308
0459+252,2007,1,75.743644939,0.14,25.2736877724,0.245,-0.211
0502+049,2007,2,76.3466030816,0.114,4.995201322,0.172,0.261
0503-043,2007,1,76.4634931178,0.964,-4.3240603324,2.59,0.005
0506+101,2007,1,77.3644044635,0.08,10.1957222167,0.12,0.053
0506-612,2007,2,76.683286198,0.581,-61.1613872454,0.281,0.224
0507+179,2007,1,77.5098713818,0.087,18.0115504634,0.086,0.064
0508+264,2007,1,77.9598813623,0.262,26.5319072802,0.803,0.314
0516-249,2007,1,79.5252151747,4.509,-24.91719781,6.392,0.322
0516-621,2007,3,79.1871922906,0.437,-62.1181636743,0.227,0.265
0519+142,2007,1,80.6881111225,1.269,14.2581341721,0.93,-0.185
0521-365,2007,4,80.7416026017,0.419,-36.4585699459,0.213,-0.253
0522-283,2007,1,81.2276263257,0.384,-28.3115612513,0.914,-0.065
0522-611,2007,2,80.6434392477,0.568,-61.1325371582,0.304,0.52
0524-460,2007,2,81.3808339858,0.627,-45.9651904533,0.713,0.742
0524-485,2007,2,81.5694637735,0.484,-48.5102199596,0.477,0.676
0528+134,2007,73,82.7350697883,0.101,13.5319859917,0.145,0.113
0530-727,2007,5,82.3751754331,0.855,-72.7579187657,0.263,0.196
0534-340,2007,7,84.1184682901,0.39,-34.0198524754,0.852,0.504
0534-611,2007,3,83.6490518289,0.567,-61.1019647725,0.334,0.221
0537+558,2007,1,85.3114907999,0.475,55.845436214,0.542,-0.661
0537-158,2007,1,84.8833757252,0.456,-15.841755709,0.562,0.181
0537-286,2007,4,84.9761727112,0.186,-28.6655411016,0.151,-0.055
0537-441,2007,121,84.7098397553,0.152,-44.0858164033,0.145,0.182
0538+498,2007,2,85.650574587,0.173,49.8520094126,0.163,-0.023
0539-057,2007,4,85.4086806799,0.223,-5.6970634597,0.322,-0.225
0543-735,2007,1,85.4615661729,2.269,-73.5375962557,1.214,-0.039
0544+123,2007,1,86.7761512618,0.192,12.3961792174,0.395,-0.054
0544+273,2007,2,86.8922871843,0.126,27.3657895677,0.214,0.006
0548+378,2007,1,88.0747371804,0.199,37.9070228595,0.16,-0.352
0549-575,2007,3,87.5399174609,0.435,-57.5401101026,0.392,0.331
0550+356,2007,1,88.5397054353,0.743,35.6920556711,0.998,-0.736
0552+398,2007,126,88.8783567086,0.074,39.813656948,0.065,-0.073
0556+238,2007,26,89.883471368,0.119,23.8983129786,0.215,0.064
0600+177,2007,2,90.7880427591,0.134,17.7046696084,0.127,-0.246
0602+673,2007,66,91.9694650549,0.151,67.3487250003,0.09,-0.236
0605-085,2007,2,91.9987467025,0.157,-8.5805494595,0.149,-0.435
0605-153,2007,1,92.0063831008,0.454,-15.3436050666,1.064,0.272
0606-223,2007,1,92.2486951365,0.106,-22.3391547813,0.182,0.095
0607+624,2007,1,93.0430210821,2.766,62.4261145614,1.339,0.515
0607-157,2007,93,92.4206230798,0.092,-15.7112979485,0.079,0.017
0609+607,2007,2,93.5994423655,0.204,60.7727100029,0.112,-0.206
0611+131,2007,1,93.4903864511,0.097,13.1126113075,0.262,0.042
0615+820,2007,2,96.5125260771,0.647,82.0404354766,0.092,-0.038
0620+389,2007,2,96.0792552474,0.114,38.9468711573,0.128,-0.083
0620-194,2007,1,95.6189045675,0.952,-19.4550496005,3.154,-0.725
0627-199,2007,1,97.3490077823,0.1,-19.9888121523,0.182,-0.087
0629+160,2007,1,98.1797313169,0.166,15.9993390388,0.296,-0.091
0629-418,2007,2,97.7999919537,0.46,-41.9074848845,0.514,0.62
0630-261,2007,1,98.0270903836,0.619,-26.2372299682,1.293,0.241
0632+502,2007,1,99.0459027799,1.336,50.1665630988,0.753,-0.616
0633-263,2007,1,98.8371216538,0.71,-26.3444152322,2.121,-0.05
0635-296,2007,1,99.2869166988,4.78,-29.7107735864,18.145,0.626
0636+680,2007,1,100.5177384804,1.607,67.9765613322,0.522,-0.398
0637-337,2007,3,99.8371026319,0.687,-33.7666981161,0.777,0.358
0637-752,2007,40,98.9437829526,0.662,-75.2713375946,0.145,-0.082
0641+292,2007,1,101.1867324736,1.651,29.1844493574,1.256,-0.463
0641+392,2007,1,101.2237899887,0.159,39.246537103,0.161,-0.01
0642+449,2007,94,101.6334416523,0.087,44.8546083872,0.073,-0.009
0645+209,2007,1,102.1363078827,0.289,20.8858116218,0.548,-0.295
0646-306,2007,4,102.0587352252,0.267,-30.7387944,0.22,-0.163
0648-165,2007,3,102.6024244736,0.405,-16.6277014309,0.415,0.384
0653+322,2007,1,104.1703716524,0.358,32.1590411203,0.53,-0.19
0656+082,2007,39,104.8249834919,0.183,8.2252647887,0.433,-0.234
0657+172,2007,3,105.0063563796,0.103,17.1560282149,0.18,-0.045
0702+400,2007,1,106.435510592,2.455,39.9755611373,2.474,-0.793
0707+476,2007,2,107.6921036317,0.092,47.5364285602,0.089,-0.153
0710+439,2007,1,108.4090172613,0.344,43.8214464491,0.455,0.24
0716+714,2007,4,110.4727019549,0.246,71.3434342916,0.086,-0.073
0718+792,2007,85,111.5488969072,0.665,79.1919489565,0.096,0.074
0722+145,2007,2,111.3200323104,0.11,14.4204852083,0.135,0.233
0723+219,2007,1,111.5594197274,0.131,21.8889206167,0.167,-0.062
0723-008,2007,9,111.460999796,0.396,-0.9157067455,0.251,0.248
0727-115,2007,148,112.5796353303,0.095,-11.6868334871,0.087,0.011
0727-365,2007,1,112.2725510336,1.768,-36.6625674885,4.133,-0.219
0728-054,2007,1,112.6184853825,1.378,-5.5963614571,2.63,0.047
0729+259,2007,1,113.2344803197,0.114,25.8107764653,0.229,-0.276
0733-174,2007,3,113.9408853737,0.176,-17.5968058963,0.384,0.317
0735+178,2007,1,114.5308073139,0.126,17.705277316,0.122,0.049
0736+017,2007,3,114.8251412336,0.077,1.6179493691,0.077,0.095
0738+313,2007,3,115.2945971507,0.095,31.2000641244,0.144,0.18
0738+491,2007,2,115.5114539509,0.272,49.0043358454,0.277,0.041
0738-674,2007,2,114.7354012386,0.991,-67.5974516276,0.397,0.514
0741-063,2007,1,116.0902348028,0.234,-6.4933096185,0.481,-0.194
0743+259,2007,104,116.607809091,0.104,25.8172596434,0.144,-0.082
0743+277,2007,1,116.6684679479,0.129,27.5830687107,0.144,-0.405
0743-673,2007,3,115.8817154131,0.971,-67.4404295171,0.278,0.192
0744-691,2007,1,116.0849728436,1.895,-69.3186547984,0.978,0.13
0745+241,2007,2,117.1504553373,0.067,24.0066972336,0.073,0.068
0746+503,2007,1,117.5347617129,5.466,50.2518923874,1.606,0.718
0747+185,2007,1,117.501374753,0.113,18.3865019824,0.175,-0.443
0748+126,2007,2,117.7168572266,0.066,12.5180078243,0.086,0.003
0748-006,2007,1,117.7925208735,4.709,-0.78084879,3.472,-0.022
0749+540,2007,47,118.2557690878,0.087,53.8832325505,0.068,0.082
0754+100,2007,2,119.277678883,0.125,9.94301452,0.139,-0.035
0758+594,2007,1,120.6024697588,1.257,59.3596653147,0.963,0.704
0804+499,2007,65,122.1652761909,0.201,49.8434806785,0.156,-0.282
0805+410,2007,37,122.2360501798,0.113,40.879135828,0.137,0.11
0806-710,2007,1,121.6420588929,2.934,-71.2043733579,1.409,0.079
0808+019,2007,23,122.8612804649,0.124,1.7811723166,0.132,-0.033
0812+020,2007,1,123.845670152,0.15,1.9165222863,0.385,-0.506
0812+367,2007,1,123.858103646,0.105,36.5875413834,0.108,0.155
0818-128,2007,3,125.2393649196,0.322,-12.9831025378,0.133,0.355
0820+560,2007,2,126.196818244,0.151,55.8785192163,0.09,-0.083
0821+394,2007,3,126.2311827089,0.112,39.2783066774,0.13,-0.015
0823+033,2007,51,126.4597431168,0.117,3.1568111187,0.26,0.134
0826-373,2007,3,127.0199176674,0.55,-37.5184115487,0.723,0.187
0827+243,2007,2,127.7170257457,0.104,24.1832835032,0.129,-0.073
0828+493,2007,1,128.0967362246,0.304,49.2225106332,0.187,0.049
0828-222,2007,1,127.7881209838,1.233,-22.4741122244,2.241,0.59
0829+046,2007,3,127.9536539824,0.123,4.4941905583,0.179,-0.142
0831+557,2007,2,128.7287661892,0.599,55.5725196544,0.259,-0.369
0833+585,2007,2,129.3433735271,0.132,58.4171791471,0.067,-0.005
0834-201,2007,4,129.1633968527,0.274,-20.283195511,0.54,0.795
0836+710,2007,3,130.3515220637,0.256,70.8950480365,0.095,0.046
0839+187,2007,1,130.5212257119,0.646,18.5947192738,0.369,0.406
0842-754,2007,1,130.3626491988,3.608,-75.6744093009,0.912,-0.016
0850+581,2007,1,133.6749851235,0.302,57.9583163732,0.214,0.005
0851+202,2007,85,133.7036455378,0.072,20.1085113823,0.08,0.164
0859+470,2007,2,135.766625412,0.076,46.8511492944,0.102,-0.06
0859-140,2007,3,135.570128803,0.175,-14.2585763633,0.14,-0.378
0903-573,2007,1,136.2215802408,1.809,-57.5849397125,1.279,0.068
0905+420,2007,1,137.1494314889,13.157,41.8461690413,14.79,0.94
0906-048,2007,1,137.3208483325,1.311,-5.0146929678,2.316,-0.434
0912+029,2007,3,138.6579725932,0.1,2.7664573588,0.119,0.222
0913+003,2007,1,138.9653965316,0.685,0.1203637266,1.227,-0.421
0913+657,2007,1,139.481531395,15.909,65.5041970073,7.245,0.247
0917+449,2007,3,140.2435770495,0.084,44.6983291903,0.087,0.011
0917+624,2007,2,140.4009628064,0.189,62.2644945601,0.1,-0.183
0919-260,2007,1,140.3723074754,0.251,-26.3120517447,0.904,-0.056
0920+390,2007,2,140.8102205357,0.111,38.8277528283,0.104,0.144
0920-397,2007,4,140.6934093888,0.329,-39.9930746907,0.252,0.377
0923+392,2007,110,141.7625580874,0.098,39.0391254726,0.086,-0.003
0925-203,2007,5,141.9659346079,0.128,-20.5808979235,0.18,-0.236
0927+469,2007,1,142.6461703018,1.181,46.7357379974,0.69,0.152
0928+280,2007,1,142.9657615797,13.758,27.8473919393,9.281,-0.131
0936-853,2007,1,142.6357046596,32.017,-85.5665809405,3.611,-0.106
0938+119,2007,1,145.3064947476,2.332,11.7589830474,1.555,0.653
0939+620,2007,1,145.8104285882,1.892,61.8425968739,0.87,-0.022
0943+105,2007,1,146.6461246963,0.363,10.2850372108,0.543,0.438
0949+354,2007,2,148.1334424092,0.1,35.2145564241,0.168,0.173
0951+268,2007,1,148.6658188293,0.255,26.656817501,0.375,-0.307
0951+693,2007,1,148.8882205809,2.308,69.0652945287,0.663,0.939
0952+179,2007,1,148.7367649976,0.15,17.7253393371,0.218,0.17
0953+254,2007,35,149.2078141231,0.335,25.2544583827,0.346,0.655
0954+658,2007,3,149.6968546227,0.155,65.5652272741,0.074,-0.099
0955+326,2007,2,149.5872901576,0.126,32.4006137604,0.122,-0.026
0955+476,2007,94,149.581965214,0.092,47.4188451196,0.075,0.106
0955+509,2007,1,149.6575392564,0.248,50.6659674609,0.3,0.005
0958+346,2007,1,150.2997882492,0.161,34.4140165472,0.15,-0.103
1003+351,2007,1,151.5072928873,0.397,34.9028889725,0.469,0.013
1004+054,2007,1,151.6567119889,4.662,5.1649951154,9.341,0.885
1004+141,2007,1,151.9229088427,0.167,13.9415557626,0.112,0.111
1004-217,2007,1,151.6933904366,0.335,-21.9890029017,0.536,0.343
1004-500,2007,2,151.5583723041,0.34,-50.3037416676,0.358,0.625
1005-739,2007,1,151.5172715259,3.783,-74.1622466803,1.148,-0.072
1010+495,2007,1,153.3747187932,8.532,49.3113839679,13.561,-0.899
1011+250,2007,2,153.4726198392,0.108,24.8212335213,0.113,0.179
1012+232,2007,3,153.6961060783,0.13,23.0212696591,0.118,0.183
1012-448,2007,2,153.7098125196,0.615,-45.1447650994,0.706,0.6
1013+054,2007,1,154.0130686296,0.149,5.2173170994,0.154,-0.108
1013+127,2007,1,153.9334307651,0.175,12.451964003,0.282,-0.219
1013+208,2007,1,154.1846754968,0.107,20.6298069962,0.234,-0.376
1015+057,2007,1,154.6160344462,0.132,5.5083227531,0.141,-0.132
1016-311,2007,5,154.6198062525,0.858,-31.3982915231,0.639,0.358
1019+416,2007,1,155.5084312705,0.413,41.4348257164,0.303,-0.391
1020+400,2007,1,155.7981902875,0.243,39.8042737602,0.203,-0.362
1022+194,2007,3,156.186706685,0.165,19.2056709984,0.129,0.058
1022-665,2007,3,155.9313887758,0.7,-66.7801992812,0.282,0.628
1027-186,2007,1,157.3879073638,0.503,-18.8806362432,0.833,-0.303
1030+074,2007,1,158.3917679674,0.379,7.1905965719,0.114,-0.005
1030+415,2007,1,158.2654494882,0.137,41.2683979971,0.129,0.233
1032-199,2007,6,158.7589803482,0.377,-20.1928777167,0.214,0.168
1034-293,2007,104,159.3169989042,0.237,-29.5674481905,0.175,-0.239
1034-374,2007,3,159.2226652354,0.709,-37.7375183447,0.365,-0.119
1038+064,2007,2,160.321510407,0.12,6.1713678163,0.184,-0.326
1038+528,2007,2,160.4449234364,0.19,52.5578420242,0.212,0.082
1039+811,2007,3,161.0960942021,0.509,80.9109564039,0.071,-0.045
1040+123,2007,2,160.6858550079,0.287,12.05868425,0.251,0.484
1040+244,2007,1,160.787649022,0.083,24.1431692544,0.121,-0.282
1044+719,2007,60,162.1150830474,0.194,71.7266496012,0.078,-0.243
1045-188,2007,2,162.0275858521,0.207,-19.1599240076,0.504,0.391
1048-313,2007,3,162.7699065905,0.696,-31.6373077517,0.33,-0.442
1049+215,2007,2,162.953287802,0.178,21.3311982759,0.167,0.114
1049-650,2007,1,162.8480019603,12.676,-65.3023954932,5.62,-0.745
1053+704,2007,1,164.2234063691,0.298,70.1960876776,0.108,-0.207
1053+815,2007,44,164.5480641566,0.702,81.2424097794,0.111,0.158
1054+004,2007,1,164.3156978478,0.808,0.2009933922,1.113,0.475
1055+018,2007,3,164.6233549957,0.077,1.5663398899,0.095,-0.109
1055-301,2007,3,164.5017813249,0.852,-30.4152852981,0.57,0.497
1056+212,2007,1,164.9126778749,0.118,20.9560988509,0.225,-0.271
1057-797,2007,45,164.6804578129,1.103,-80.0650444062,0.135,-0.213
1059+282,2007,1,165.5595352866,0.128,27.9524137101,0.159,-0.513
1059+599,2007,1,165.6781784887,0.872,59.688773737,0.488,0.19
1100+122,2007,1,165.764707529,0.214,11.9712844864,0.317,0.291
1101+384,2007,13,166.1138081208,0.136,38.2088330706,0.249,0.832
1101-325,2007,2,165.8813595432,0.89,-32.8546373003,1.189,0.485
1101-536,2007,2,165.9675902796,0.29,-53.9501935626,0.27,0.439
1104-445,2007,4,166.7862257751,0.591,-44.8187822632,1.845,-0.778
1107+485,2007,1,167.6513502641,4.499,48.2979039384,5.672,0.735
1109-567,2007,1,168.0302903592,14.126,-57.0610412716,11.281,-0.91
1111+149,2007,2,168.4945628742,0.126,14.707486776,0.167,-0.248
1116+128,2007,1,169.7387559451,0.129,12.5782550222,0.266,-0.436
1116-462,2007,2,169.6123234125,0.38,-46.5708338391,0.549,0.392
1117+146,2007,1,170.115858102,3.153,14.3486094944,2.499,-0.741
1119+183,2007,1,170.6237978838,0.101,18.0906508347,0.15,-0.205
1121+234,2007,1,171.1316178264,0.137,23.1322092464,0.23,-0.116
1123+264,2007,2,171.4737996758,0.086,26.1722162815,0.095,-0.043
1124-186,2007,75,171.7683018901,0.139,-18.9548449417,0.112,0.048
1125+366,2007,1,171.9952950022,0.265,36.3412089527,0.639,-0.386
1127-145,2007,3,172.5293860461,1.594,-14.8242739647,2.672,0.984
1128+385,2007,44,172.7220108805,0.088,38.2551519493,0.085,0.023
1129-580,2007,2,172.9303665244,0.479,-58.3148454965,0.341,0.439
1130+009,2007,1,173.333565762,0.15,0.6813434851,0.484,0.525
1133-032,2007,1,174.1024038325,0.148,-3.5081935088,0.191,-0.139
1134-739,2007,1,174.0402492165,5.196,-74.262576366,1.172,0.269
1142+052,2007,1,176.3388132329,0.189,4.9240801751,0.337,-0.207
1143-245,2007,4,176.5337638736,0.156,-24.7924712117,0.168,-0.286
1143-287,2007,6,176.6091189386,1.037,-28.9884736175,0.669,0.706
1143-332,2007,1,176.6185490939,0.414,-33.4785085235,1.061,-0.167
1143-696,2007,2,176.4734340985,0.651,-69.9004993893,0.283,0.508
1144+402,2007,2,176.7429080654,0.116,39.9761956517,0.114,0.071
1144-379,2007,74,176.7557112867,0.199,-38.2030621507,0.168,0.032
1145+268,2007,1,176.999016233,0.121,26.5950924549,0.257,-0.08
1145-071,2007,3,176.9648084003,0.16,-7.4114280892,0.194,-0.09
1146+362,2007,1,177.3915652614,0.272,35.9855819763,0.459,-0.273
1147+245,2007,1,177.580050748,0.179,24.2982875689,0.158,0.092
1148-671,2007,2,177.8059437507,1.065,-67.4697482877,0.7,0.629
1149-084,2007,1,178.071706325,0.165,-8.6842539849,0.275,-0.322
1150+497,2007,2,178.3519443554,0.176,49.5191196176,0.164,0.174
1150+812,2007,2,178.3020799497,0.419,80.9747651377,0.074,0.151
1154+069,2007,1,179.2527184724,0.367,6.6868312091,0.875,-0.474
1155+251,2007,1,179.6074487622,1.317,24.838321888,2.037,-0.355
1156+295,2007,85,179.8826413124,0.12,29.245507477,0.131,-0.045
1156-663,2007,2,179.826272518,0.826,-66.5942853075,0.342,0.355
1200+045,2007,1,180.8413956151,0.385,4.2386372087,0.484,0.023
1200+468,2007,1,180.8824903732,3.717,46.5487670346,3.537,-0.122
1207-120,2007,1,182.5173516525,2.742,-12.2958168188,2.192,0.749
1212+171,2007,1,183.7665798528,0.134,16.9105436224,0.141,-0.038
1213+350,2007,3,183.981671012,0.124,34.8042279782,0.162,-0.045
1213-172,2007,3,183.9447988364,0.374,-17.5292786668,0.372,0.326
1215+303,2007,1,184.4670081965,0.149,30.1168433196,0.224,-0.314
1216+061,2007,1,184.8467337374,0.383,5.8249164866,0.471,-0.085
1216+487,2007,1,184.7767281631,0.195,48.4989346057,0.154,-0.192
1218+339,2007,1,185.141148224,1.949,33.7200103976,3.642,0.357
1219+044,2007,35,185.5939567523,0.14,4.2210488682,0.303,-0.305
1219+285,2007,2,185.3820437737,0.242,28.2329168835,0.457,0.177
1219-164,2007,1,185.567079235,2.694,-16.7652431358,4.889,0.74
1221+809,2007,3,185.9187238985,0.433,80.6678723695,0.108,-0.177
1221-829,2007,1,186.2265923491,30.352,-83.2194717935,3.945,0.088
1226+373,2007,3,187.1975986313,0.125,37.1033599835,0.142,0.259
1228+126,2007,84,187.7059307803,0.317,12.3911232975,0.308,-0.112
1231+811,2007,1,188.3037216783,1.046,80.909436482,0.238,-0.056
1236+077,2007,3,189.8524513843,0.088,7.5047747615,0.104,0.023
1237-101,2007,2,189.9294227538,0.187,-10.3913034895,0.115,0.242
1239+552,2007,1,190.3654327989,3.271,54.9719603977,2.748,0.153
1239+606,2007,1,190.3732941294,0.822,60.3448118356,0.589,-0.434
1240+381,2007,2,190.7140378696,0.128,37.8500070204,0.114,-0.205
1241+166,2007,1,190.9902050089,0.267,16.3814982168,0.461,-0.303
1243-072,2007,8,191.5176337719,0.359,-7.5129373856,0.212,0.344
1243-160,2007,1,191.4739260376,0.153,-16.2793624072,0.213,0.078
1244-255,2007,2,191.6950085046,0.156,-25.7970248208,0.632,-0.043
1245+710,2007,1,191.7814725492,6.898,70.7792012068,1.914,0.232
1246+489,2007,1,192.21228303,11.973,48.6647586561,19.116,0.833
1251-713,2007,2,193.7496726205,0.741,-71.6384546374,0.276,0.421
1252+119,2007,1,193.6593983549,0.101,11.6849709244,0.177,-0.315
1255-316,2007,44,194.4960868127,0.282,-31.9213477107,0.348,0.689
1257+519,2007,1,194.8798917538,0.247,51.6822948034,0.238,0.136
1300+580,2007,84,195.7186053491,0.151,57.8104470271,0.092,0.071
1305-247,2007,1,197.1363640803,0.721,-24.9756693493,1.799,-0.823
1306+360,2007,1,197.0987880938,0.143,35.776990022,0.146,-0.208
1308+326,2007,88,197.6194328267,0.313,32.3454952093,0.265,-0.034
1308+328,2007,2,197.7475113642,0.107,32.5595693658,0.108,0.124
1313-333,2007,2,199.0332748237,0.234,-33.6497702031,0.249,0.209
1315+346,2007,1,199.4020590995,0.164,34.4210923381,0.17,0.036
1315-058,2007,1,199.6404559855,0.146,-6.1232836686,0.348,-0.232
1318+508,2007,1,200.1758681617,9.31,50.6021665097,2.027,-0.438
1322-078,2007,1,201.2900647467,0.382,-8.0801085388,0.799,-0.444
1324+224,2007,3,201.7535887845,0.083,22.1806007866,0.107,-0.14
1325+504,2007,1,201.8546820716,0.979,50.1469930403,2.317,-0.002
1325-558,2007,3,202.2547702491,0.491,-56.1340738509,0.438,0.623
1328+254,2007,1,202.6570424654,2.39,25.1530213109,2.232,-0.097
1330+022,2007,1,203.2219605917,0.073,2.0126942831,0.167,-0.313
1334-127,2007,112,204.4157615807,0.129,-12.9568592769,0.109,-0.192
1334-649,2007,1,204.4685252347,12.432,-65.1569187249,6.513,-0.773
1337-033,2007,1,205.055435309,2.281,-3.5891121196,1.587,-0.495
1338+362,2007,1,205.1500413195,2.316,36.007427416,2.433,0.668
1339-287,2007,1,205.5639400884,0.347,-29.0116200958,0.77,-0.147
1342+662,2007,1,205.9414983483,0.376,66.0404846615,0.178,0.028
1342+663,2007,2,206.0361648458,0.243,66.1032343478,0.095,-0.132
1343+386,2007,1,206.4039296397,8.396,38.3867845373,4.872,0.352
1347+539,2007,1,207.394402411,0.133,53.6880667285,0.089,-0.368
1348+308,2007,1,207.719734517,0.402,30.581552915,0.21,-0.345
1349-439,2007,2,208.2355623098,0.398,-44.2112186295,0.7,0.402
1351-018,2007,29,208.5287305144,0.145,-2.1008861708,0.407,0.078
1352-104,2007,7,208.6938282316,0.286,-10.6840712084,0.278,0.339
1354+195,2007,2,209.2684862007,0.176,19.3187145859,0.153,0.397
1354-152,2007,2,209.2968541132,0.16,-15.4579963627,0.121,-0.29
1354-174,2007,2,209.275308988,0.402,-17.7338626088,0.249,-0.263
1357+769,2007,94,209.4807147615,0.207,76.7225141522,0.047,0.009
1400-184,2007,1,210.7021022282,0.17,-18.6798584549,0.41,0.095
1402+044,2007,1,211.2546660417,0.188,4.2599495818,0.209,-0.265
1402-012,2007,5,211.1912314303,0.38,-1.5060964429,0.238,0.993
1404+286,2007,85,211.7516433798,0.182,28.4540806125,0.198,-0.137
1406-076,2007,2,212.2353383661,0.082,-7.8740740066,0.1,0.011
1406-267,2007,1,212.4590407404,0.202,-26.9602720733,0.464,0.127
1412+461,2007,1,213.5618861095,3.077,45.9135340153,4.776,0.504
1412-368,2007,3,213.8584016886,1.074,-37.0908252457,0.571,-0.694
1413+135,2007,2,213.9950730424,0.112,13.3399202652,0.176,-0.136
1416+067,2007,2,214.7840840023,0.381,6.4763342601,0.452,-0.059
1417+273,2007,2,214.9970710934,0.248,27.1070979554,0.172,0.098
1417+385,2007,45,214.9442240031,0.084,38.363465303,0.077,-0.048
1418+546,2007,43,214.9441558554,0.098,54.3874408759,0.066,-0.073
1418-782,2007,1,215.931455787,5.04,-78.4930278064,1.205,-0.178
1421+122,2007,1,215.8754219279,3.325,11.9975667224,2.358,-0.457
1424+366,2007,1,216.6545309466,0.39,36.4193259525,0.306,0.315
1424-418,2007,98,216.9845732252,0.26,-42.1053993868,0.233,0.257
1432+200,2007,2,218.6658056632,0.182,19.8668710196,0.191,0.091
1435+638,2007,1,219.1908424102,0.271,63.6105184389,0.14,-0.073
1436+763,2007,1,218.9462495237,10.76,76.0905079773,3.733,0.059
1441+252,2007,1,220.987050899,0.192,25.0290251779,0.187,-0.331
1442+101,2007,2,221.3186052379,0.162,9.9766869038,0.135,0.494
1443-162,2007,3,221.4724011204,0.363,-16.4837830735,0.2,-0.297
1445-161,2007,4,222.0627252753,1.201,-16.3401523656,1.204,-0.072
1448+762,2007,3,222.1199124898,0.321,76.019888109,0.076,-0.167
1448-648,2007,1,223.165329847,0.814,-65.0342869814,0.322,0.191
1451-375,2007,16,223.6142072092,0.387,-37.7925403414,0.228,-0.41
1451-400,2007,2,223.6371345836,0.58,-40.2090321044,1.304,0.909
1454-354,2007,6,224.3612989691,0.901,-35.652770128,0.637,0.718
1456+044,2007,1,224.7473175365,0.227,4.2705055753,0.261,-0.125
1458+088,2007,1,225.1416826313,4.362,8.6616148622,8.999,0.476
1458+718,2007,2,224.7815997058,0.419,71.6721850359,0.159,0.081
1459+480,2007,1,225.2027256724,0.575,47.8543162513,0.85,0.393
1502+036,2007,3,226.2769881895,0.117,3.4418923931,0.112,0.03
1502+106,2007,2,226.1040823923,0.147,10.4942218256,0.084,0.169
1504+377,2007,1,226.5397081885,0.106,37.5142035461,0.108,0.095
1504-166,2007,5,226.7699457394,0.197,-16.8750741559,0.203,-0.199
1505+514,2007,1,226.7983983356,0.545,51.2880175699,0.478,0.236
1508-055,2007,2,227.7232976487,0.095,-5.7187271171,0.277,0.252
1508-656,2007,1,228.2147942785,3.637,-65.8839508722,1.736,-0.198
1510-089,2007,2,228.2105538377,0.157,-9.0999527807,0.202,0.198
1511-476,2007,1,228.6667691248,0.336,-47.8082938766,0.431,0.401
1514+197,2007,2,229.236650671,0.084,19.5369421606,0.172,-0.096
1514-241,2007,4,229.4242213556,0.172,-24.3720766887,0.295,0.279
1519+181,2007,1,230.3232469773,6.744,17.9336300388,2.478,-0.267
1519-273,2007,58,230.6569833154,0.143,-27.5029959827,0.124,0.173
1519-294,2007,4,230.606193018,0.629,-29.6070086309,0.326,-0.132
1520+319,2007,1,230.5416322344,0.12,31.7373283049,0.131,-0.296
1528+381,2007,1,232.5677175144,0.714,37.9753236861,0.936,-0.644
1532+016,2007,1,233.7185570211,0.073,1.5178351207,0.089,0.061
1538+149,2007,1,235.2062146282,0.134,14.7960790431,0.072,0.183
1540-828,2007,1,237.7463653375,69.532,-82.9685634206,4.38,-0.582
1541+050,2007,1,235.8913573878,0.298,4.8720332643,0.713,0.129
1546+027,2007,2,237.3726535589,0.107,2.6169897581,0.128,0.094
1549-790,2007,1,239.2452900275,2.636,-79.2345229279,0.581,0.587
1554-643,2007,2,239.7095180648,0.874,-64.5415659764,0.518,0.524
1556-245,2007,5,239.9225378833,0.446,-24.7107867137,0.265,-0.476
1557+032,2007,2,239.8790526012,0.126,3.0800713347,0.117,0.019
1600+335,2007,2,240.530264461,0.102,33.4480756988,0.134,0.055
1600-445,2007,1,241.1292530222,0.685,-44.6922142743,2.757,-0.842
1601+112,2007,1,240.9247134322,2.227,11.0968551184,2.516,0.525
1604-333,2007,3,241.8948428254,0.683,-33.5191426231,0.36,-0.608
1606+106,2007,132,242.1925132828,0.082,10.4854932821,0.084,-0.176
1606-398,2007,1,242.5911626389,1.506,-39.9828692653,1.468,0.062
1608+243,2007,1,242.6751115532,0.132,24.2469476866,0.191,-0.455
1610-771,2007,5,244.4553183284,1.109,-77.2884632705,0.245,-0.001
1611+343,2007,117,243.4211009993,0.069,34.2133080297,0.067,-0.129
1611-710,2007,3,244.1276730634,0.976,-71.1420706665,0.346,0.458
1614+051,2007,1,244.1564868322,0.136,4.9924268845,0.096,0.063
1615+029,2007,1,244.4579505271,0.412,2.7786402821,0.445,0.397
1616+063,2007,2,244.7653652386,0.247,6.2172897749,0.298,0.242
1619-680,2007,1,246.0768208332,0.371,-68.1534712881,0.181,-0.089
1622-253,2007,119,246.4453818524,0.19,-25.4606463671,0.152,-0.134
1622-297,2007,2,246.5250869198,0.427,-29.8574925918,0.853,0.451
1624+416,2007,2,246.4902905163,0.131,41.5779525729,0.175,0.015
1624-617,2007,2,247.2278742403,0.532,-61.8767772424,0.295,0.332
1627+476,2007,1,247.1562686285,6.943,47.5695599549,4.737,0.601
1629+680,2007,1,247.4659934225,8.19,67.9541506058,13.549,0.253
1633+382,2007,3,248.8145540128,0.097,38.1345835263,0.081,0.166
1633-810,2007,1,250.7389406673,2.523,-81.1430749043,0.335,0.617
1634+600,2007,1,248.9068696548,0.456,59.9208548875,0.423,-0.064
1637+574,2007,1,249.5560678946,0.202,57.3399942319,0.159,0.152
1637+826,2007,8,248.1332079535,1.415,82.5378888566,0.134,-0.324
1637-771,2007,1,251.0671673922,7.083,-77.2635592805,1.629,-0.531
1638+398,2007,20,250.1234698764,0.083,39.7794523678,0.079,-0.065
1639+230,2007,2,250.3551148576,0.097,22.9511202274,0.14,-0.177
1639-062,2007,1,250.5090738054,0.106,-6.3565819717,0.175,-0.051
1641+399,2007,12,250.7450425171,1.414,39.81027625,0.687,-0.088
1642+690,2007,2,250.532702287,0.2,68.9443767789,0.075,0.077
1645+174,2007,1,251.9243312427,1.757,17.3366213352,2.936,-0.044
1645+271,2007,1,251.889993508,0.75,27.0995260869,0.686,0.278
1647-296,2007,3,252.6647670838,0.544,-29.7297096466,0.302,-0.545
1648+084,2007,1,252.6565113103,0.185,8.4145087426,0.256,-0.165
1651+391,2007,1,253.2437899246,0.193,39.0471728608,0.158,-0.451
1652+398,2007,6,253.4675695318,0.12,39.7601691439,0.125,-0.184
1655+077,2007,3,254.5375477747,0.066,7.6909834086,0.12,-0.25
1656+053,2007,2,254.6393638763,0.129,5.2545677903,0.136,0.075
1656+348,2007,1,254.5059133593,0.472,34.7245560196,0.314,0.049
1656+477,2007,2,254.511581675,0.134,47.6303419177,0.211,-0.03
1656-075,2007,1,254.6835916894,0.139,-7.6549149918,0.212,-0.151
1657-261,2007,2,255.2214752041,0.132,-26.1810348443,0.161,0.03
1657-562,2007,1,255.4369087397,0.293,-56.3655283588,0.348,0.268
1659-621,2007,2,255.9022550067,0.505,-62.2111135187,0.303,0.527
1700+685,2007,1,255.0387198602,0.699,68.5019332275,0.286,0.085
1704+512,2007,1,256.360056625,0.941,51.1598333779,1.825,0.223
1705+018,2007,3,256.8933969645,0.101,1.8126941759,0.145,-0.106
1705+456,2007,1,256.8239724715,0.109,45.6029314336,0.084,-0.233
1706-174,2007,9,257.39310579,0.272,-17.4814903693,0.368,0.216
1717+178,2007,1,259.8043687645,0.168,17.7517880846,0.125,0.015
1718+384,2007,1,260.043061733,0.263,38.4322676786,0.411,-0.124
1718-649,2007,3,260.9209551493,0.742,-65.0101693932,0.372,0.464
1721+343,2007,1,260.8366497836,0.384,34.299434556,0.548,-0.297
1722+330,2007,1,261.0591576702,0.235,33.0510943097,0.244,-0.234
1724+609,2007,1,261.1725630486,1.716,60.932146753,0.799,-0.46
1725+044,2007,2,262.1039697122,0.118,4.451364996,0.11,-0.252
1725+123,2007,1,262.0293800671,0.46,12.260967889,0.614,-0.393
1725-795,2007,1,263.4195841032,0.851,-79.5988103397,0.194,0.251
1726+455,2007,5,261.8652117103,0.291,45.5110365314,0.31,0.357
1727+502,2007,1,262.0776001592,0.41,50.2195749742,0.285,-0.203
1727-052,2007,1,262.6378166593,1.888,-5.252243021,3.196,0.296
1732+389,2007,2,263.5857438823,0.125,38.9642897269,0.113,-0.046
1734-228,2007,1,264.2584720526,3.535,-22.8653868925,6.915,0.59
1736+324,2007,1,264.6687580757,0.615,32.4025075096,1.118,-0.171
1738+476,2007,2,264.988037843,0.143,47.6328781918,0.142,0.065
1738+499,2007,2,264.8641270261,0.183,49.917602349,0.182,-0.059
1739+522,2007,102,265.1540743444,0.087,52.1953909394,0.063,0.007
1741-038,2007,143,265.9952339006,0.084,-3.8346157353,0.087,-0.059
1742-088,2007,1,266.1983410799,2.397,-8.8206472537,4.505,-0.251
1743+173,2007,2,266.3967007226,0.121,17.3337287672,0.173,0.069
1744+557,2007,1,266.2358626539,0.299,55.7047670254,0.213,0.033
1745+624,2007,51,266.5584756579,0.217,62.448538476,0.119,0.218
1745+670,2007,1,266.4764907625,1.427,67.0636940674,0.469,0.485
1746+470,2007,2,266.8610303008,0.173,46.9808128422,0.164,-0.075
1749+096,2007,143,267.8867440513,0.068,9.6502023483,0.07,-0.065
1749+701,2007,1,267.1368346742,0.431,70.0974357521,0.126,-0.527
1750-187,2007,1,268.2878685123,2.25,-18.7273717151,6.012,0.805
1751+288,2007,2,268.4269735436,0.067,28.8013718987,0.077,-0.162
1751+441,2007,2,268.3443661284,0.115,44.1626906188,0.073,0.024
1754+155,2007,1,269.2212589457,0.169,15.5891184602,0.177,-0.084
1758+388,2007,1,270.1031889559,0.128,38.8085271357,0.105,-0.066
1758-651,2007,2,270.8479030965,0.461,-65.1268781738,0.209,0.095
1759-396,2007,1,270.6778333982,0.255,-39.6688631911,0.943,-0.551
1800+440,2007,2,270.3846450533,0.095,44.0727501113,0.102,0.114
1803+784,2007,42,270.1903496052,0.21,78.4677828844,0.043,-0.015
1806+456,2007,1,272.0911911634,0.155,45.7057962462,0.157,-0.18
1806-458,2007,1,272.4911322681,0.426,-45.8780593124,0.688,0.382
1807+698,2007,86,271.7111693705,0.168,69.8244745838,0.057,0.036
1815+531,2007,1,274.2377947415,0.484,53.1290275029,0.388,-0.327
1815-553,2007,23,274.9391646197,1.274,-55.3557626193,0.317,-0.051
1821+107,2007,2,276.0118968788,0.099,10.7399373097,0.201,-0.082
1822+033,2007,1,276.133609229,0.558,3.3683151929,1.217,-0.576
1823+568,2007,2,276.0294515365,0.15,56.850414108,0.086,0.074
1824-582,2007,2,277.3016766552,0.47,-58.2319893673,0.259,0.566
1825+266,2007,1,276.8338939836,0.454,26.6400420496,0.737,0.16
1829-718,2007,1,278.9050168307,14.486,-71.8328406575,5.128,0.099
1830+285,2007,2,278.2091067206,0.103,28.5599876094,0.113,-0.317
1837+409,2007,1,279.7741804873,3.172,41.0164144852,4.012,0.154
1842+681,2007,1,280.6401737101,0.262,68.1570077167,0.1,0.002
1846+322,2007,1,282.0920357453,0.116,32.3173899023,0.125,-0.305
1849+670,2007,4,282.3169678064,0.187,67.0949111949,0.08,0.061
1851+609,2007,1,282.9681702271,4.973,61.0107721221,1.437,0.53
1855+163,2007,1,284.356648243,0.724,16.4155108748,1.838,0.723
1856+737,2007,1,283.7387496233,0.308,73.8555296866,0.133,0.14
1901+319,2007,1,285.733078862,0.124,31.9949171241,0.079,-0.091
1902-119,2007,1,286.3691160124,1.223,-11.8923378118,1.757,0.75
1903-802,2007,2,288.1667461945,1.507,-80.1683184749,0.243,0.051
1908+484,2007,1,287.4440115238,0.288,48.5755055717,0.218,-0.062
1908-201,2007,36,287.7902204053,0.141,-20.115308201,0.286,-0.242
1909+161,2007,1,287.9927391892,0.102,16.1963514854,0.145,-0.014
1918+267,2007,1,290.1212839611,0.45,26.8633341432,1.186,-0.17
1920-211,2007,1,290.8841241764,0.112,-21.0759258711,0.248,-0.275
1921-293,2007,47,291.2127331181,0.199,-29.2417002974,0.314,0.626
1923+210,2007,72,291.4983556847,0.169,21.1072672882,0.132,0.327
1925-610,2007,1,292.5256673652,0.545,-60.9358843437,0.594,0.679
1928+738,2007,3,291.9520630627,0.324,73.9671026866,0.106,-0.113
1929+226,2007,3,292.8538199524,0.194,22.7253495577,0.22,-0.013
1929-457,2007,3,293.1870322053,0.588,-45.6105357113,0.846,0.649
1932+204,2007,1,293.7936371373,0.183,20.5317096798,0.256,-0.351
1932-161,2007,1,293.8991470383,0.474,-16.0423256048,1.044,-0.148
1933-400,2007,4,294.3175722517,0.401,-39.9670981139,0.322,0.26
1935-692,2007,2,295.1063674869,0.613,-69.1324920638,0.271,0.106
1936-155,2007,2,294.8610740587,0.191,-15.4286272397,0.533,0.133
1937-101,2007,2,294.9885690992,0.159,-10.0448667407,0.176,0.111
1954+513,2007,2,298.928076072,0.121,51.5301516477,0.097,-0.157
1954-388,2007,49,299.4992470066,0.217,-38.7517655334,0.179,-0.275
1955+343,2007,1,299.3935622345,2.146,34.4651745238,2.817,-0.175
1958-179,2007,65,300.2378768533,0.099,-17.8160201678,0.09,-0.035
1959+067,2007,1,300.5398951875,0.84,6.8542756274,1.21,0.447
2000+148,2007,1,300.674996808,0.113,15.0207150003,0.207,-0.453
2000-330,2007,5,300.8504848108,0.169,-32.8625370146,0.478,-0.182
2002-375,2007,3,301.4794622515,0.648,-37.3948549103,0.615,0.268
2003+662,2007,1,300.977122222,3.836,66.4323264991,1.196,0.205
2005-489,2007,1,302.3557916985,7.299,-48.8315902205,2.132,0.982
2007+777,2007,2,301.3791607244,0.504,77.8786798909,0.102,-0.056
2008-068,2007,2,302.8092326471,0.137,-6.734320957,0.289,-0.63
2013+163,2007,1,304.0577501242,0.135,16.5428092502,0.19,-0.396
2013+508,2007,1,303.6191251617,2.25,50.9859800302,1.307,-0.232
2018+282,2007,1,305.1911259131,6.402,28.4497762246,5.341,0.067
2021+317,2007,2,305.8292389597,0.289,31.8839739522,0.291,-0.015
2027-035,2007,1,307.531149026,0.966,-3.4201512692,1.065,0.049
2029+024,2007,1,307.9468797127,0.127,2.6603566243,0.274,-0.221
2029+121,2007,4,307.9791427836,0.092,12.3281500867,0.09,0.048
2030-689,2007,1,308.9536513903,1.224,-68.7760664884,0.293,-0.514
2037+511,2007,122,309.6543114012,0.103,51.3201840366,0.078,0.013
2037-253,2007,3,310.0365538685,0.786,-25.1296288036,0.349,-0.682
2044-188,2007,1,311.9068969285,0.266,-18.6948200971,0.861,0.245
2048+312,2007,1,312.7130477547,0.397,31.4576037832,0.326,0.24
2052-474,2007,57,314.0681659416,0.221,-47.2465632268,0.235,-0.16
2058-297,2007,5,315.2569163783,0.783,-29.5577323576,0.673,0.351
2059+034,2007,8,315.4118089581,0.394,3.6920336393,0.302,0.207
2059-786,2007,1,316.4373391607,1.056,-78.426263075,0.151,0.21
2106-413,2007,2,317.3882859388,0.565,-41.1723902701,0.564,0.691
2109-811,2007,1,319.1285254917,3.138,-80.8986732426,0.26,-0.661
2113+293,2007,58,318.8725560646,0.1,29.5606575563,0.148,0.077
2114+053,2007,1,319.1526452211,0.141,5.6047347856,0.343,-0.059
2117-614,2007,1,320.2669760132,1.242,-61.1901734673,0.473,0.661
2117-642,2007,1,320.479254811,10.853,-64.0750143648,14.094,-0.585
2119+664,2007,1,320.1925071612,5.572,66.7056199295,1.973,0.641
2121+053,2007,48,320.9354891046,0.123,5.5894702597,0.16,-0.029
2126-158,2007,71,322.3007328816,0.162,-15.6447337871,0.317,0.197
2127-096,2007,1,322.5795344098,0.136,-9.4603987162,0.208,-0.217
2128-123,2007,21,322.8969238782,0.304,-12.1179991299,0.666,0.01
2131-021,2007,5,323.5429565851,0.333,-1.8881219296,0.268,0.318
2134+004,2007,22,324.1607761764,0.279,0.6983923203,0.352,0.04
2135-184,2007,1,324.6747124647,16.009,-18.1790105568,23.408,-0.78
2136+141,2007,92,324.7554552875,0.118,14.3933311819,0.124,-0.344
2138-377,2007,2,325.468536846,1.702,-37.4869418931,0.973,-0.718
2139-249,2007,1,325.6289960871,0.198,-24.7441200856,0.468,0.017
2141+175,2007,1,325.8981023622,0.155,17.7302188788,0.269,0.333
2142+110,2007,1,326.3282295062,0.254,11.2575867105,0.33,-0.514
2142-758,2007,3,326.8030450704,0.866,-75.6036735343,0.262,0.149
2143-156,2007,2,326.5957469449,1.998,-15.4288573947,3.398,0.987
2144+092,2007,1,326.7923458227,0.167,9.4962978821,0.172,-0.143
2145+067,2007,34,327.0227444718,0.084,6.9607234166,0.078,-0.111
2146-783,2007,2,328.0131433216,2.299,-78.1185109263,0.415,0.789
2147-284,2007,1,327.7211999531,0.27,-28.211615238,0.645,0.001
2149+056,2007,48,327.9078145503,0.268,5.8702652032,0.422,-0.441
2149-307,2007,3,327.9813502051,0.602,-30.4649161294,0.452,0.277
2150+173,2007,2,328.103414185,0.124,17.5771653043,0.106,-0.157
2155+312,2007,1,329.3700993821,0.454,31.4503755487,0.735,-0.128
2155-152,2007,1,329.5261743581,0.156,-15.0192580993,0.389,-0.203
2155-304,2007,3,329.7169380932,0.545,-30.2255884771,0.244,-0.141
2200+420,2007,4,330.680380657,0.09,42.2777722005,0.093,-0.145
2201+044,2007,1,331.0735513915,0.325,4.6672285231,0.527,-0.339
2201+315,2007,65,330.8123991646,0.278,31.7606305465,0.22,-0.057
2203-188,2007,1,331.5433981333,4.448,-18.5940991268,6.883,-0.366
2204-540,2007,2,331.9322220597,0.333,-53.7760609971,0.302,0.36
2205+166,2007,1,331.9702736399,0.304,16.8716153412,0.412,0.324
2205+743,2007,1,331.4474538723,0.622,74.6058488172,0.175,-0.352
2207+087,2007,1,332.5252095371,1.071,8.95821192,1.637,0.513
2209+236,2007,25,333.0248596158,0.074,23.9279288897,0.079,0.121
2210+277,2007,1,333.1629306169,2.285,27.9940149252,3.425,0.54
2210-257,2007,3,333.2604082683,0.588,-25.4916891378,0.565,0.188
2214+350,2007,3,334.0833745864,0.135,35.3039389418,0.154,-0.116
2215+020,2007,1,334.4509914298,1.298,2.336309522,1.743,0.435
2216+178,2007,1,334.8087189717,0.386,18.1098836884,0.624,0.15
2216-038,2007,2,334.7168238154,0.099,-3.5935776354,0.195,-0.128
2217-011,2007,1,334.9470101062,0.33,-0.8590432998,0.828,-0.487
2220-351,2007,1,335.7747097435,2.867,-34.9297729281,4.708,0.966
2223-052,2007,102,336.4469137122,0.107,-4.9503862948,0.109,-0.168
2229+695,2007,1,337.6519570831,0.378,69.7744658121,0.161,0.205
2230+114,2007,2,338.1517038051,0.087,11.7308067,0.081,-0.24
2232-488,2007,4,338.8051524939,0.313,-48.5996651751,0.417,0.524
2234+282,2007,47,339.0936284263,0.153,28.4826147156,0.165,0.406
2234+420,2007,1,339.2675406685,0.337,42.2800727753,0.396,0.048
2235+731,2007,2,339.1608208598,0.599,73.3812951062,0.182,0.003
2236-572,2007,3,339.8003162583,0.334,-57.016899791,0.282,0.514
2243+047,2007,1,341.4735587769,0.147,5.0158229914,0.314,-0.326
2243-123,2007,88,341.5759665596,0.195,-12.1142438062,0.33,0.596
2244-372,2007,3,341.7663222498,0.679,-36.9628622906,0.348,-0.602
2251+158,2007,13,343.490616614,0.116,16.1482114174,0.1,-0.22
2252-090,2007,1,343.7676661243,1.219,-8.7344506716,0.721,0.072
2253+227,2007,1,344.044480416,11.922,23.0292149987,5.114,-0.675
2253+417,2007,2,343.9029493285,0.091,42.0479257439,0.11,0.011
2254+024,2007,2,344.3231794707,0.304,2.7215309821,0.324,0.899
2254+074,2007,2,344.3220963474,0.189,7.7200839599,0.348,-0.143
2255-282,2007,33,344.5248453516,0.303,-27.9725713435,0.344,0.713
2300+142,2007,1,345.7914699097,0.254,14.5281540313,0.472,0.007
2300-683,2007,2,345.9315193014,0.479,-68.127067576,0.123,0.232
2304+377,2007,1,346.7541449231,4.625,38.045064138,4.103,-0.113
2306-312,2007,3,347.3097140721,0.935,-30.9868288714,0.71,0.146
2307+106,2007,1,347.6188240224,0.19,10.9251935208,0.177,-0.184
2312-319,2007,3,348.7020857526,0.546,-31.6443131435,0.344,-0.334
2314-340,2007,3,349.1807766767,1.476,-33.820134977,0.705,-0.463
2316+238,2007,1,349.6415327175,0.182,24.0777082766,0.321,-0.192
2318+049,2007,85,350.1869025155,0.152,5.2305423824,0.144,-0.174
2319+272,2007,2,350.4994259317,0.097,27.5462343983,0.124,0.186
2319+317,2007,1,350.4789832982,0.112,32.0687840559,0.13,-0.23
2320+506,2007,2,350.6082590581,0.159,50.9644343922,0.133,0.264
2320-035,2007,4,350.8831405246,0.365,-3.2847287582,0.275,0.452
2321-375,2007,1,351.0296324381,1.161,-37.2395711854,0.985,0.462
2325-150,2007,3,351.9498507385,0.9,-14.7988199325,0.6,0.484
2326-477,2007,1,352.3237682624,0.446,-47.5053095656,0.409,0.725
2329-162,2007,3,352.9110518081,0.115,-15.9491693005,0.224,-0.102
2329-384,2007,4,352.9978173101,0.595,-38.1965696518,0.299,-0.426
2331+073,2007,1,353.553450559,0.139,7.6076530868,0.276,0.042
2333-415,2007,1,354.1416043056,0.588,-41.2561064387,0.7,0.518
2335-027,2007,2,354.4889127669,0.14,-2.5160081446,0.102,-0.023
2344+514,2007,1,356.7701528861,1.358,51.7049671554,0.826,-0.581
2344-514,2007,3,356.8327670857,0.435,-51.176684925,0.464,0.472
2349-014,2007,1,357.983844224,0.456,-1.1536986108,0.981,-0.712
2351+456,2007,4,358.5903342589,0.132,45.8845101648,0.127,-0.007
2351-309,2007,3,358.447745416,0.519,-30.6301396733,0.356,-0.043
2353-686,2007,3,359.0028390784,0.533,-68.3342977224,0.305,0.245
2355-106,2007,3,359.5453433675,0.123,-10.3357253601,0.154,0.048
2355-534,2007,1,359.4719419898,0.282,-53.1871358866,0.301,0.607
2356+385,2007,75,359.888253324,0.174,38.8450884434,0.212,-0.095
2358+189,2007,1,0.2859232167,0.162,19.2427228028,0.297,-0.284
