iers_name,year,num_ses,ra,ra_err,dec,dec_err,ra_dec_corr
0003+380,2008,4,1.4882307167,0.139,38.3375413799,0.17,0.15
0003-066,2008,88,1.5578870367,0.163,-6.3931487621,0.26,0.172
0005-239,2008,1,2.0015399527,1.493,-23.6550433594,8.538,-0.564
0007+171,2008,2,2.6416278963,0.155,17.4052115122,0.246,-0.205
0008-264,2008,4,2.755194653,0.322,-26.2092714477,0.251,0.527
0010+405,2008,3,3.3797091869,0.147,40.8603178286,0.137,0.0
0014+813,2008,82,4.2853121067,1.269,81.5855934542,0.183,-0.038
0016+731,2008,4,4.9407765753,0.29,73.458338218,0.09,-0.015
0019+058,2008,3,5.635171682,0.104,6.1345192445,0.197,-0.102
0024+224,2008,1,6.8140482672,0.844,22.6994635785,0.62,-0.158
0027+056,2008,1,7.4412348419,0.513,5.9113090897,0.217,0.014
0035+413,2008,2,9.6035149316,0.179,41.6183333562,0.147,0.074
0035-252,2008,2,9.5613980187,0.331,-24.9839542001,0.128,-0.582
0039+230,2008,2,10.5189382416,0.164,23.333628402,0.361,-0.107
0039+568,2008,1,10.5810486351,0.372,57.1434961891,0.215,0.06
0047+023,2008,2,12.4301498856,0.684,2.6177162405,1.064,-0.025
0047-579,2008,3,12.4978042605,0.388,-57.6409277871,0.272,0.353
0048-097,2008,65,12.6721557826,0.1,-9.4847806512,0.079,-0.097
0048-427,2008,4,12.789590885,0.406,-42.4425813998,0.367,0.552
0054+161,2008,2,14.2303930246,0.284,16.4203724684,0.321,0.271
0055-059,2008,5,14.5211096353,0.106,-5.6645216323,0.088,0.034
0059+581,2008,110,15.690676616,0.126,58.4030935371,0.075,-0.04
0104-275,2008,1,16.6086653026,23.122,-27.3032951768,25.984,0.961
0104-408,2008,103,16.6879498647,0.233,-40.5722112349,0.193,-0.029
0106+013,2008,46,17.1615462953,0.123,1.5834215266,0.149,-0.035
0107-610,2008,4,17.3144800292,0.387,-60.8301277559,0.351,0.096
0109+224,2008,5,18.0242696519,0.119,22.7441073552,0.147,0.136
0110+495,2008,2,18.3625283216,0.158,49.8066787344,0.171,-0.207
0110-668,2008,3,18.0788035532,0.976,-66.5792189629,0.692,0.661
0111+021,2008,4,18.4297705536,0.138,2.3714768786,0.335,0.265
0112-245,2008,1,18.7388601935,0.465,-24.3290774317,0.987,0.306
0113-283,2008,1,18.8495170099,7.275,-28.0820064484,1.66,0.968
0115-214,2008,2,19.4532501228,1.194,-21.185175713,0.517,-0.35
0116-219,2008,4,19.7385926464,0.575,-21.6917055595,0.22,-0.179
0119+041,2008,11,20.4869237278,0.2,4.373537472,0.498,0.199
0119+115,2008,86,20.4233127029,0.068,11.8306704027,0.14,0.025
0121+560,2008,1,21.1076130809,4.283,56.3144214211,2.59,0.88
0122-514,2008,3,21.2391311659,0.395,-51.2211575799,0.519,0.595
0123+257,2008,4,21.6783026396,0.107,25.9836944548,0.227,-0.266
0124-155,2008,1,21.6412113744,0.195,-15.309477053,0.429,0.015
0130-171,2008,3,23.1811978161,0.46,-16.9134782996,0.226,-0.172
0131-522,2008,3,23.2740106595,0.4,-52.0010959155,0.375,0.586
0133+476,2008,104,24.2441450228,0.069,47.8580833858,0.058,-0.082
0134+311,2008,6,24.2863901316,0.214,31.3766265738,0.286,-0.005
0135-247,2008,2,24.4097768484,0.125,-24.5149681752,0.3,0.08
0136+176,2008,1,24.9249133824,0.372,17.885430576,0.452,-0.092
0138-097,2008,6,25.3576339285,0.236,-9.4787984158,0.252,0.069
0148+274,2008,3,27.8631090402,0.14,27.7449427303,0.158,-0.38
0149+218,2008,2,28.0752460293,0.092,22.118805598,0.126,-0.036
0150-144,2008,1,28.1333852979,1.828,-14.2109435478,2.258,-0.525
0150-334,2008,2,28.2921740942,0.651,-33.1738505813,0.308,-0.403
0151+474,2008,4,28.7345411896,0.159,47.724038825,0.167,-0.31
0153+744,2008,2,29.3956867758,1.05,74.7120081345,0.33,0.059
0155-549,2008,1,29.207132559,9.164,-54.6634712477,5.308,-0.946
0159+723,2008,3,30.8891040563,0.27,72.5482409476,0.075,0.09
0201+113,2008,50,30.9444044383,0.21,11.5792804245,0.298,-0.006
0202+149,2008,40,31.2100578713,0.237,15.2364010793,0.338,-0.157
0202+319,2008,2,31.2705223556,0.089,32.2083598181,0.112,0.06
0202-172,2008,3,31.2403097396,0.209,-17.0221779768,0.221,0.19
0206+136,2008,1,32.3999930611,0.411,13.866875699,1.444,-0.01
0206-178,2008,1,32.1455973314,0.257,-17.6596336229,0.681,-0.118
0206-689,2008,1,31.9622151456,0.583,-68.6319895096,0.544,0.141
0208-512,2008,47,32.6925017924,0.305,-51.0171921807,0.243,-0.217
0210-180,2008,1,33.0943482532,0.169,-17.7706509576,0.366,0.004
0212+735,2008,3,34.3783895622,0.238,73.825728206,0.063,-0.099
0215+015,2008,3,34.4539781182,0.069,1.7471385987,0.082,-0.06
0216+011,2008,1,34.779268667,0.548,1.3499635711,1.769,-0.679
0219+428,2008,2,35.6650478549,0.117,43.0354997378,0.145,-0.054
0220-349,2008,4,35.7350067791,0.23,-34.6913141134,0.356,-0.266
0221+067,2008,2,36.1184508385,0.152,6.9898171139,0.123,0.059
0222-234,2008,1,36.2617560385,0.236,-23.2134685428,0.518,-0.232
0224+671,2008,4,37.208547853,0.242,67.350841462,0.109,0.009
0224-189,2008,1,36.6984516293,1.035,-18.7275667193,1.88,-0.852
0226-559,2008,1,37.0899930565,0.424,-55.7675778302,0.53,0.394
0227+403,2008,1,37.6904616944,0.375,40.5480747756,0.622,0.469
0227-369,2008,1,37.368537821,0.248,-36.7324506334,0.094,-0.312
0229+131,2008,49,37.9412252589,0.129,13.3818656728,0.154,-0.097
0229+230,2008,1,38.086485385,0.605,23.299127211,1.139,-0.798
0230-790,2008,5,37.3956108361,1.028,-78.7960005731,0.332,-0.26
0234+285,2008,5,39.4683569899,0.099,28.8024972234,0.087,-0.073
0234-301,2008,3,39.1298725693,0.851,-29.8987612298,0.321,-0.338
0235+164,2008,57,39.6622087859,0.054,16.6164651663,0.045,0.006
0235-618,2008,2,39.2218573542,0.57,-61.6042176317,0.3,0.4
0237-027,2008,12,39.9394677944,0.143,-2.5780317759,0.129,-0.045
0237-233,2008,3,40.0340603015,0.581,-23.1543692718,0.492,-0.237
0239+108,2008,2,40.62154514,0.163,11.0168688915,0.125,-0.192
0239+175,2008,2,40.6011179378,0.38,17.7163468651,0.538,-0.218
0244-452,2008,1,41.4754613239,0.591,-44.9943356589,1.392,-0.726
0246+061,2008,1,42.3250672002,0.323,6.3310967276,0.184,0.197
0248+430,2008,2,42.8939030727,0.117,43.254397045,0.156,-0.012
0252-549,2008,3,43.3715848406,0.36,-54.6976211257,0.328,0.469
0256+075,2008,3,44.8628192637,0.137,7.7943452565,0.251,-0.103
0256-005,2008,2,44.8688173318,0.195,-0.3333266088,0.572,0.409
0258+011,2008,1,45.3483623725,0.317,1.3099990168,0.778,-0.28
0300+470,2008,1,45.8968426581,0.262,47.2711876991,0.229,-0.273
0301-243,2008,1,45.8604286088,0.249,-24.1198412109,0.533,-0.018
0302+625,2008,2,46.6777482021,0.439,62.7172290428,0.185,-0.1
0302-623,2008,3,45.960964241,0.377,-62.1904305598,0.181,0.193
0306+102,2008,5,47.2650979232,0.095,10.4878725493,0.195,-0.088
0307+380,2008,4,47.7078329896,0.223,38.2482883442,0.312,0.399
0308-611,2008,3,47.4837465787,0.366,-60.9775155676,0.255,0.435
0309+411,2008,5,48.2581755441,0.111,41.3336621258,0.115,-0.067
0315-282,2008,1,49.3904151209,1.781,-28.0551668492,4.756,0.203
0316+413,2008,5,49.9506672639,2.107,41.5116967771,1.67,-0.111
0316-164,2008,1,49.7730333022,0.21,-16.2297351597,0.491,-0.072
0316-444,2008,1,49.4903306495,6.089,-44.2380912308,28.916,0.63
0317+188,2008,2,49.9635696513,0.159,19.0253587393,0.227,0.111
0318-172,2008,1,50.0796142769,0.646,-17.0442039714,1.062,-0.444
0319+121,2008,2,50.4712646313,0.058,12.3538760623,0.124,-0.428
0322+222,2008,3,51.4033930718,0.19,22.400101414,0.57,0.19
0325-182,2008,1,51.9305900436,0.513,-18.0616744532,0.972,-0.62
0326+277,2008,1,52.4902894842,0.323,27.9376386087,0.212,-0.098
0332+078,2008,3,53.7221527407,0.195,8.0040053408,0.239,0.016
0332-403,2008,2,53.5568940182,0.326,-40.1403883357,0.179,-0.3
0333+321,2008,2,54.1254482628,0.262,32.3081506695,0.237,0.021
0334-546,2008,3,53.9746867811,0.429,-54.5069763629,0.339,0.382
0335-122,2008,1,54.4810481415,5.233,-12.067929179,4.408,-0.141
0336-019,2008,136,54.878907413,0.112,-1.776612226,0.086,0.104
0338-214,2008,3,55.14836606,0.159,-21.3253255874,0.12,-0.579
0340+362,2008,3,55.8706349939,0.255,36.3701193153,0.277,0.564
0342+147,2008,2,56.2767356199,0.217,14.897099602,0.231,0.14
0345+460,2008,9,57.3280899362,0.317,46.1665716564,0.255,-0.311
0346-279,2008,6,57.1589357183,0.138,-27.8204348949,0.132,-0.224
0347-211,2008,2,57.4909445042,0.181,-21.0465946428,0.826,-0.408
0355+055,2008,1,59.4421900892,0.794,5.7086830186,0.736,0.132
0355+508,2008,7,59.8739467113,1.163,50.9639339688,0.592,0.052
0355-669,2008,3,58.9495145,1.554,-66.7593936747,0.45,0.572
0357-263,2008,1,59.8903624995,34.134,-26.2587225028,31.979,-0.889
0358+210,2008,6,60.4381919613,0.175,21.17460755,0.335,0.193
0400+258,2008,4,60.7732753562,0.085,26.000417441,0.116,-0.252
0400-319,2008,2,60.5886083854,0.579,-31.7905404975,0.291,-0.213
0402-362,2008,9,60.9739579394,0.319,-36.0838650088,0.474,0.595
0403-179,2008,1,61.551017056,3.172,-17.8327583674,3.777,-0.031
0404-240,2008,1,61.6639168862,0.234,-23.9177190695,0.543,-0.213
0405-123,2008,6,61.9517957596,0.135,-12.1935165224,0.165,-0.016
0405-385,2008,21,61.7459805124,0.337,-38.441123033,0.292,-0.044
0406+121,2008,2,62.3417028998,0.213,12.2944021528,0.204,0.457
0406-127,2008,1,62.274040706,0.329,-12.6467067726,1.631,-0.466
0409+229,2008,1,63.1819452376,0.499,23.0848479851,0.494,-0.478
0414-189,2008,6,64.1522685586,0.173,-18.8523166753,0.19,-0.436
0415+398,2008,2,64.8439563953,0.232,39.9247159932,0.181,0.055
0418+532,2008,1,65.6849953247,0.241,53.4072953523,0.238,0.182
0420+022,2008,4,65.7175610715,0.103,2.3241474696,0.163,-0.088
0420+417,2008,2,65.9833741172,0.073,41.8340869678,0.077,0.079
0420-014,2008,7,65.8158363703,0.072,-1.3425182119,0.104,-0.078
0422+004,2008,4,66.1951752476,0.104,0.6017581571,0.147,-0.105
0422-380,2008,4,66.1760153331,0.536,-37.939106766,0.43,0.169
0423+051,2008,2,66.65251716,0.292,5.3055204421,0.798,0.807
0425+174,2008,1,67.1484737042,0.448,17.5398855392,0.326,-0.183
0426+273,2008,2,67.4706698979,0.115,27.41052113,0.254,0.29
0426-380,2008,2,67.1684347207,0.515,-37.9387722933,0.474,0.559
0430+052,2008,2,68.2962313912,0.15,5.3543387753,0.135,0.425
0430+289,2008,3,68.4076244029,0.244,29.0987436222,0.352,0.297
0432-606,2008,1,68.3921183524,0.356,-60.5038249931,0.428,0.478
0434-188,2008,21,69.2561780855,0.217,-18.7468370346,0.765,-0.125
0436-129,2008,2,69.64592072,0.525,-12.8509323169,2.771,-0.78
0437-454,2008,3,69.7535609867,0.304,-45.3729341842,0.563,0.479
0438-436,2008,3,70.0715829499,0.792,-43.5523900557,0.8,0.876
0442+389,2008,2,71.5478918122,0.416,39.004750065,0.478,0.515
0446+112,2008,6,72.2819629186,0.109,11.3579434488,0.177,0.053
0451-282,2008,4,73.3110284085,0.1,-28.127035184,0.201,-0.242
0454+844,2008,13,77.1765144998,1.586,84.5345955477,0.202,-0.136
0454-220,2008,1,74.0371821188,0.852,-21.9859439218,1.58,-0.197
0454-234,2008,96,74.2632467294,0.162,-23.4144500595,0.121,-0.149
0454-463,2008,2,73.9615522204,0.245,-46.2662999598,0.47,0.456
0454-810,2008,3,72.522666708,1.195,-81.0172865202,0.179,0.019
0457+024,2008,3,74.9668780128,0.353,2.4919935236,0.223,0.047
0458-020,2008,93,75.3033745076,0.135,-1.9872934182,0.139,-0.14
0502+049,2008,3,76.3466030495,0.099,4.9952012568,0.128,-0.047
0503-608,2008,3,76.0070880817,0.469,-60.8312609958,0.271,0.35
0506+101,2008,2,77.3644044282,0.2,10.1957222174,0.445,-0.079
0506-612,2008,4,76.6832861572,0.433,-61.1613872059,0.245,0.13
0507+179,2008,3,77.5098713765,0.17,18.0115504839,0.14,0.134
0510+559,2008,1,78.577914276,4.121,56.0364043961,2.607,-0.802
0514-161,2008,1,79.0663745225,7.269,-16.0521208754,4.72,0.591
0515+208,2008,4,79.5159354232,0.143,20.9145826778,0.272,0.284
0516-621,2008,3,79.187192269,0.39,-62.1181637299,0.199,0.374
0518+165,2008,2,80.2911917576,0.196,16.6394588708,0.129,0.028
0521-365,2008,5,80.7416027063,0.326,-36.4585697581,0.285,-0.222
0522-611,2008,3,80.6434392937,0.744,-61.1325372037,0.348,0.395
0524+034,2008,6,81.8862726878,0.116,3.5254212783,0.113,-0.046
0524-237,2008,1,81.7016060399,0.762,-23.715516752,1.521,0.556
0524-460,2008,3,81.3808339559,0.509,-45.9651903333,0.572,0.666
0524-485,2008,3,81.5694638963,0.328,-48.5102198845,0.327,0.616
0525-231,2008,1,81.827533954,0.251,-23.1269445952,0.594,0.036
0527-253,2008,1,82.4877807179,0.143,-25.2663700627,0.245,-0.27
0528+134,2008,69,82.7350696959,0.08,13.5319859641,0.112,0.137
0529+483,2008,6,83.3161074195,0.077,48.3813355005,0.072,-0.037
0530-727,2008,6,82.375175764,0.649,-72.757918803,0.237,0.223
0534-340,2008,6,84.1184682263,0.788,-34.0198523194,0.36,0.506
0534-611,2008,2,83.6490520818,0.411,-61.101964821,0.274,0.03
0536+145,2008,5,84.9265249409,0.222,14.5626560611,0.29,0.085
0537-158,2008,1,84.8833752177,0.545,-15.8417557729,0.548,0.295
0537-286,2008,4,84.9761727485,0.5,-28.6655411248,0.243,-0.233
0537-441,2008,135,84.7098397596,0.212,-44.085816385,0.186,-0.066
0538+498,2008,2,85.6505745423,0.17,49.8520093859,0.154,0.011
0539-057,2008,3,85.4086806095,0.473,-5.6970635145,0.387,-0.37
0540-270,2008,1,85.5529729511,0.554,-26.9784834529,1.616,-0.736
0544+273,2008,2,86.8922871845,0.093,27.3657896529,0.224,0.145
0548+378,2008,1,88.0747372134,0.147,37.9070230298,0.213,0.428
0549-575,2008,2,87.5399174832,0.27,-57.5401101328,0.302,0.307
0552+398,2008,125,88.8783566925,0.056,39.8136569319,0.049,-0.01
0556+238,2008,34,89.8834713949,0.165,23.8983130008,0.308,0.418
0558-396,2008,1,90.130906428,0.294,-39.6172769404,0.682,0.168
0600+177,2008,2,90.7880427278,0.199,17.7046696208,0.247,-0.053
0601-172,2008,1,90.990553078,5.731,-17.2745050562,0.962,0.863
0602+673,2008,77,91.969465095,0.287,67.348724968,0.174,-0.239
0604+728,2008,1,92.7036338224,2.948,72.8147738699,0.74,-0.095
0605-085,2008,3,91.9987467379,0.181,-8.580549413,0.19,-0.196
0606-223,2008,2,92.2486952081,0.203,-22.3391546794,0.14,0.097
0607-157,2008,103,92.420623062,0.093,-15.7112979358,0.08,-0.004
0609+607,2008,4,93.5994424808,0.173,60.7727099459,0.114,-0.242
0609-284,2008,1,92.9640223695,0.309,-28.4666260359,0.708,0.338
0611+131,2008,3,93.4903864429,0.157,13.1126113631,0.249,0.119
0613+570,2008,3,94.3205106408,0.194,57.02122873,0.147,-0.219
0615+820,2008,2,96.5125259966,1.041,82.0404355095,0.174,-0.058
0620+389,2008,2,96.0792552861,0.177,38.94687123,0.157,0.021
0621-786,2008,1,94.6256613881,0.888,-78.7172614231,0.325,0.382
0625-354,2008,1,96.7780391043,0.183,-35.4875943026,0.506,-0.22
0627-199,2008,2,97.3490076892,0.129,-19.9888121017,0.087,0.415
0628-671,2008,1,97.1650326717,0.653,-67.2131681532,0.472,0.522
0629-418,2008,3,97.7999916855,0.518,-41.9074853602,0.696,0.661
0632-183,2008,1,98.7958876215,0.376,-18.3572894276,0.82,-0.493
0632-235,2008,3,98.7458376448,0.456,-23.5866547826,0.22,0.261
0633-263,2008,1,98.83712091,0.3,-26.3444076355,0.77,0.321
0633-26B,2008,1,98.8309009313,0.4,-26.3488106896,1.021,-0.606
0634-584,2008,1,98.9201246008,0.449,-58.4528544713,0.547,0.524
0636+680,2008,2,100.5177392354,0.556,67.9765613619,0.187,0.071
0637-337,2008,1,99.837102687,0.664,-33.7666984053,0.553,0.203
0637-752,2008,34,98.9437831329,0.777,-75.271337602,0.156,-0.199
0641+392,2008,3,101.2237900136,0.169,39.2465372047,0.258,-0.174
0642+449,2008,103,101.6334417151,0.057,44.8546083861,0.049,0.005
0646-306,2008,4,102.0587351626,0.293,-30.7387943936,0.146,-0.305
0648-165,2008,7,102.6024244022,0.099,-16.6277014668,0.101,-0.088
0648-287,2008,1,102.637199603,0.818,-28.8216269785,1.828,-0.796
0654+244,2008,1,104.2736480285,0.383,24.3987208443,0.679,-0.467
0656+082,2008,51,104.8249834774,0.214,8.2252648225,0.484,-0.201
0657+172,2008,4,105.0063563881,0.059,17.156028196,0.097,0.052
0700-197,2008,2,105.6787528385,0.164,-19.8561210737,0.368,-0.106
0707+476,2008,2,107.6921036738,0.118,47.5364285646,0.116,0.108
0710+439,2008,2,108.409017147,0.178,43.8214465109,0.482,-0.131
0714+457,2008,2,109.4660517736,0.219,45.6342391787,0.15,0.189
0716+714,2008,3,110.4727019222,0.223,71.3434343099,0.084,0.021
0718+792,2008,85,111.5488968738,0.686,79.1919489571,0.095,0.079
0718-154,2008,1,110.3062142679,0.434,-15.5113908987,1.427,-0.698
0722+145,2008,3,111.3200323956,0.113,14.4204851912,0.1,-0.093
0723+219,2008,2,111.5594197166,0.254,21.8889206014,0.332,-0.193
0723-008,2008,6,111.4609999277,0.367,-0.9157067224,0.234,0.27
0727+409,2008,1,112.7139431845,1.548,40.8307858572,0.89,-0.608
0727-115,2008,153,112.5796353501,0.098,-11.6868334956,0.082,-0.017
0729+259,2008,2,113.2344802218,0.125,25.8107766146,0.228,0.293
0733-174,2008,5,113.9408852069,0.718,-17.5968061829,0.989,0.527
0733-187,2008,1,114.0099062279,1.482,-18.8860895367,2.18,0.308
0735+178,2008,4,114.5308072601,0.126,17.7052772916,0.133,0.305
0736+017,2008,2,114.8251412205,0.073,1.6179493825,0.11,-0.065
0738+313,2008,2,115.2945970963,0.215,31.2000639415,0.295,0.056
0738+491,2008,4,115.5114539794,0.124,49.0043358381,0.113,-0.125
0738-674,2008,3,114.73540071,0.727,-67.5974517349,0.367,0.604
0743+259,2008,104,116.6078090842,0.12,25.8172596137,0.173,0.055
0743+277,2008,2,116.668467921,0.134,27.5830685959,0.381,0.146
0743-673,2008,2,115.8817153295,0.84,-67.4404296401,0.359,-0.057
0745+241,2008,2,117.150455299,0.072,24.0066972267,0.125,-0.087
0747+185,2008,3,117.5013747976,0.298,18.38650198,0.226,0.494
0748+126,2008,2,117.716857242,0.048,12.5180078844,0.069,0.103
0749+540,2008,56,118.2557690606,0.118,53.8832325328,0.096,0.116
0754+100,2008,3,119.2776789576,0.059,9.9430145003,0.118,0.143
0759+183,2008,4,120.7001331688,0.168,18.1636804254,0.265,0.081
0800+618,2008,4,121.3257482183,0.159,61.7399167788,0.104,-0.115
0804+499,2008,55,122.165276204,0.187,49.8434806833,0.152,-0.378
0804-153,2008,1,121.7721207424,0.125,-15.52371714,0.296,-0.358
0805+046,2008,1,121.989744088,0.391,4.5429251387,0.366,0.042
0805+410,2008,28,122.2360502071,0.173,40.8791358509,0.249,0.221
0805-077,2008,1,122.064733111,0.477,-7.8527463588,0.247,0.287
0806-153,2008,1,122.2807993348,0.611,-15.5463541264,1.036,0.066
0808+019,2008,5,122.8612805316,0.178,1.7811723533,0.348,-0.169
0812+367,2008,2,123.8581035988,0.096,36.5875412777,0.131,-0.05
0818-128,2008,2,125.2393648538,0.699,-12.9831024961,0.17,0.304
0820+560,2008,2,126.1968183438,0.396,55.8785191645,0.24,0.087
0820-578,2008,1,125.3355309408,0.438,-58.0052086578,0.554,0.542
0821+394,2008,3,126.2311827106,0.179,39.2783067289,0.12,-0.307
0823+033,2008,72,126.459743101,0.105,3.1568110907,0.252,0.265
0826-373,2008,1,127.0199177023,0.562,-37.5184114891,0.669,0.468
0827+243,2008,2,127.7170259379,0.189,24.1832833635,0.233,-0.068
0828+493,2008,3,128.0967362686,0.209,49.2225105953,0.15,0.068
0829+046,2008,4,127.953653982,0.26,4.4941905578,0.229,0.462
0831+557,2008,1,128.7287667969,0.812,55.5725198119,0.518,-0.1
0833+585,2008,2,129.3433736047,0.161,58.4171791709,0.1,0.23
0834-201,2008,3,129.1633968471,0.451,-20.2831956715,0.26,-0.299
0836+710,2008,3,130.3515220805,0.186,70.8950480689,0.07,0.125
0839+187,2008,2,130.5212257376,0.445,18.5947194033,2.615,0.596
0847-120,2008,2,132.5401484312,0.197,-12.2264933372,1.115,-0.324
0850+581,2008,2,133.6749849711,0.26,57.9583164654,0.183,-0.123
0851+202,2008,79,133.7036455301,0.062,20.1085113793,0.079,0.159
0854-108,2008,9,134.1741839713,0.184,-11.0873417629,0.128,-0.023
0855-716,2008,1,133.7990412337,0.555,-71.8184603611,0.232,0.15
0859+470,2008,3,135.766625416,0.071,46.8511492779,0.088,0.003
0859+681,2008,1,135.9714794824,0.788,67.9563015376,0.254,-0.148
0859-140,2008,3,135.5701289267,0.184,-14.2585763085,0.177,0.137
0907+022,2008,1,137.4160331428,0.582,2.0014629775,0.321,0.098
0912+029,2008,8,138.6579726228,0.068,2.7664575198,0.112,0.121
0912+297,2008,1,138.9683401885,0.319,29.5566788059,0.715,0.204
0917+449,2008,2,140.2435769769,0.075,44.698329225,0.101,-0.295
0917+624,2008,4,140.4009628408,0.249,62.2644945356,0.113,-0.249
0918-297,2008,1,140.1799741497,0.187,-29.9417481422,0.471,-0.237
0919-260,2008,5,140.3723075272,0.128,-26.3120517839,0.191,-0.263
0920+390,2008,5,140.8102205764,0.134,38.8277528437,0.183,0.147
0920-397,2008,5,140.6934093961,0.18,-39.9930746892,0.276,-0.086
0923+392,2008,95,141.7625581411,0.059,39.0391254642,0.055,0.097
0925-203,2008,5,141.9659346383,0.218,-20.5808979039,0.144,-0.022
0928+008,2008,1,142.7177230034,0.716,0.5830396861,3.047,-0.924
0943+105,2008,2,146.6461246812,0.695,10.2850373221,0.671,0.165
0945+408,2008,3,147.2305755542,0.105,40.6623852814,0.1,-0.017
0949+354,2008,1,148.1334424075,0.352,35.2145565906,0.589,0.22
0951+268,2008,3,148.665818801,0.177,26.656817685,0.331,0.026
0951+693,2008,1,148.8882210565,0.818,69.0652946481,0.202,0.434
0952+179,2008,3,148.7367650734,0.114,17.7253394923,0.151,-0.052
0953+254,2008,46,149.2078141645,0.315,25.2544583907,0.259,0.549
0954+658,2008,5,149.696854622,0.112,65.5652272234,0.056,-0.021
0955+326,2008,3,149.5872901592,0.097,32.4006137297,0.147,0.057
0955+476,2008,99,149.5819651526,0.068,47.4188451164,0.058,0.097
0958+346,2008,3,150.2997883144,0.168,34.4140165017,0.251,0.198
1004+141,2008,2,151.9229086916,0.123,13.9415557851,0.16,0.006
1004-217,2008,2,151.6933904478,0.752,-21.9890026154,0.312,0.029
1004-500,2008,5,151.558371999,0.359,-50.3037418644,0.437,0.512
1011+250,2008,2,153.4726199526,0.254,24.8212335257,0.135,0.043
1012+232,2008,2,153.6961060618,0.156,23.0212696332,0.115,0.027
1012-448,2008,3,153.7098125838,0.544,-45.1447650832,0.582,0.564
1013+054,2008,8,154.0130686241,0.085,5.2173170314,0.114,-0.059
1013+127,2008,2,153.9334307208,0.134,12.4519639917,0.378,-0.101
1013+208,2008,1,154.1846756587,0.285,20.6298071947,0.259,0.168
1015+057,2008,2,154.6160344902,0.161,5.5083227309,0.161,0.191
1015+359,2008,3,154.5457837774,0.099,35.710955793,0.229,0.19
1016-311,2008,4,154.6198062363,0.66,-31.398291555,0.35,-0.192
1020+400,2008,2,155.7981902444,0.109,39.8042738047,0.229,-0.004
1021-006,2008,1,156.1232785625,0.893,-0.8820817951,0.672,0.722
1022+194,2008,1,156.1867065025,0.495,19.2056713101,0.891,-0.723
1022-665,2008,1,155.9313880998,0.655,-66.7801994406,0.386,0.582
1027-186,2008,6,157.3879070766,0.441,-18.8806358444,0.367,-0.268
1030+074,2008,2,158.391767931,0.229,7.1905965543,0.144,0.784
1030+415,2008,3,158.265449484,0.098,41.2683980201,0.099,0.047
1032-199,2008,5,158.7589804082,0.306,-20.1928778185,0.216,-0.422
1034-293,2008,104,159.3169989354,0.191,-29.5674482163,0.124,-0.087
1034-374,2008,3,159.2226652516,0.609,-37.7375183784,0.264,-0.501
1038+064,2008,3,160.3215104015,0.076,6.1713677977,0.113,0.054
1038+528,2008,4,160.4449235225,0.134,52.5578420765,0.129,0.108
1039+811,2008,2,161.0960931662,1.134,80.9109563842,0.155,-0.284
1040+244,2008,4,160.7876490633,0.085,24.1431693088,0.161,-0.05
1044+719,2008,63,162.1150829895,0.262,71.7266495986,0.114,-0.339
1045-188,2008,2,162.0275858928,0.121,-19.1599240587,0.194,-0.217
1046-222,2008,1,162.3411215852,0.652,-22.5187526507,1.569,-0.818
1046-409,2008,2,162.1594631816,0.32,-41.2333656284,0.669,-0.009
1047+147,2008,1,162.4430315845,0.154,14.4940482201,0.251,-0.298
1048-313,2008,3,162.769906512,0.588,-31.6373077635,0.234,-0.346
1048-526,2008,1,162.6584518679,0.331,-52.8300911451,0.501,0.392
1049+215,2008,2,162.953287752,0.234,21.331198296,0.129,0.218
1049-726,2008,1,162.6885405203,0.536,-72.9089750669,0.253,0.239
1053+704,2008,3,164.2234063297,0.356,70.196087666,0.123,0.046
1053+815,2008,58,164.5480643281,1.024,81.2424097945,0.172,0.085
1055+018,2008,3,164.6233550054,0.072,1.566339912,0.131,-0.108
1055+201,2008,1,164.574586872,0.3,19.864130503,0.248,0.171
1055-301,2008,1,164.5017806645,0.717,-30.4152855996,0.548,0.236
1056+212,2008,1,164.9126777088,1.292,20.9560989109,0.858,-0.679
1057-797,2008,49,164.6804570632,0.982,-80.0650443727,0.159,-0.007
1059+282,2008,2,165.5595353048,0.364,27.9524137366,0.326,-0.213
1100+122,2008,2,165.764707571,0.388,11.9712845384,0.84,0.216
1101+384,2008,18,166.1138081673,0.158,38.208833093,0.196,0.0
1101-325,2008,1,165.8813602866,0.601,-32.854637036,1.058,0.374
1101-536,2008,3,165.967590364,0.473,-53.9501937313,0.356,0.567
1104-445,2008,1,166.786224661,6.623,-44.818780581,15.038,0.771
1105-680,2008,3,166.8028969635,0.717,-68.3474242954,0.329,0.525
1111+149,2008,3,168.4945628621,0.184,14.7074868501,0.256,0.327
1116+128,2008,1,169.7387559662,0.122,12.5782549741,0.181,0.033
1116-462,2008,3,169.6123236372,0.35,-46.5708335736,0.431,0.524
1117-270,2008,1,170.067459967,7.008,-27.3184359541,1.467,0.969
1123+264,2008,3,171.4737996467,0.08,26.1722163363,0.12,-0.212
1124+571,2008,1,171.9172298925,0.462,56.8374431849,0.352,0.23
1124-186,2008,86,171.7683018918,0.108,-18.9548449407,0.087,0.085
1125+366,2008,2,171.9952950929,0.299,36.3412086973,0.321,-0.001
1127-145,2008,2,172.5293858302,0.368,-14.824274444,0.275,-0.426
1127-443,2008,1,172.3821748911,0.543,-44.5972048336,1.042,0.363
1128+385,2008,49,172.7220108937,0.064,38.2551519651,0.071,-0.018
1129-580,2008,3,172.9303666542,0.441,-58.3148455194,0.362,0.619
1130+009,2008,4,173.3335658308,0.171,0.6813436823,0.202,-0.125
1130-741,2008,1,173.0796253542,1.208,-74.4191731482,0.38,0.619
1131+730,2008,1,173.5475272259,12.606,72.8222342374,5.831,0.272
1133-032,2008,5,174.1024038746,0.108,-3.5081935216,0.193,0.237
1142+052,2008,1,176.3388126201,8.405,4.9240799301,5.564,0.279
1142-225,2008,1,176.3418617617,1.347,-22.8420381937,6.082,-0.411
1143+590,2008,1,176.6121318778,0.535,58.8095177011,0.308,0.038
1143-245,2008,4,176.5337638945,0.212,-24.792471199,0.227,-0.371
1143-287,2008,3,176.6091190013,0.679,-28.9884736369,0.452,-0.556
1143-696,2008,3,176.4734339307,0.674,-69.9004993643,0.273,0.482
1144+402,2008,5,176.742908034,0.094,39.9761956532,0.124,0.047
1144-379,2008,83,176.7557112438,0.196,-38.2030621161,0.155,-0.115
1145+268,2008,3,176.9990162719,0.123,26.5950924084,0.198,0.028
1145-071,2008,2,176.9648084571,0.119,-7.4114281406,0.125,-0.148
1147+245,2008,2,177.5800507889,0.125,24.2982875848,0.129,-0.092
1147-192,2008,1,177.6313629757,0.115,-19.5137635383,0.274,-0.211
1149-084,2008,8,178.0717063325,0.113,-8.684253872,0.114,-0.077
1150+497,2008,2,178.351944483,0.282,49.5191195635,0.21,0.383
1150+812,2008,2,178.3020800277,0.519,80.9747651056,0.092,0.435
1156+295,2008,73,179.8826412969,0.132,29.2455074757,0.165,0.205
1156-214,2008,1,179.8393022832,0.118,-21.7124757613,0.273,-0.18
1156-663,2008,4,179.8262726221,0.571,-66.5942853324,0.3,0.36
1200+068,2008,1,180.7542194591,1.179,6.5782049587,0.481,-0.148
1204+399,2008,1,181.6543890397,0.346,39.6843742247,0.242,0.112
1206-238,2008,1,182.2601873437,1.242,-24.1057666515,0.487,0.736
1210+197,2008,1,183.2337332217,0.691,19.4297267159,0.28,-0.056
1212+087,2008,1,183.74963958,5.017,8.4895897238,4.376,0.788
1212+171,2008,5,183.7665797398,0.186,16.9105436062,0.278,0.198
1213+350,2008,2,183.9816710526,0.169,34.8042280159,0.231,-0.116
1213-172,2008,2,183.9447990163,0.388,-17.5292786392,0.298,0.606
1215+303,2008,2,184.467008203,0.178,30.1168433091,0.166,0.341
1216+487,2008,2,184.7767281667,0.14,48.4989346584,0.111,0.102
1219+044,2008,38,185.5939567695,0.15,4.2210489345,0.345,-0.241
1219+285,2008,2,185.3820437974,0.188,28.2329167362,0.268,0.093
1221+809,2008,2,185.9187237495,0.848,80.6678723643,0.161,-0.073
1223-188,2008,2,186.6469873821,0.208,-19.0773703873,0.522,-0.399
1226+373,2008,6,187.1975986621,0.158,37.1033599424,0.183,0.125
1228+126,2008,107,187.7059307541,0.233,12.3911233043,0.265,0.01
1232+366,2008,1,188.7741935803,0.481,36.3553668291,0.703,-0.333
1236+077,2008,2,189.8524513425,0.088,7.5047747589,0.183,-0.109
1236-684,2008,3,189.9443805286,1.05,-68.758581325,0.455,0.158
1237-101,2008,3,189.9294226807,0.16,-10.3913035011,0.143,0.323
1240+381,2008,2,190.7140378952,0.18,37.8500069851,0.16,-0.217
1243-072,2008,4,191.5176337849,0.264,-7.5129373884,0.183,-0.077
1243-160,2008,1,191.4739263964,0.382,-16.2793625653,0.26,-0.028
1244-255,2008,9,191.6950084781,0.206,-25.7970247335,0.131,-0.058
1251-197,2008,1,193.655231841,0.259,-20.0156691692,0.669,-0.432
1251-713,2008,3,193.7496724871,0.608,-71.638454583,0.225,0.461
1252+119,2008,2,193.6593983407,0.156,11.68497094,0.162,-0.397
1255-177,2008,5,194.6595904244,0.22,-18.000867898,0.143,0.052
1255-316,2008,37,194.4960867936,0.302,-31.9213477079,0.268,0.483
1257+145,2008,2,195.0871617189,0.266,14.2884810162,0.96,0.408
1300+580,2008,80,195.718605355,0.201,57.8104470289,0.129,0.196
1302-102,2008,1,196.3875626728,0.436,-10.5553968632,1.095,0.343
1306+360,2008,2,197.0987880494,0.203,35.7769899969,0.272,0.188
1308+326,2008,81,197.6194327728,0.302,32.3454952182,0.322,0.085
1308+328,2008,6,197.7475114081,0.118,32.5595693368,0.157,-0.147
1308+554,2008,2,197.7633784457,0.31,55.2317561893,0.272,-0.056
1313-333,2008,3,199.033274801,0.178,-33.6497701685,0.122,-0.282
1315+346,2008,2,199.402059067,0.306,34.4210924225,0.358,0.68
1317+019,2008,1,200.1116455126,0.5,1.6768922359,0.392,0.472
1317+520,2008,1,199.9424920173,0.643,51.8016048635,0.301,-0.038
1318-263,2008,1,200.3084818565,14.839,-26.6029132479,11.887,0.743
1323+799,2008,1,200.9648748715,1.222,79.7144018979,0.231,-0.01
1323-527,2008,1,201.7051214164,0.241,-52.9398981877,0.378,0.581
1324+224,2008,10,201.7535887905,0.063,22.180600806,0.08,0.043
1325-558,2008,1,202.254770297,0.353,-56.1340738319,0.48,0.482
1326-697,2008,1,202.5461534123,0.425,-70.0536326891,0.192,0.254
1327+504,2008,3,202.2741779757,0.273,50.1573336273,0.221,0.004
1331+170,2008,1,203.3990942681,0.22,16.8177819053,0.195,0.051
1333-152,2008,2,204.1420381189,0.166,-15.4966863186,0.384,-0.282
1333-337,2008,1,204.1626364505,0.674,-33.9658550296,1.275,-0.719
1334-127,2008,114,204.4157615974,0.104,-12.9568592827,0.078,-0.073
1335+552,2008,1,204.4568427795,0.605,55.0172549209,0.289,0.392
1336-260,2008,1,204.8328782796,0.998,-26.3418043242,0.545,0.716
1339-287,2008,1,205.5639395565,1.265,-29.0116199674,0.467,0.38
1342+662,2008,6,205.941498236,0.136,66.0404847499,0.059,-0.005
1342+663,2008,2,206.0361650276,0.439,66.1032343534,0.127,-0.045
1347+539,2008,3,207.3944025239,0.143,53.6880666442,0.111,-0.237
1348+308,2008,2,207.7197342348,0.164,30.5815529058,0.241,0.174
1349-439,2008,4,208.2355622181,0.455,-44.211218764,0.226,0.516
1351-018,2008,50,208.5287305312,0.13,-2.1008862493,0.365,0.29
1352-104,2008,7,208.6938278935,0.183,-10.6840711245,0.254,-0.119
1354+195,2008,2,209.2684861636,0.123,19.3187145956,0.16,-0.115
1354-152,2008,8,209.2968540991,0.111,-15.4579963637,0.105,0.01
1354-174,2008,3,209.2753090504,0.558,-17.7338625537,0.348,0.163
1356+022,2008,1,209.8631222743,0.311,1.9984896752,1.246,-0.821
1357+769,2008,106,209.4807147354,0.17,76.7225141664,0.04,-0.002
1402+044,2008,3,211.2546659294,0.115,4.2599496862,0.246,0.366
1402-012,2008,4,211.1912311939,0.374,-1.5060964088,0.278,-0.123
1404+286,2008,96,211.7516433811,0.193,28.4540806246,0.239,-0.023
1404-342,2008,1,211.9788206533,1.868,-34.5245205793,4.058,0.358
1406+564,2008,1,212.0539427347,0.32,56.2256900784,0.25,-0.648
1406-076,2008,5,212.2353383569,0.196,-7.8740740946,0.188,0.029
1406-267,2008,1,212.4590388615,8.956,-26.9602742785,9.046,0.995
1412-368,2008,3,213.8584015353,1.124,-37.0908251674,0.93,-0.599
1413+135,2008,2,213.995073033,0.13,13.339920236,0.198,-0.307
1417+273,2008,2,214.9970711544,0.126,27.1070979876,0.158,0.079
1417+385,2008,25,214.9442240247,0.252,38.3634652939,0.231,-0.193
1418+546,2008,65,214.9441558518,0.128,54.387440874,0.09,-0.112
1418-192,2008,1,215.4039921028,0.144,-19.5219031837,0.329,-0.307
1420-679,2008,4,216.2314890229,0.481,-68.1328040431,0.284,0.354
1420-724,2008,1,216.2176591247,0.642,-72.6880818308,0.188,0.145
1424+366,2008,3,216.6545312567,0.229,36.4193259779,0.259,-0.147
1424-418,2008,83,216.9845732134,0.317,-42.1053994082,0.224,-0.102
1428+370,2008,2,217.6690987007,0.147,36.8177469782,0.326,0.368
1428+422,2008,1,217.5989233594,0.381,42.0768031356,0.188,0.303
1430-178,2008,1,218.2403762067,3.585,-18.0264574073,1.204,0.233
1432+200,2008,6,218.6658056213,0.192,19.8668710326,0.175,-0.108
1434+235,2008,1,219.170754529,0.204,23.3509055828,0.55,-0.577
1435+638,2008,2,219.1908423072,0.273,63.6105184321,0.136,0.028
1435-218,2008,1,219.539455865,0.697,-22.0818761296,3.791,-0.795
1441+252,2008,3,220.9870509037,0.171,25.0290252405,0.178,0.416
1442+101,2008,2,221.3186051823,0.173,9.9766868134,0.194,0.203
1442+637,2008,1,220.994169892,0.664,63.5406569249,0.273,-0.174
1443-162,2008,3,221.4724012773,0.338,-16.48378309,0.203,-0.44
1445-161,2008,2,222.0627256952,1.075,-16.3401526587,0.854,0.407
1448+762,2008,2,222.1199129596,1.282,76.0198881277,0.345,-0.003
1448-648,2008,2,223.1653297614,1.506,-65.0342873541,0.845,0.234
1451-375,2008,16,223.6142072702,0.408,-37.7925403029,0.259,-0.681
1451-400,2008,2,223.6371343467,0.56,-40.2090316555,0.258,-0.47
1454-354,2008,6,224.3612987862,0.497,-35.6527698241,0.416,0.363
1456+044,2008,11,224.7473175611,0.164,4.2705057147,0.171,0.07
1458+718,2008,2,224.7815997014,0.336,71.6721851736,0.143,-0.119
1459+480,2008,2,225.202725885,0.139,47.8543161727,0.12,-0.052
1501-343,2008,1,226.2598764781,0.212,-34.5491166346,0.407,-0.185
1502+036,2008,4,226.276988154,0.09,3.4418923936,0.124,-0.296
1502+106,2008,3,226.1040824261,0.129,10.4942218303,0.109,0.334
1504+377,2008,1,226.5397081925,0.203,37.5142034746,0.178,-0.172
1504-166,2008,4,226.7699457474,0.184,-16.8750741429,0.222,-0.272
1508-055,2008,3,227.7232975974,0.223,-5.7187270876,0.13,0.517
1510-089,2008,3,228.2105538657,0.075,-9.0999527384,0.152,-0.135
1511-476,2008,3,228.6667693423,0.375,-47.8082933964,0.475,0.522
1514+197,2008,3,229.2366507264,0.1,19.5369422193,0.103,0.066
1514-241,2008,2,229.424221178,0.644,-24.3720767665,0.436,0.535
1519-273,2008,74,230.6569833399,0.161,-27.5029959712,0.116,0.079
1519-294,2008,6,230.6061932506,0.392,-29.6070085955,0.321,-0.284
1520+319,2008,2,230.5416321689,0.141,31.7373283052,0.131,0.293
1520+437,2008,6,230.4567245219,0.139,43.6109078365,0.191,0.101
1526+670,2008,1,231.6786425577,0.76,66.8485116157,0.248,0.491
1531-352,2008,1,233.7278650031,0.178,-35.4398603968,0.438,0.046
1532+016,2008,4,233.7185570147,0.127,1.5178351446,0.148,0.084
1533-652,2008,1,234.5496469028,1.099,-65.4308877624,0.928,0.698
1535+004,2008,1,234.5664711424,0.36,0.3181458826,1.322,-0.672
1546+027,2008,5,237.3726535044,0.078,2.6169897966,0.129,0.025
1547+507,2008,3,237.3227857077,0.128,50.6349411812,0.116,-0.004
1549-790,2008,3,239.2452904269,2.093,-79.2345229813,0.359,0.623
1550-269,2008,1,238.5102883872,6.404,-27.0778431235,1.258,0.964
1554-643,2008,1,239.7095178693,0.597,-64.5415659396,0.357,0.295
1555+001,2008,2,239.4643082101,0.194,-0.0306705194,0.148,-0.047
1556-245,2008,4,239.9225377494,0.417,-24.7107867146,0.23,-0.478
1557+032,2008,2,239.879052624,0.172,3.0800713323,0.128,-0.245
1600+335,2008,3,240.5302644277,0.085,33.4480756888,0.119,0.018
1600-294,2008,2,240.8190477236,0.224,-29.565395657,0.484,-0.182
1601+112,2008,2,240.9247135637,0.24,11.0968555583,1.139,0.032
1602-115,2008,3,241.3230485576,0.15,-11.6574529967,0.399,0.053
1604-333,2008,3,241.8948430915,0.764,-33.5191426939,0.356,-0.545
1606+106,2008,126,242.192513266,0.082,10.4854932781,0.078,-0.033
1606-398,2008,1,242.5911627555,1.197,-39.9828695061,1.089,0.198
1608+243,2008,3,242.6751115345,0.196,24.2469476447,0.189,0.004
1610-771,2008,1,244.4553173001,28.786,-77.288461697,5.316,0.1
1611+343,2008,109,243.4211009985,0.057,34.2133080211,0.058,0.014
1611-710,2008,2,244.1276732863,0.92,-71.1420706433,0.286,0.388
1614+051,2008,3,244.1564867396,0.155,4.9924267988,0.171,-0.229
1614-255,2008,1,244.3357122959,0.222,-25.6232378072,0.513,-0.352
1615+029,2008,5,244.4579505457,0.221,2.7786401876,0.235,0.338
1616+063,2008,3,244.7653651367,0.423,6.2172897918,0.554,-0.059
1617+229,2008,3,244.8117692592,0.299,22.7966251992,0.405,-0.587
1619+491,2008,1,245.1301050412,0.572,49.0314600232,0.679,0.198
1619-680,2008,3,246.0768207229,0.548,-68.1534711757,0.246,0.32
1622-253,2008,100,246.4453818566,0.168,-25.4606463518,0.123,0.024
1622-297,2008,2,246.5250866662,0.271,-29.8574920025,0.181,-0.007
1623+578,2008,2,246.1033647435,0.263,57.687855861,0.168,0.019
1624+416,2008,2,246.4902904639,0.128,41.5779525321,0.249,-0.127
1624-617,2008,3,247.2278741326,0.485,-61.8767773026,0.319,0.475
1633+382,2008,4,248.8145540666,0.111,38.1345835546,0.115,0.107
1633-810,2008,2,250.7389393647,2.503,-81.1430749634,0.645,0.722
1636+473,2008,4,249.4380439011,0.154,47.2927308858,0.124,-0.186
1637+574,2008,3,249.5560678866,0.083,57.3399942071,0.057,-0.026
1637+826,2008,10,248.1332080183,0.792,82.5378888301,0.088,-0.232
1638+398,2008,29,250.1234698868,0.106,39.7794523605,0.094,-0.034
1639+230,2008,8,250.3551148648,0.103,22.95112021,0.189,-0.184
1639-062,2008,5,250.5090738422,0.117,-6.3565819002,0.099,0.119
1639-200,2008,1,250.5220455116,0.215,-20.1235692309,0.497,-0.029
1641+399,2008,13,250.7450419007,1.464,39.8102760156,0.697,-0.07
1642+690,2008,2,250.5327021821,0.507,68.9443767152,0.161,-0.069
1645-329,2008,1,252.1764629157,0.178,-33.0302588301,0.422,-0.208
1647-296,2008,3,252.6647671156,0.453,-29.7297096849,0.225,-0.415
1651+391,2008,2,253.2437898984,0.135,39.0471729376,0.305,-0.02
1652+398,2008,8,253.4675694749,0.292,39.760169161,0.447,0.36
1655+077,2008,2,254.5375477821,0.09,7.690983471,0.092,-0.055
1656+053,2008,2,254.6393637839,0.145,5.2545678049,0.138,0.14
1656+348,2008,2,254.5059133476,0.419,34.7245561701,0.251,0.155
1656+477,2008,2,254.5115816832,0.195,47.6303418741,0.242,-0.06
1656-075,2008,3,254.6835916066,0.139,-7.6549150361,0.272,-0.44
1657-261,2008,2,255.2214752606,0.161,-26.1810348446,0.103,-0.296
1657-562,2008,4,255.436908658,0.354,-56.3655283993,0.342,0.427
1659+399,2008,2,255.3526450112,0.289,39.910303295,0.291,-0.509
1659-621,2008,3,255.9022551434,0.452,-62.2111133841,0.241,0.501
1705+018,2008,2,256.893397004,0.217,1.8126940867,0.301,-0.041
1705+456,2008,2,256.8239724989,0.258,45.6029313747,0.233,0.233
1705-353,2008,1,257.3277764699,1.847,-35.4228329358,3.534,0.328
1706-174,2008,4,257.3931056596,0.846,-17.4814902986,0.478,-0.369
1710-323,2008,1,258.461625881,0.379,-32.4367245427,0.822,-0.436
1717+178,2008,3,259.8043686575,0.102,17.7517881869,0.142,0.126
1718-259,2008,1,260.4832463765,0.612,-25.9779704647,1.108,0.272
1718-649,2008,2,260.9209553186,0.768,-65.0101697793,0.59,0.639
1722+330,2008,2,261.0591576707,0.169,33.0510941581,0.287,0.108
1722+526,2008,1,260.9156101139,1.007,52.6134432739,0.785,0.38
1725+044,2008,2,262.1039696993,0.085,4.4513649088,0.183,-0.129
1725+123,2008,1,262.0293799733,0.401,12.2609677194,1.608,0.717
1725-795,2008,4,263.4195847313,0.991,-79.5988102051,0.227,0.23
1726+455,2008,20,261.8652116637,0.357,45.5110365294,0.279,0.256
1732+389,2008,3,263.5857438818,0.198,38.9642897548,0.164,-0.136
1734+063,2008,1,264.3072042999,0.419,6.3509921392,1.47,-0.647
1738+476,2008,2,264.988037821,0.126,47.6328782741,0.171,0.162
1738+499,2008,2,264.8641269867,0.134,49.9176024253,0.163,0.197
1739+522,2008,93,265.1540743373,0.113,52.1953909605,0.09,0.067
1741-038,2008,153,265.9952338982,0.09,-3.8346157395,0.078,0.02
1743+173,2008,2,266.3967007216,0.139,17.3337287983,0.158,-0.223
1745+624,2008,53,266.5584756451,0.364,62.4485385145,0.237,0.286
1746+470,2008,2,266.861030284,0.138,46.9808127874,0.179,0.292
1749+096,2008,136,267.8867440559,0.071,9.6502023521,0.067,-0.042
1749+701,2008,2,267.1368347496,0.448,70.0974357751,0.196,0.197
1751+288,2008,4,268.4269735127,0.066,28.8013719611,0.093,0.059
1751+441,2008,2,268.3443660723,0.165,44.1626906421,0.107,0.169
1753+204,2008,1,268.8980041551,0.741,20.3992046146,1.297,-0.823
1754+155,2008,3,269.2212588965,0.129,15.589118467,0.203,0.13
1755+578,2008,1,269.0151173344,1.722,57.813332327,1.323,0.4
1758+388,2008,3,270.1031890067,0.083,38.8085271089,0.113,0.346
1758-651,2008,3,270.8479029138,0.401,-65.1268781734,0.22,0.311
1759-396,2008,1,270.6778318413,1.179,-39.6688623169,0.734,-0.822
1800+440,2008,7,270.3846450829,0.065,44.0727501166,0.066,0.16
1803+784,2008,49,270.1903496077,0.144,78.4677828884,0.03,-0.007
1806-458,2008,2,272.4911324362,0.603,-45.8780593616,0.678,0.527
1807+698,2008,81,271.7111693852,0.168,69.8244745808,0.056,0.067
1812+412,2008,1,273.5946088235,0.514,41.2182245503,0.327,-0.116
1815-553,2008,11,274.9391646552,1.548,-55.35576263,0.422,-0.798
1821+107,2008,2,276.0118969072,0.34,10.7399372905,0.303,-0.122
1823+568,2008,3,276.0294515549,0.102,56.85041409,0.074,-0.073
1823+689,2008,7,275.8868911985,0.291,68.9646146193,0.13,-0.041
1824-582,2008,3,277.3016765413,0.483,-58.2319894054,0.346,0.497
1825-214,2008,1,277.0811964743,1.723,-21.3941025493,2.398,-0.181
1828-733,2008,1,278.7216576964,2.216,-73.2539816507,0.698,-0.261
1830+285,2008,3,278.2091067175,0.158,28.5599876359,0.238,-0.438
1831-693,2008,1,279.2731830116,1.635,-69.2925916054,0.908,0.341
1839+389,2008,1,280.2381426317,0.421,39.0127011347,0.3,0.017
1842+681,2008,3,280.640173699,0.234,68.1570076942,0.105,-0.043
1845-273,2008,1,282.197934059,0.175,-27.3050199471,0.397,-0.437
1846+322,2008,5,282.0920357525,0.098,32.3173899405,0.151,0.208
1848+283,2008,1,282.6149580053,0.991,28.4203209275,1.276,-0.921
1849+670,2008,3,282.31696791,0.124,67.0949111553,0.053,-0.005
1851+488,2008,1,283.1189490969,0.328,48.9298559557,0.222,0.093
1856+737,2008,2,283.7387494704,0.503,73.8555296947,0.155,0.078
1856-252,2008,1,284.7709920368,0.333,-25.1630858334,0.79,-0.285
1901+319,2008,5,285.7330788464,0.092,31.994917094,0.095,-0.146
1903-802,2008,2,288.1667462365,1.182,-80.1683184654,0.2,0.24
1905-297,2008,1,287.1226387017,0.405,-29.7047064168,1.144,0.405
1908-201,2008,40,287.7902204126,0.242,-20.1153081228,0.482,0.458
1909+161,2008,3,287.9927392728,0.259,16.1963515109,0.854,0.633
1918-634,2008,1,290.8525251988,0.444,-63.3460460106,0.292,0.16
1920-211,2008,5,290.884124234,0.183,-21.0759258518,0.411,-0.309
1921-293,2008,62,291.2127330967,0.226,-29.2417002682,0.217,0.586
1922-224,2008,2,291.4157923851,0.288,-22.3264202129,0.189,-0.055
1923+210,2008,87,291.4983556235,0.151,21.1072672726,0.121,0.188
1925-206,2008,2,292.0382640177,0.145,-20.5954956828,0.368,-0.387
1925-610,2008,3,292.5256671304,0.63,-60.9358845425,0.321,0.542
1926+087,2008,1,292.1702311751,0.475,8.8134476609,0.643,0.288
1928+738,2008,2,291.9520630884,0.298,73.9671027855,0.097,-0.058
1929+226,2008,4,292.8538199002,0.174,22.7253496643,0.202,0.078
1929-457,2008,1,293.1870323449,0.441,-45.6105355349,0.768,0.525
1932+204,2008,1,293.7936370189,0.366,20.5317092889,0.671,0.727
1933-400,2008,2,294.3175725192,0.494,-39.9670980983,0.183,-0.239
1935-692,2008,3,295.1063675504,0.622,-69.1324921332,0.299,0.337
1936+714,2008,2,294.0148368538,0.616,71.5254958141,0.268,0.066
1936-155,2008,3,294.8610740711,0.126,-15.428627345,0.133,-0.249
1937-101,2008,3,294.9885691373,0.599,-10.0448668078,0.44,0.662
1946-582,2008,1,297.6558404126,0.337,-58.0777079131,0.349,0.322
1948+505,2008,1,297.4312177703,0.649,50.6922146595,0.652,0.197
1954+513,2008,3,298.9280760121,0.115,51.5301516972,0.094,-0.235
1954-388,2008,58,299.4992469473,0.235,-38.7517654612,0.208,-0.289
1958-179,2008,81,300.2378768484,0.113,-17.8160201678,0.077,0.115
2000+148,2008,1,300.674996795,0.12,15.0207149943,0.222,-0.046
2000+472,2008,9,300.5434093669,0.093,47.4246593714,0.073,0.001
2000-330,2008,2,300.8504848083,0.2,-32.8625370413,0.432,-0.244
2002-375,2008,1,301.4794621574,0.641,-37.3948548226,0.57,0.076
2005+403,2008,1,301.9372708636,5.587,40.4968333472,3.936,-0.288
2005-489,2008,3,302.3557934598,3.14,-48.8315887045,1.72,0.424
2007+777,2008,3,301.3791606087,0.314,77.8786798922,0.054,0.045
2008-068,2008,2,302.8092325709,0.763,-6.7343207721,1.563,-0.155
2008-159,2008,3,302.8154622151,0.112,-15.7778481842,0.116,-0.065
2013+163,2008,1,304.057750109,0.225,16.5428091754,0.354,-0.238
2021+317,2008,2,305.8292389451,0.141,31.8839739168,0.132,0.151
2021+614,2008,2,305.5278407572,0.32,61.6163347906,0.186,-0.021
2022+031,2008,1,306.2901338465,0.449,3.2790290053,0.258,0.344
2025-538,2008,1,307.3960632672,1.018,-53.6520255723,2.053,-0.124
2029+121,2008,2,307.9791427004,0.087,12.3281501165,0.103,0.309
2030+547,2008,2,307.9498272978,0.194,54.9175390971,0.285,0.204
2030-689,2008,1,308.9536520265,0.818,-68.7760668941,0.329,-0.116
2037+511,2008,121,309.6543113902,0.106,51.3201840292,0.078,0.054
2037-253,2008,3,310.0365540396,0.649,-25.1296288327,0.298,-0.534
2044-168,2008,1,311.8319440565,7.439,-16.6516238303,1.358,0.661
2048+312,2008,2,312.7130480656,0.976,31.4576036938,0.409,-0.273
2052-474,2008,69,314.0681659247,0.255,-47.2465632276,0.241,-0.403
2056-369,2008,1,314.9233200445,0.768,-36.7651689233,2.655,-0.412
2058-297,2008,5,315.2569168555,0.759,-29.5577322908,0.392,-0.181
2059+034,2008,8,315.4118090231,0.284,3.6920335821,0.36,0.083
2059-786,2008,4,316.4373392741,1.073,-78.4262630819,0.218,0.13
2106-413,2008,3,317.3882862428,0.675,-41.1723904503,0.764,0.657
2109-811,2008,3,319.1285241275,2.139,-80.8986730393,0.342,0.192
2113+293,2008,73,318.8725560597,0.1,29.5606575284,0.166,0.117
2117-614,2008,1,320.2669751981,0.956,-61.1901736744,0.523,0.638
2121+053,2008,58,320.9354891457,0.156,5.5894702926,0.275,-0.05
2123-463,2008,1,321.62793432,0.653,-46.0966366605,0.613,0.744
2126-158,2008,68,322.3007328881,0.218,-15.6447338558,0.404,0.217
2127-096,2008,3,322.5795344204,0.141,-9.4603986471,0.11,0.055
2128-123,2008,26,322.8969238696,0.176,-12.1179989808,0.398,0.504
2131-021,2008,5,323.5429566035,0.346,-1.8881220067,0.28,0.315
2134+004,2008,21,324.1607762019,0.241,0.6983923517,0.282,0.046
2136+141,2008,92,324.7554553124,0.07,14.3933311598,0.051,-0.084
2136+824,2008,1,323.3919979864,4.765,82.651681722,0.59,-0.788
2138-377,2008,3,325.4685370677,3.373,-37.4869417222,1.672,-0.917
2141+175,2008,3,325.8981023821,0.151,17.7302187803,0.28,-0.349
2142+110,2008,1,326.3282292887,0.256,11.2575870748,1.335,-0.2
2142-758,2008,2,326.803044496,0.786,-75.6036735496,0.229,0.432
2143-156,2008,6,326.5957472064,0.221,-15.4288571009,0.133,-0.062
2144+092,2008,2,326.7923457494,0.179,9.4962980057,0.475,0.003
2145+067,2008,37,327.0227444793,0.078,6.9607234243,0.093,-0.033
2146-783,2008,2,328.0131443461,2.029,-78.1185108605,0.425,0.673
2149+056,2008,56,327.907814563,0.272,5.870265174,0.581,0.033
2149-307,2008,4,327.9813498849,0.159,-30.4649161567,0.314,-0.097
2150+173,2008,2,328.1034141703,0.193,17.5771652762,0.178,-0.145
2155+312,2008,2,329.370099503,0.321,31.4503754702,0.444,0.297
2155-304,2008,3,329.7169382799,0.783,-30.2255884012,0.385,-0.535
2159+505,2008,1,330.4314053538,0.473,50.815663622,0.278,-0.417
2200+420,2008,2,330.6803806968,0.071,42.2777722096,0.079,-0.112
2201+171,2008,1,330.8620569662,0.143,17.4300689383,0.267,-0.372
2201+315,2008,77,330.8123991348,0.349,31.7606304883,0.275,0.079
2204-540,2008,4,331.9322219994,0.325,-53.7760611832,0.334,0.5
2205+166,2008,1,331.9702737076,0.478,16.8716158412,1.903,0.077
2206+650,2008,1,332.0129602072,4.886,65.3274408048,2.248,0.533
2207+356,2008,1,332.4388929918,0.708,35.9336475044,1.066,-0.767
2207+374,2008,1,332.3392704911,1.139,37.7050631083,0.974,0.312
2208-137,2008,2,332.8504144128,0.302,-13.4693676468,0.558,-0.38
2209+236,2008,27,333.0248596137,0.06,23.9279288715,0.045,0.063
2210-257,2008,1,333.2604080875,0.798,-25.4916890993,0.896,0.282
2214+350,2008,4,334.0833745571,0.18,35.3039388951,0.225,-0.037
2215+020,2008,2,334.4509914181,0.757,2.3363088472,1.617,-0.406
2215+150,2008,5,334.5454745978,0.066,15.3432548792,0.096,0.11
2216-038,2008,3,334.7168238536,0.096,-3.5935775117,0.123,0.218
2220-351,2008,3,335.7747104575,1.332,-34.9297715056,0.604,-0.004
2223-052,2008,85,336.4469137206,0.079,-4.9503862859,0.055,-0.077
2227-088,2008,4,337.4170180674,0.087,-8.5484542766,0.091,-0.229
2229+695,2008,12,337.6519570568,0.145,69.7744658076,0.051,-0.043
2229-172,2008,1,338.0940187011,3.22,-16.9838588288,0.552,0.833
2230+114,2008,2,338.1517037445,0.102,11.7308066968,0.127,-0.147
2232-488,2008,3,338.8051523852,0.282,-48.5996651514,0.414,0.47
2234+282,2008,65,339.0936284222,0.124,28.4826147107,0.128,0.408
2235+731,2008,2,339.1608209448,0.624,73.3812951719,0.173,0.09
2236-572,2008,2,339.8003162476,0.267,-57.0168998458,0.231,0.465
2243+047,2008,2,341.4735587691,0.712,5.0158229983,0.651,-0.65
2243-123,2008,96,341.5759665664,0.166,-12.114243722,0.292,0.436
2244-372,2008,3,341.7663224296,0.618,-36.9628623466,0.312,-0.537
2251+158,2008,12,343.4906169075,0.723,16.1482113377,0.523,-0.279
2252-090,2008,4,343.7676658405,0.228,-8.734450456,0.301,-0.248
2253+417,2008,3,343.9029493869,0.152,42.0479256629,0.149,0.11
2254+024,2008,3,344.3231796047,0.119,2.721531126,0.24,-0.203
2254+074,2008,3,344.3220963756,0.114,7.7200840863,0.25,-0.134
2255-282,2008,60,344.5248453192,0.222,-27.972571326,0.277,0.784
2259+058,2008,1,345.4727545995,0.604,6.1535616104,0.441,-0.15
2300-683,2008,3,345.9315190508,0.505,-68.1270674859,0.198,0.18
2301+060,2008,1,346.1178801711,0.822,6.3356414081,2.798,-0.941
2306-312,2008,1,347.309714035,0.963,-30.9868288882,0.898,-0.199
2307+106,2008,2,347.6188238972,0.156,10.9251934868,0.146,0.211
2309+454,2008,3,347.9475373283,0.164,45.7322268355,0.176,-0.338
2312-319,2008,4,348.7020858361,0.756,-31.6443129416,0.392,-0.285
2314-340,2008,3,349.1807763625,1.729,-33.8201349677,0.727,-0.448
2314-409,2008,1,349.1954997979,0.359,-40.6891909135,0.723,-0.716
2318+049,2008,77,350.1869025101,0.21,5.2305423732,0.197,-0.101
2319+272,2008,2,350.4994259671,0.087,27.5462343765,0.121,-0.061
2319+317,2008,3,350.4789832654,0.147,32.0687840041,0.305,0.247
2319+444,2008,3,350.5848253341,0.216,44.7617648722,0.325,0.018
2320+506,2008,2,350.6082591403,0.26,50.9644343705,0.167,0.179
2320-035,2008,4,350.8831406302,0.423,-3.2847288372,0.271,0.376
2321-375,2008,1,351.0296330019,2.14,-37.2395709619,0.923,0.369
2325-150,2008,1,351.9498510187,1.069,-14.7988196401,0.521,0.458
2326-477,2008,4,352.3237680662,0.346,-47.5053096414,0.291,0.569
2329-162,2008,4,352.9110518519,0.163,-15.9491693986,0.284,-0.316
2329-384,2008,4,352.9978172682,0.449,-38.1965697249,0.311,-0.255
2329-415,2008,1,353.0793682695,0.424,-41.3104399003,0.722,-0.509
2333-415,2008,2,354.1416047358,0.649,-41.2561064396,0.963,0.724
2335-027,2008,4,354.4889127891,0.157,-2.5160081558,0.099,-0.173
2335-181,2008,1,354.4859478435,8.438,-17.8723372142,7.093,-0.084
2338+191,2008,1,355.3283173636,0.304,19.4681907555,0.368,-0.318
2344+429,2008,1,356.8453093005,0.556,43.1814496883,0.434,-0.066
2344-514,2008,3,356.8327670448,0.339,-51.1766847703,0.504,0.599
2350-280,2008,1,358.2977520925,0.414,-27.7237713477,0.833,0.076
2351+456,2008,3,358.5903343108,0.133,45.8845101215,0.115,0.082
2351-309,2008,3,358.4477452378,0.645,-30.6301397345,0.365,-0.156
2353+816,2008,1,359.0949747508,2.292,81.881181874,0.273,0.087
2353-686,2008,3,359.0028391213,0.435,-68.334297779,0.224,0.249
2355-106,2008,12,359.545343344,0.096,-10.3357253854,0.112,-0.07
2355-534,2008,3,359.4719420596,0.399,-53.1871358712,0.38,0.44
2356+196,2008,1,359.6920212823,0.507,19.9223062347,1.471,-0.844
2356+385,2008,72,359.8882533314,0.188,38.8450884383,0.237,0.119
2357-318,2008,2,359.8978813535,0.356,-31.5621725804,1.562,-0.56
2358+189,2008,10,0.2859231781,0.174,19.2427227519,0.244,0.177
2359-221,2008,1,0.5499270066,11.854,-21.8860665323,26.381,0.972
