iers_name,year,num_ses,ra,ra_err,dec,dec_err,ra_dec_corr
0003+380,2009,2,1.4882307163,0.082,38.3375414293,0.087,-0.146
0003-066,2009,68,1.5578870093,0.236,-6.3931487563,0.467,0.057
0007+171,2009,2,2.6416279751,0.357,17.405212039,0.966,0.349
0007-325,2009,1,2.3981574332,0.416,-32.2769249179,0.672,-0.822
0008-264,2009,3,2.7551948067,0.369,-26.2092714506,0.179,0.236
0010+405,2009,3,3.3797091821,0.095,40.8603177886,0.128,-0.269
0013-005,2009,1,4.0462022858,0.127,-0.2534570989,0.3,-0.204
0014+813,2009,21,4.2853120631,0.468,81.5855935072,0.072,0.041
0016+731,2009,20,4.9407765036,0.14,73.4583382324,0.041,-0.055
0019+058,2009,12,5.6351717036,0.109,6.1345191412,0.163,0.242
0025+197,2009,1,7.1242460428,6.558,20.0074264603,7.579,-0.985
0027-426,2009,1,7.5728858906,0.309,-42.4129112679,0.756,0.082
0035+413,2009,3,9.603514949,0.089,41.6183334237,0.104,-0.006
0035-252,2009,12,9.56139795,0.129,-24.9839541915,0.199,0.021
0039+230,2009,2,10.5189382187,0.187,23.3336282555,0.304,0.475
0043-268,2009,1,11.5574006358,0.26,-26.5317922277,0.626,-0.265
0043-392,2009,1,11.3771212893,2.239,-39.0008132701,7.335,0.286
0046+861,2009,1,13.1369022856,3.611,86.4622923502,0.141,-0.687
0047+023,2009,1,12.4301497895,0.138,2.6177163146,0.277,-0.252
0047-579,2009,1,12.4978053715,2.413,-57.6409279876,0.746,-0.865
0048-097,2009,22,12.67215577,0.118,-9.4847806526,0.156,0.058
0048-427,2009,11,12.7895909253,0.341,-42.442581507,0.209,-0.16
0055-059,2009,10,14.5211096522,0.107,-5.6645216681,0.134,0.047
0059+581,2009,49,15.6906766029,0.082,58.4030935018,0.047,-0.001
0104-408,2009,75,16.6879498634,0.291,-40.572211192,0.234,0.194
0106+013,2009,64,17.1615462771,0.164,1.5834215076,0.252,0.117
0109+224,2009,22,18.0242696575,0.127,22.7441073587,0.184,0.04
0110+495,2009,3,18.3625284027,0.093,49.8066786548,0.1,-0.036
0110-361,2009,1,18.3160682872,0.199,-35.8634352871,0.199,-0.415
0111+021,2009,5,18.4297706965,0.262,2.3714767415,0.218,0.1
0114-211,2009,1,19.2141856526,7.235,-20.8685821033,6.495,-0.186
0115-214,2009,12,19.4532505285,0.305,-21.1851758782,0.215,0.342
0116-219,2009,4,19.7385924145,0.288,-21.6917055019,0.216,-0.384
0119+041,2009,7,20.4869236612,0.125,4.3735373235,0.172,-0.214
0119+115,2009,19,20.4233126881,0.075,11.8306704693,0.165,0.059
0123+257,2009,2,21.6783026173,0.075,25.9836945016,0.112,-0.083
0130-171,2009,3,23.1811977566,0.376,-16.9134783166,0.244,-0.366
0130-447,2009,1,23.2535983479,0.496,-44.5121007682,0.842,-0.675
0131-522,2009,2,23.2740115077,2.065,-52.0010960815,1.032,-0.924
0133+476,2009,99,24.2441450156,0.078,47.8580833682,0.061,0.0
0134+311,2009,25,24.28639015,0.159,31.3766265294,0.245,0.324
0135-247,2009,3,24.4097767789,0.153,-24.5149681975,0.104,0.168
0138-097,2009,3,25.3576340548,0.112,-9.478798365,0.175,-0.385
0148+274,2009,2,27.8631091409,0.518,27.744942605,0.512,-0.434
0149+218,2009,3,28.0752459864,0.107,22.118805489,0.157,-0.067
0150-334,2009,3,28.2921738072,0.879,-33.173850518,0.418,-0.374
0151+474,2009,3,28.7345412087,0.11,47.7240388177,0.091,-0.053
0153+744,2009,1,29.3956870716,1.007,74.712008202,0.208,0.029
0159+723,2009,3,30.8891038588,0.167,72.5482409339,0.045,0.104
0201+113,2009,5,30.9444043921,0.173,11.5792804435,0.303,-0.093
0202+149,2009,8,31.2100578908,0.092,15.2364009957,0.201,0.106
0202+319,2009,3,31.2705223083,0.082,32.2083598784,0.105,-0.054
0202-172,2009,2,31.2403097573,0.105,-17.0221779519,0.26,0.303
0206+136,2009,3,32.3999929721,0.218,13.866875529,0.302,0.411
0208-512,2009,30,32.6925017509,0.641,-51.0171921494,0.432,-0.501
0212+735,2009,2,34.3783895383,0.161,73.8257281851,0.051,-0.156
0215+015,2009,14,34.4539781296,0.076,1.7471386339,0.125,-0.014
0219+428,2009,2,35.6650480055,0.186,43.0354997008,0.211,-0.129
0220-349,2009,2,35.7350068076,0.35,-34.6913138783,0.244,-0.074
0221+067,2009,4,36.1184508214,0.087,6.9898171075,0.21,-0.29
0224+671,2009,2,37.2085478291,0.136,67.350841455,0.063,0.102
0227-369,2009,18,37.3685376854,0.278,-36.7324506405,0.191,-0.154
0229+131,2009,12,37.9412252273,0.102,13.3818656889,0.149,0.017
0234+285,2009,3,39.468356951,0.082,28.8024972304,0.099,-0.126
0234-301,2009,3,39.1298726546,0.438,-29.8987612697,0.269,-0.295
0235+164,2009,77,39.6622087691,0.089,16.6164651745,0.115,-0.048
0237-027,2009,18,39.939467784,0.122,-2.5780317957,0.171,0.079
0237-233,2009,3,40.0340595472,0.553,-23.1543695842,0.325,-0.128
0239+108,2009,2,40.6215452071,0.108,11.0168689799,0.147,0.302
0239+175,2009,4,40.6011178028,0.356,17.7163471292,0.34,-0.072
0248+430,2009,2,42.8939031347,0.134,43.2543970128,0.132,-0.007
0256+075,2009,2,44.8628192605,0.066,7.7943453682,0.15,-0.067
0256-005,2009,12,44.8688172842,0.116,-0.3333265149,0.15,0.257
0300+470,2009,3,45.8968425547,0.118,47.2711876982,0.11,0.196
0302+625,2009,3,46.6777481493,0.121,62.7172289476,0.075,0.172
0302-437,2009,1,46.121675667,0.476,-43.5544525853,1.202,0.339
0302-623,2009,1,45.9609645093,2.062,-62.1904302484,1.623,-0.321
0306+102,2009,3,47.2650978957,0.155,10.487872591,0.211,-0.135
0307+380,2009,15,47.7078330302,0.098,38.2482882937,0.116,-0.029
0308-611,2009,20,47.4837464782,0.305,-60.9775156203,0.197,0.219
0309+411,2009,2,48.2581755159,0.101,41.3336620532,0.128,0.023
0316+413,2009,8,49.9506660268,4.361,41.5116964404,3.438,0.346
0317+188,2009,2,49.9635697569,0.521,19.0253585566,0.508,-0.307
0322+222,2009,17,51.4033931223,0.094,22.4001016,0.139,0.074
0329-404,2009,1,52.7129330601,0.376,-40.2379438586,0.858,0.452
0332+078,2009,4,53.7221527585,0.23,8.0040053466,0.313,0.286
0332-375,2009,1,53.5642705123,0.303,-37.4286297314,1.297,-0.509
0332-403,2009,7,53.5568936593,0.158,-40.1403883114,0.176,-0.365
0333+321,2009,2,54.1254483514,0.081,32.3081507118,0.111,-0.019
0336-019,2009,95,54.8789074103,0.142,-1.7766122499,0.175,0.123
0338-214,2009,14,55.1483661124,0.177,-21.3253255947,0.236,0.011
0340+362,2009,5,55.8706350509,0.189,36.3701193266,0.227,0.379
0342+147,2009,2,56.2767355844,0.061,14.8970995856,0.122,0.265
0345+460,2009,19,57.3280898862,0.099,46.166571648,0.087,-0.033
0346-279,2009,13,57.1589357207,0.2,-27.8204349003,0.173,-0.131
0347-211,2009,11,57.4909444791,0.158,-21.0465948512,0.124,0.237
0355+508,2009,7,59.8739469814,1.088,50.9639339802,0.656,-0.326
0358+210,2009,7,60.4381919902,0.101,21.1746075141,0.162,0.272
0400+258,2009,2,60.7732754171,0.059,26.0004174444,0.078,-0.066
0400-319,2009,1,60.5886121405,6.754,-31.7905402319,0.497,0.911
0402-362,2009,2,60.9739577769,0.334,-36.0838648685,1.376,0.491
0403-132,2009,1,61.391680776,0.148,-13.1371363122,0.152,-0.565
0405-123,2009,3,61.9517957391,0.107,-12.1935165014,0.236,-0.015
0405-385,2009,12,61.7459804988,0.509,-38.4411228428,0.515,-0.684
0406+121,2009,1,62.3417029052,0.538,12.2944019836,0.428,0.354
0406-127,2009,3,62.2740405666,0.331,-12.6467066057,0.159,-0.161
0414-189,2009,9,64.1522685922,0.194,-18.8523167222,0.174,-0.179
0415+398,2009,12,64.843956368,0.131,39.9247160038,0.121,0.011
0420+022,2009,6,65.7175610414,0.083,2.3241474708,0.093,0.198
0420+417,2009,3,65.9833741153,0.064,41.8340869654,0.069,-0.064
0420-014,2009,10,65.8158363714,0.074,-1.3425182327,0.095,-0.053
0422+004,2009,7,66.1951752438,0.084,0.6017582,0.184,0.027
0422-380,2009,10,66.1760155269,0.398,-37.9391067227,0.266,0.127
0422-389,2009,1,66.140484577,2.171,-38.8115639142,7.27,-0.025
0423+051,2009,1,66.6525169181,0.441,5.3055201609,1.583,0.316
0426+273,2009,3,67.4706699775,0.161,27.4105212172,0.254,-0.084
0426-380,2009,2,67.1684344741,0.132,-37.9387723429,0.312,0.042
0430+052,2009,2,68.2962313083,0.14,5.3543386387,0.205,0.105
0430+289,2009,14,68.4076244123,0.112,29.0987436639,0.133,0.165
0434-188,2009,7,69.2561781386,0.247,-18.7468366967,1.073,0.137
0436-129,2009,9,69.6459208499,0.149,-12.8509330926,0.312,0.116
0437-454,2009,3,69.7535612477,0.694,-45.3729342699,0.316,-0.697
0440+345,2009,1,70.881813386,0.11,34.6851845386,0.198,-0.016
0442+389,2009,5,71.5478918044,0.243,39.0047499982,0.37,0.57
0446+112,2009,12,72.2819628884,0.114,11.3579434728,0.166,-0.223
0451-282,2009,3,73.3110283095,0.418,-28.1270351519,0.257,-0.615
0454+844,2009,39,77.1765147556,1.357,84.5345956043,0.164,-0.035
0454-234,2009,80,74.2632467119,0.184,-23.4144500474,0.186,-0.207
0457+024,2009,3,74.9668777806,0.228,2.4919935679,0.202,0.335
0458+138,2009,1,75.4386285297,0.137,13.9353389459,0.254,-0.025
0458-020,2009,63,75.3033744911,0.183,-1.9872934497,0.224,0.032
0502+049,2009,2,76.3466030174,0.227,4.9952011456,0.196,0.015
0502-152,2009,1,76.1199881244,0.593,-15.2074582853,1.05,-0.354
0506+101,2009,8,77.3644044351,0.099,10.1957223184,0.167,0.101
0506-612,2009,7,76.6832862824,0.719,-61.1613871975,0.375,-0.7
0507+179,2009,3,77.5098713785,0.098,18.0115504859,0.225,-0.057
0514-459,2009,1,78.9385421182,0.439,-45.945332456,1.107,-0.163
0515+208,2009,10,79.5159354877,0.093,20.9145826105,0.163,0.121
0518+165,2009,3,80.2911919799,0.381,16.6394590279,0.48,-0.275
0521-365,2009,4,80.7416027386,0.212,-36.4585699143,0.283,-0.457
0521-403,2009,1,80.7254796917,0.22,-40.3419279464,0.347,-0.073
0524+034,2009,9,81.8862726691,0.13,3.5254212619,0.213,-0.15
0528+134,2009,64,82.7350697307,0.133,13.5319860147,0.217,0.134
0529+483,2009,20,83.3161074603,0.083,48.3813355186,0.073,-0.025
0532-378,2009,1,83.5728606383,0.293,-37.7904425213,0.564,0.182
0534-340,2009,8,84.1184681259,0.343,-34.0198523497,0.298,0.193
0536+145,2009,13,84.9265249683,0.14,14.5626560185,0.18,0.328
0537-286,2009,18,84.9761728405,0.147,-28.6655411005,0.111,-0.072
0537-441,2009,90,84.7098397985,0.235,-44.0858163837,0.176,0.166
0538+498,2009,3,85.650574531,0.178,49.8520093747,0.159,0.243
0539-057,2009,3,85.4086806547,0.313,-5.6970635574,0.327,0.454
0540+529,2009,1,86.0586500636,3.969,52.9684751659,3.711,0.027
0544+273,2009,6,86.8922871538,0.068,27.3657896311,0.114,-0.01
0548+378,2009,7,88.0747371966,0.202,37.9070228699,0.198,0.103
0552+398,2009,30,88.8783566919,0.066,39.8136569406,0.071,0.01
0556+238,2009,4,89.8834713552,0.142,23.8983129471,0.219,0.045
0600+177,2009,2,90.7880427691,0.08,17.7046696318,0.18,-0.249
0602+673,2009,86,91.9694650712,0.185,67.3487250293,0.095,-0.122
0605-085,2009,2,91.998746789,0.229,-8.5805495018,0.135,-0.27
0606-223,2009,18,92.2486951237,0.148,-22.3391546295,0.099,0.081
0607-157,2009,82,92.4206231194,0.155,-15.7112979764,0.176,-0.05
0609+607,2009,2,93.599442487,0.334,60.7727099676,0.202,-0.084
0611+131,2009,2,93.490386431,0.063,13.1126113854,0.172,0.138
0613+570,2009,5,94.3205106749,0.493,57.0212286837,0.284,-0.216
0615+820,2009,3,96.5125263395,0.521,82.0404355155,0.09,-0.072
0615-365,2009,1,94.3846944421,10.566,-36.5707820539,14.451,-0.722
0620+389,2009,2,96.0792552837,0.082,38.9468711804,0.087,-0.14
0627+814,2009,1,99.4307355776,8.665,81.4243593074,0.607,0.35
0627-199,2009,5,97.3490078017,0.129,-19.9888121247,0.159,-0.269
0632-235,2009,6,98.7458374643,0.114,-23.5866548344,0.201,-0.295
0636+680,2009,2,100.5177390437,0.378,67.9765613745,0.17,-0.02
0637-752,2009,26,98.9437826207,1.254,-75.2713376135,0.228,-0.275
0641+392,2009,14,101.223790023,0.127,39.2465371798,0.14,0.146
0642+449,2009,80,101.6334417156,0.078,44.8546083888,0.069,0.005
0646-306,2009,6,102.0587351674,0.397,-30.7387943659,0.3,-0.165
0647-475,2009,1,102.2018771214,16.77,-47.5742271795,48.757,0.546
0648-165,2009,12,102.6024243961,0.094,-16.62770152,0.109,-0.139
0656+082,2009,72,104.8249834714,0.168,8.2252648398,0.33,-0.113
0657+172,2009,13,105.0063564057,0.056,17.1560281732,0.079,-0.034
0700-197,2009,8,105.678752781,0.299,-19.8561209507,0.331,0.674
0704-231,2009,1,106.6396719785,5.681,-23.1938383573,4.988,0.365
0705-412,2009,1,106.6794151267,1.529,-41.3732780396,7.963,-0.283
0707+476,2009,3,107.6921037699,0.179,47.536428505,0.194,-0.252
0710+439,2009,2,108.409017167,0.316,43.8214466351,0.544,-0.38
0713+669,2009,1,109.5234663392,0.317,66.8648136251,0.185,0.089
0714+457,2009,11,109.4660517111,0.084,45.6342391686,0.078,-0.091
0716+714,2009,18,110.4727019857,0.107,71.3434343057,0.039,-0.014
0717-393,2009,1,109.9136612744,1.353,-39.4801931119,5.336,-0.2
0718+792,2009,16,111.5488969591,0.387,79.1919489494,0.066,0.012
0722+145,2009,2,111.320032316,0.068,14.4204852193,0.143,-0.234
0723+219,2009,5,111.55941971,0.133,21.8889206037,0.201,0.07
0723-008,2009,3,111.460999877,0.32,-0.9157067154,0.235,-0.308
0727-115,2009,120,112.5796353111,0.107,-11.6868335063,0.111,-0.049
0729+259,2009,8,113.2344802504,0.14,25.8107765733,0.193,0.144
0733-174,2009,2,113.9408853009,0.833,-17.5968063342,0.658,-0.013
0735+178,2009,2,114.5308072955,0.21,17.7052772758,0.174,-0.034
0736+017,2009,2,114.8251412079,0.083,1.6179493927,0.174,-0.332
0738+313,2009,2,115.2945970835,0.064,31.2000639852,0.126,-0.151
0738+491,2009,9,115.5114539923,0.108,49.0043358234,0.106,-0.051
0741-444,2009,1,115.8864941062,2.097,-44.5680915557,9.932,0.231
0743+259,2009,57,116.6078090721,0.125,25.8172596329,0.177,0.109
0743+277,2009,6,116.6684679345,0.066,27.5830686777,0.112,-0.003
0743-006,2009,1,116.475343073,0.059,-0.7382055125,0.136,-0.057
0745+241,2009,2,117.150455348,0.099,24.006697227,0.188,-0.086
0747+185,2009,1,117.5013746762,0.229,18.386501925,0.321,0.308
0748+126,2009,11,117.7168572401,0.058,12.518007877,0.072,0.041
0749+540,2009,67,118.2557690282,0.147,53.8832325392,0.105,0.364
0750+633,2009,1,118.8401704488,0.274,63.2099209144,0.207,-0.251
0754+100,2009,3,119.2776789534,0.05,9.9430145301,0.122,-0.041
0759+183,2009,9,120.7001332104,0.116,18.1636803524,0.188,-0.009
0800+618,2009,15,121.3257481895,0.105,61.7399168274,0.07,-0.107
0804+499,2009,13,122.1652762184,0.102,49.8434806703,0.073,-0.143
0805+046,2009,1,121.9897439124,0.117,4.5429254734,0.349,-0.159
0805+410,2009,33,122.2360502172,0.144,40.8791358473,0.164,0.3
0808+019,2009,13,122.8612805073,0.085,1.7811722674,0.131,0.046
0812+367,2009,3,123.8581035921,0.104,36.5875413617,0.168,-0.287
0814+425,2009,1,124.5666650323,0.071,42.3792818256,0.077,-0.076
0818-128,2009,2,125.2393651171,0.89,-12.9831025764,0.257,0.36
0820+560,2009,2,126.1968183109,0.392,55.8785192779,0.291,-0.02
0821+394,2009,1,126.2311827697,0.083,39.2783066931,0.099,-0.021
0822-152,2009,1,126.2150894377,0.259,-15.4627542152,0.464,-0.004
0823+033,2009,76,126.4597431266,0.119,3.156811105,0.284,0.309
0826+180,2009,1,127.270119872,4.056,17.9044067013,2.788,-0.691
0826-373,2009,2,127.019917737,0.177,-37.518411443,0.168,-0.097
0827+243,2009,4,127.7170258541,0.07,24.1832833957,0.096,-0.029
0828+493,2009,1,128.0967364285,0.383,49.2225107089,0.294,0.316
0829+046,2009,1,127.9536539756,0.093,4.4941905399,0.175,0.021
0831+557,2009,3,128.7287669887,0.758,55.572519573,0.457,0.011
0833+585,2009,2,129.3433736245,0.179,58.4171792262,0.101,-0.008
0834-201,2009,2,129.1633968299,0.252,-20.2831954185,0.322,-0.343
0836+710,2009,2,130.3515220565,0.205,70.8950481208,0.077,0.124
0839+187,2009,1,130.5212258287,0.118,18.5947198758,0.27,0.174
0843-336,2009,1,131.2839348019,0.618,-33.7947390093,1.708,-0.73
0847-120,2009,17,132.5401484041,0.118,-12.2264933879,0.135,-0.021
0850+581,2009,2,133.6749849229,0.379,57.9583165258,0.32,-0.096
0851+202,2009,93,133.7036455051,0.069,20.108511401,0.083,0.139
0854-108,2009,17,134.1741839323,0.126,-11.0873417916,0.149,-0.007
0855+143,2009,1,134.6726959215,0.142,14.1624339686,0.214,-0.191
0857-329,2009,1,134.8367204497,1.357,-33.1568674857,3.92,0.116
0859+470,2009,3,135.7666255079,0.081,46.8511492739,0.086,0.037
0859-140,2009,2,135.5701288216,0.123,-14.2585764868,0.246,-0.234
0910-414,2009,1,138.0531275319,0.415,-41.6211542428,0.89,0.139
0912+029,2009,22,138.6579726484,0.079,2.7664574549,0.178,-0.057
0912-330,2009,1,138.6530041848,0.585,-33.2478931966,1.556,0.18
0915-118,2009,1,139.5236186933,0.446,-12.0955015291,0.915,0.814
0917+449,2009,2,140.2435770187,0.081,44.6983291856,0.09,-0.177
0917+624,2009,2,140.4009628361,0.128,62.2644946016,0.069,-0.112
0919-260,2009,2,140.3723075323,0.461,-26.312051698,0.172,-0.66
0920+390,2009,7,140.8102205578,0.117,38.8277528447,0.127,0.163
0920-397,2009,13,140.6934093587,0.444,-39.9930746393,0.389,-0.264
0923+392,2009,79,141.7625581309,0.098,39.0391254631,0.098,0.057
0925-203,2009,17,141.9659346021,0.159,-20.5808978931,0.2,-0.034
0943+105,2009,6,146.6461247677,0.262,10.2850373782,0.762,0.897
0945+408,2009,3,147.2305755618,0.086,40.6623852999,0.085,-0.262
0949+354,2009,3,148.1334422737,0.094,35.2145562454,0.15,0.141
0951+268,2009,1,148.6658188473,0.345,26.6568178766,0.759,0.694
0951+693,2009,2,148.888221196,0.536,69.0652945947,0.146,0.343
0952+179,2009,3,148.7367650357,0.096,17.7253395216,0.187,-0.014
0953+254,2009,58,149.207814143,0.277,25.2544583723,0.289,0.528
0954+658,2009,3,149.6968546886,0.171,65.5652272532,0.072,-0.032
0955+326,2009,3,149.5872901915,0.12,32.4006137681,0.138,-0.056
0955+476,2009,43,149.5819651633,0.077,47.4188451135,0.062,0.012
0958+346,2009,4,150.2997884007,0.167,34.4140164712,0.182,0.137
1004+141,2009,3,151.9229086615,0.066,13.9415557782,0.143,-0.228
1004-217,2009,1,151.693386582,5.195,-21.9890030468,0.396,0.918
1004-500,2009,4,151.5583720624,1.537,-50.3037418048,0.495,-0.839
1011+250,2009,3,153.4726199098,0.249,24.8212335921,0.277,0.15
1012+232,2009,3,153.6961060857,0.066,23.0212696525,0.116,-0.145
1013+054,2009,21,154.0130686469,0.101,5.217317001,0.167,-0.069
1013+127,2009,3,153.9334308608,0.289,12.4519639402,0.346,0.582
1014+615,2009,1,154.3578648678,0.499,61.2743044545,0.369,-0.485
1015+057,2009,12,154.6160345291,0.126,5.5083227723,0.154,0.36
1015+359,2009,7,154.5457837697,0.134,35.7109558588,0.169,0.025
1016-311,2009,1,154.6198066185,0.695,-31.39829162,0.271,-0.304
1020+400,2009,1,155.7981903432,0.202,39.804273732,0.257,0.128
1022+194,2009,2,156.1867066594,0.146,19.205671203,0.228,0.065
1027-186,2009,4,157.3879069269,0.285,-18.8806359032,0.377,0.481
1030+074,2009,1,158.391767839,0.106,7.1905966045,0.235,0.048
1030+415,2009,2,158.2654494725,0.048,41.2683980337,0.053,-0.06
1032-199,2009,4,158.7589804476,0.106,-20.1928777297,0.196,-0.379
1034-293,2009,81,159.3169989106,0.281,-29.5674481698,0.223,-0.608
1034-374,2009,3,159.2226651272,0.759,-37.7375184378,0.378,-0.517
1038+064,2009,2,160.3215104567,0.106,6.1713677461,0.118,0.3
1038+528,2009,3,160.4449235422,0.194,52.5578420871,0.221,-0.056
1039+811,2009,3,161.0960934452,0.416,80.9109564162,0.079,-0.069
1040+244,2009,9,160.7876490824,0.069,24.1431692457,0.071,0.165
1042+071,2009,1,161.2329635085,0.091,6.9272953104,0.246,-0.349
1044+719,2009,76,162.1150830224,0.238,71.7266495915,0.092,-0.252
1045-188,2009,4,162.0275858581,0.113,-19.1599240973,0.215,0.278
1048-313,2009,3,162.7699065344,0.865,-31.6373076373,0.362,-0.398
1049+215,2009,3,162.9532877426,0.131,21.3311983482,0.23,-0.122
1053+704,2009,17,164.2234063115,0.193,70.196087704,0.064,-0.206
1053+815,2009,17,164.5480641127,0.345,81.2424097504,0.054,0.026
1055+018,2009,3,164.6233549704,0.095,1.5663398641,0.15,-0.089
1056+212,2009,4,164.9126778636,0.303,20.956098865,0.223,-0.137
1057-797,2009,43,164.6804574374,1.088,-80.065044402,0.179,-0.054
1059+282,2009,6,165.5595352709,0.446,27.9524138038,0.459,-0.113
1059-438,2009,1,165.5201504591,0.328,-44.0730110176,0.64,-0.086
1100+122,2009,2,165.764707398,0.579,11.9712844376,1.244,-0.474
1101+384,2009,4,166.1138081166,0.076,38.2088330304,0.1,-0.143
1104-445,2009,2,166.7862247334,1.529,-44.8187802041,3.227,-0.792
1111+149,2009,11,168.4945628521,0.082,14.707486856,0.175,-0.192
1123+264,2009,3,171.4737996508,0.08,26.1722163233,0.082,-0.107
1124-186,2009,87,171.7683018739,0.155,-18.9548449531,0.166,-0.071
1125+062,2009,1,171.9021900732,0.113,5.9255715716,0.09,0.25
1127-145,2009,1,172.5293866913,0.638,-14.8242744482,0.264,-0.259
1128+385,2009,72,172.7220108761,0.112,38.2551519502,0.127,0.048
1130+009,2009,3,173.3335658296,0.18,0.6813436187,0.305,0.483
1133-032,2009,14,174.1024038731,0.09,-3.5081935315,0.224,-0.087
1137+660,2009,1,174.987606062,2.648,65.7970782868,1.236,0.374
1143-245,2009,3,176.5337638272,0.47,-24.7924712041,0.272,-0.331
1143-287,2009,1,176.6091189175,1.001,-28.9884735711,0.379,-0.183
1144+402,2009,16,176.7429079974,0.072,39.9761956784,0.079,0.003
1144-379,2009,82,176.7557112553,0.266,-38.2030621403,0.2,-0.199
1145+268,2009,9,176.9990162699,0.09,26.5950923873,0.151,0.043
1145-071,2009,3,176.9648085772,0.1,-7.4114281061,0.141,-0.159
1147+245,2009,3,177.5800507906,0.113,24.2982875536,0.158,0.104
1149-084,2009,20,178.0717062783,0.117,-8.6842538615,0.094,0.003
1150+497,2009,3,178.3519443563,0.128,49.5191194451,0.116,0.207
1150+812,2009,2,178.3020794632,0.503,80.9747650951,0.086,0.03
1155+251,2009,1,179.6074482372,0.51,24.8383232354,0.68,0.057
1156+295,2009,21,179.8826413213,0.067,29.2455074706,0.078,0.054
1212+171,2009,7,183.7665797278,0.096,16.910543507,0.126,0.225
1213+350,2009,2,183.9816710882,0.135,34.8042280058,0.184,0.189
1213-172,2009,4,183.944799046,0.087,-17.5292786906,0.108,-0.18
1215+303,2009,2,184.467008185,0.087,30.1168433378,0.13,-0.17
1216+487,2009,2,184.7767281921,0.235,48.4989346183,0.213,0.276
1219+044,2009,24,185.5939567858,0.097,4.2210489327,0.266,0.108
1221+809,2009,2,185.9187238256,0.412,80.6678723756,0.073,0.193
1226+023,2009,5,187.2779158195,1.114,2.0523883363,0.748,-0.475
1226+373,2009,8,187.1975986395,0.102,37.1033599617,0.135,0.022
1228+126,2009,98,187.7059307685,0.181,12.3911232767,0.244,0.022
1232-338,2009,1,188.6921672972,0.296,-34.1497377127,0.748,0.238
1236+077,2009,3,189.852451365,0.139,7.5047746759,0.165,-0.199
1237-101,2009,2,189.9294227356,0.304,-10.3913037758,0.866,0.005
1240+381,2009,2,190.7140377651,0.149,37.850006948,0.156,0.045
1243-072,2009,4,191.5176337924,0.056,-7.5129374539,0.133,-0.219
1243-160,2009,6,191.4739261461,0.189,-16.2793625035,0.235,0.238
1244-255,2009,16,191.6950085172,0.214,-25.7970247519,0.16,-0.093
1247-442,2009,1,192.5950201555,0.384,-44.5343009116,0.863,-0.111
1252+119,2009,3,193.6593982303,0.096,11.684970801,0.148,-0.257
1255-177,2009,12,194.6595904818,0.163,-18.0008679344,0.268,-0.044
1255-316,2009,14,194.4960867849,0.148,-31.9213477087,0.404,0.037
1256+802,2009,1,194.3821933113,6.419,79.9673630964,0.797,-0.058
1257+145,2009,3,195.0871617697,0.149,14.2884808378,0.322,0.131
1300+580,2009,19,195.7186053607,0.104,57.8104470368,0.067,0.055
1302-102,2009,2,196.3875625671,1.334,-10.5553973465,2.345,0.544
1302-208,2009,1,196.2461221151,0.553,-21.1117941539,1.131,-0.062
1306+360,2009,8,197.0987880522,0.065,35.7769900181,0.09,-0.131
1308+326,2009,57,197.6194326846,0.267,32.3454952496,0.27,-0.006
1308+328,2009,9,197.7475114074,0.085,32.5595693435,0.099,0.051
1308+554,2009,4,197.7633783508,0.14,55.2317562408,0.124,-0.015
1313-333,2009,2,199.0332747438,0.113,-33.649770178,0.13,0.402
1315+346,2009,3,199.4020591029,0.073,34.421092375,0.124,0.369
1318-434,2009,1,200.3035186577,1.913,-43.7046738601,7.738,0.076
1320-303,2009,1,200.8311137483,0.201,-30.6351848226,0.502,-0.008
1324+224,2009,19,201.7535888026,0.058,22.1806007872,0.08,-0.018
1327+504,2009,5,202.2741779454,0.227,50.157333608,0.169,-0.243
1334-127,2009,75,204.4157615582,0.157,-12.9568592746,0.145,-0.146
1335+658,2009,1,204.3169153226,0.321,65.5461990553,0.128,0.185
1339-287,2009,2,205.5639400631,0.434,-29.0116200483,0.785,0.148
1342+662,2009,16,205.9414982761,0.117,66.0404847496,0.051,0.01
1342+663,2009,3,206.0361649771,0.168,66.1032343443,0.062,0.069
1346-306,2009,1,207.3349939363,0.287,-30.9400545746,0.483,0.082
1347+539,2009,2,207.3944026612,0.267,53.6880666614,0.135,-0.337
1348+308,2009,3,207.7197342454,0.339,30.5815529242,0.297,0.592
1351-018,2009,43,208.5287305386,0.134,-2.100886188,0.41,0.297
1352-104,2009,13,208.6938278807,0.163,-10.684071144,0.156,-0.04
1354+195,2009,1,209.2684860574,0.177,19.3187145486,0.171,-0.201
1354-152,2009,5,209.2968540619,0.111,-15.4579963414,0.129,0.011
1354-174,2009,3,209.2753089139,0.827,-17.7338625458,0.55,0.188
1357+769,2009,69,209.4807147199,0.294,76.7225141632,0.07,0.001
1402+044,2009,2,211.2546658997,0.074,4.2599496775,0.178,-0.065
1402-012,2009,3,211.1912312113,0.588,-1.5060964494,0.379,-0.145
1404+286,2009,71,211.7516433861,0.182,28.4540805853,0.206,0.074
1406-076,2009,3,212.2353383163,0.103,-7.8740740019,0.251,-0.561
1406-267,2009,10,212.4590408504,0.136,-26.9602722299,0.331,0.114
1412-368,2009,3,213.8584010582,1.402,-37.0908250169,0.828,-0.537
1413+135,2009,2,213.99507296,0.053,13.339920296,0.109,0.212
1417+273,2009,3,214.9970710943,0.103,27.1070980076,0.136,0.042
1417+385,2009,4,214.9442240358,0.101,38.3634653053,0.118,0.11
1418+546,2009,78,214.9441558376,0.123,54.3874408675,0.08,-0.026
1423+146,2009,1,216.4542416574,0.264,14.4158065776,0.52,-0.112
1424+366,2009,3,216.6545311633,0.129,36.4193259658,0.153,0.167
1424-418,2009,44,216.9845732077,0.331,-42.1053993721,0.254,-0.38
1428+370,2009,5,217.6690987059,0.114,36.8177468755,0.124,0.196
1432+200,2009,13,218.6658056836,0.134,19.8668710561,0.237,0.361
1435+638,2009,2,219.1908423322,0.155,63.6105184223,0.062,0.035
1441+252,2009,13,220.9870507749,0.097,25.0290251842,0.125,0.19
1442+101,2009,2,221.3186051691,0.196,9.9766868306,0.29,0.307
1443-162,2009,3,221.4724011785,0.446,-16.4837830899,0.261,-0.209
1448+762,2009,2,222.1199125026,0.515,76.0198881248,0.101,-0.168
1451-375,2009,11,223.614207451,0.438,-37.7925401426,0.309,-0.093
1451-400,2009,2,223.6371345805,1.825,-40.209031621,0.639,0.249
1454-354,2009,1,224.361299078,0.806,-35.6527698951,0.29,-0.285
1456+044,2009,12,224.7473175718,0.124,4.2705056805,0.221,0.15
1458+718,2009,2,224.7815996086,0.161,71.6721850866,0.071,-0.059
1459+480,2009,3,225.2027259428,0.122,47.8543161398,0.121,0.064
1502+036,2009,14,226.2769881733,0.128,3.4418923939,0.175,0.029
1502+106,2009,4,226.1040824328,0.056,10.4942217958,0.087,0.065
1504+377,2009,2,226.5397081798,0.126,37.5142034682,0.219,-0.012
1504-166,2009,3,226.7699457814,0.533,-16.8750741905,0.312,-0.342
1508+572,2009,1,227.5121766089,0.143,57.0453821702,0.113,0.194
1508-055,2009,2,227.7232975945,0.088,-5.7187270682,0.122,-0.075
1508-325,2009,1,227.9600115453,0.97,-32.7160529098,2.549,0.174
1510-089,2009,3,228.2105538201,0.2,-9.0999526429,0.181,-0.163
1510-421,2009,1,228.377594046,2.458,-42.3655670549,9.572,0.197
1511-360,2009,1,228.6703076479,0.859,-36.2846883885,1.987,-0.284
1514+197,2009,3,229.2366506773,0.058,19.5369422944,0.115,-0.163
1514-241,2009,3,229.4242214095,0.097,-24.3720767173,0.231,-0.436
1519-273,2009,26,230.6569832878,0.188,-27.5029959609,0.187,-0.228
1519-294,2009,6,230.6061932816,0.711,-29.6070085674,0.287,-0.024
1520+319,2009,12,230.5416322057,0.109,31.7373283484,0.119,0.066
1520+437,2009,22,230.4567244933,0.097,43.6109078149,0.099,0.061
1532+016,2009,3,233.7185570004,0.114,1.5178351494,0.134,0.178
1546+027,2009,18,237.3726534972,0.079,2.6169897645,0.152,-0.05
1547+507,2009,2,237.3227856925,0.093,50.6349411344,0.077,0.129
1548+056,2009,1,237.6469550763,0.076,5.4529023386,0.109,0.083
1550-242,2009,5,238.3817825354,0.447,-24.3683431748,0.625,-0.012
1555+001,2009,9,239.4643081981,0.107,-0.0306704844,0.181,-0.101
1556-245,2009,2,239.9225379647,0.619,-24.710786797,0.324,-0.515
1557+032,2009,3,239.8790526145,0.145,3.0800712714,0.213,-0.072
1600+335,2009,2,240.5302644029,0.201,33.4480756581,0.203,0.444
1601+112,2009,1,240.9247133238,0.368,11.0968548453,1.096,0.848
1602-115,2009,9,241.3230485833,0.138,-11.6574530805,0.253,0.229
1604-333,2009,3,241.8948429334,1.039,-33.5191425663,0.492,-0.497
1606+106,2009,79,242.1925132643,0.111,10.4854932885,0.148,0.064
1608+243,2009,4,242.6751114938,0.126,24.2469476417,0.184,0.185
1611+343,2009,82,243.4211010011,0.083,34.2133080146,0.089,0.048
1613-350,2009,1,244.1791885595,0.287,-35.1616219681,0.637,-0.182
1614+051,2009,3,244.1564867307,0.077,4.9924267873,0.128,0.013
1615+029,2009,5,244.4579505859,0.443,2.7786401916,1.069,0.072
1616+063,2009,5,244.7653653128,0.13,6.2172896735,0.244,-0.162
1617+229,2009,19,244.8117691601,0.116,22.7966253322,0.149,-0.287
1618-399,2009,1,245.4987050169,1.716,-40.0595782293,6.848,-0.074
1621-351,2009,1,246.0935491076,0.523,-35.2753344374,1.608,-0.736
1622-253,2009,70,246.4453818102,0.304,-25.460646326,0.188,-0.067
1622-297,2009,2,246.5250868924,0.095,-29.8574919903,0.23,0.287
1622-310,2009,2,246.4812663972,0.233,-31.1357166685,0.503,0.082
1623+578,2009,14,246.1033649007,0.262,57.6878558256,0.142,-0.06
1624+416,2009,2,246.4902905622,0.368,41.5779525431,0.278,-0.451
1633+382,2009,3,248.814554049,0.059,38.1345834764,0.067,-0.082
1633-409,2009,1,249.2307301508,2.382,-41.0334719129,6.144,-0.015
1636+473,2009,7,249.4380439841,0.127,47.2927308215,0.111,0.007
1637+574,2009,2,249.5560678865,0.108,57.3399941772,0.068,-0.227
1637+826,2009,9,248.1332077069,0.963,82.5378888698,0.1,-0.305
1638+398,2009,14,250.1234698851,0.067,39.779452373,0.076,-0.067
1639+230,2009,16,250.3551148747,0.083,22.95112021,0.139,-0.073
1639-062,2009,5,250.5090737701,0.204,-6.3565818983,0.163,0.836
1641+399,2009,11,250.7450421174,1.344,39.8102758851,0.749,-0.14
1642+690,2009,3,250.5327021311,0.149,68.9443766915,0.053,-0.062
1647+744,2009,1,251.5632194975,19.31,74.3197495393,25.564,0.218
1647-296,2009,2,252.6647671107,0.644,-29.7297095866,0.341,-0.376
1650-157,2009,1,253.3925268118,0.179,-15.858302286,0.38,0.027
1651+391,2009,5,253.2437899263,0.093,39.0471728501,0.127,0.089
1652+398,2009,3,253.4675674527,9.49,39.760168709,2.807,0.972
1655+077,2009,2,254.5375477571,0.202,7.6909834399,0.233,-0.068
1656+053,2009,2,254.6393638839,0.121,5.2545678507,0.121,0.317
1656+348,2009,1,254.5059132518,0.582,34.7245560608,0.574,-0.252
1656+477,2009,1,254.5115816324,0.251,47.6303417199,0.227,-0.207
1656-075,2009,7,254.6835916589,0.12,-7.6549149744,0.239,0.146
1657-261,2009,20,255.2214752562,0.174,-26.1810348121,0.205,-0.215
1659+399,2009,4,255.352645057,0.105,39.9103032415,0.103,0.036
1705+018,2009,12,256.893396967,0.107,1.8126942475,0.237,0.2
1705+456,2009,2,256.8239723479,0.37,45.6029313409,0.263,0.258
1706-174,2009,3,257.3931057995,0.202,-17.4814903262,0.22,-0.355
1711-209,2009,1,258.6677578853,0.972,-21.0114877224,1.481,0.612
1717+178,2009,3,259.8043686395,0.067,17.7517881472,0.139,-0.085
1722+330,2009,1,261.0591576567,0.126,33.0510942228,0.14,-0.184
1725+044,2009,2,262.1039696346,0.233,4.4513649578,0.17,0.045
1725+123,2009,2,262.0293800516,0.124,12.2609681671,0.243,0.203
1726+455,2009,4,261.8652118409,0.569,45.5110364017,0.311,-0.094
1732+389,2009,7,263.5857439267,0.097,38.9642897542,0.101,0.018
1736+324,2009,3,264.6687575923,0.151,32.4025070866,0.314,0.094
1738+476,2009,3,264.9880377671,0.15,47.6328781707,0.115,-0.028
1738+499,2009,2,264.8641269976,0.111,49.9176022811,0.092,0.101
1739+522,2009,70,265.1540743363,0.111,52.1953909905,0.085,0.028
1741-038,2009,112,265.9952339142,0.121,-3.8346157644,0.149,0.042
1743+173,2009,3,266.3967007338,0.143,17.3337288621,0.424,0.063
1744+557,2009,2,266.2358627333,0.16,55.7047670645,0.099,0.533
1745+624,2009,19,266.5584756195,0.131,62.4485384752,0.073,0.191
1746+470,2009,3,266.8610303192,0.103,46.9808128371,0.089,-0.046
1749+096,2009,84,267.8867440477,0.104,9.6502023684,0.144,-0.013
1749+701,2009,3,267.1368346726,0.178,70.0974357518,0.055,-0.193
1751+288,2009,12,268.4269735425,0.053,28.801371958,0.068,-0.058
1751+441,2009,3,268.3443661757,0.13,44.162690575,0.092,0.006
1753-144,2009,1,269.1077600924,0.83,-14.4526568421,1.357,0.144
1753-418,2009,1,269.3152970602,0.488,-41.8218564083,1.269,0.665
1754+155,2009,28,269.221258914,0.145,15.5891184832,0.209,0.364
1758+388,2009,8,270.1031889586,0.115,38.8085270913,0.126,-0.058
1759-396,2009,15,270.6778336656,0.203,-39.6688634106,0.44,0.075
1800+440,2009,9,270.384645076,0.066,44.0727501038,0.064,0.102
1803+784,2009,74,270.1903496236,0.294,78.4677828917,0.058,-0.013
1806+456,2009,2,272.0911912093,0.205,45.7057961887,0.188,-0.062
1807+698,2009,24,271.711169343,0.136,69.824474587,0.047,0.062
1815-553,2009,23,274.9391648244,1.932,-55.3557625941,0.6,-0.798
1817+157,2009,1,274.9095387796,0.334,15.7290910989,0.408,0.28
1821+107,2009,2,276.0118968845,0.062,10.739937258,0.14,-0.243
1823+568,2009,3,276.0294515715,0.102,56.8504141044,0.076,-0.079
1823+689,2009,12,275.8868912402,0.263,68.9646145826,0.112,0.087
1826-447,2009,1,277.503623893,0.484,-44.6865764358,1.031,-0.315
1830+285,2009,3,278.209106723,0.088,28.5599876127,0.133,-0.384
1842+681,2009,2,280.640173558,0.308,68.1570077621,0.129,-0.273
1846+322,2009,24,282.092035728,0.077,32.3173899589,0.092,0.064
1849+670,2009,3,282.3169678691,0.13,67.0949111581,0.062,0.004
1851-162,2009,1,283.5686103645,1.019,-16.1940623158,1.602,0.412
1856+737,2009,1,283.7387493855,0.995,73.8555297811,0.358,0.148
1901+319,2009,2,285.7330789047,0.158,31.994917062,0.141,0.087
1906-217,2009,1,287.4381439997,0.294,-21.6598333502,0.74,-0.475
1907-224,2009,1,287.7398215122,0.341,-22.3914784348,0.889,-0.151
1908-201,2009,22,287.7902204857,0.307,-20.1153080841,0.257,-0.023
1909+161,2009,5,287.9927391849,0.133,16.1963514749,0.199,0.433
1913-272,2009,1,289.0827612846,0.154,-27.1422943898,0.384,0.088
1920-211,2009,18,290.8841242772,0.129,-21.0759259247,0.162,-0.225
1921-293,2009,57,291.2127330797,0.179,-29.2417002901,0.225,0.568
1923+210,2009,84,291.4983555925,0.123,21.107267272,0.146,0.075
1926+087,2009,1,292.1702311517,0.259,8.8134480594,0.34,0.09
1928+738,2009,2,291.9520629074,0.369,73.9671029143,0.105,-0.225
1929+226,2009,8,292.8538199297,0.105,22.7253496072,0.189,-0.088
1932+204,2009,1,293.7936375809,1.162,20.5317095898,0.821,0.398
1933-400,2009,1,294.317572379,0.386,-39.9670980727,0.257,-0.584
1936+095,2009,1,294.6816939215,1.157,9.7055773642,1.051,-0.408
1936-155,2009,3,294.8610739084,0.176,-15.4286272867,0.145,0.01
1937-101,2009,3,294.9885691557,0.146,-10.0448667265,0.295,0.118
1942-313,2009,1,296.49737244,0.223,-31.1939881058,0.501,-0.322
1954+513,2009,2,298.9280760081,0.127,51.5301517478,0.137,-0.317
1954-388,2009,24,299.4992469962,0.372,-38.7517655287,0.269,-0.138
1958-179,2009,74,300.2378768534,0.191,-17.8160201412,0.214,0.046
2000+148,2009,7,300.674996759,0.135,15.0207150231,0.265,0.17
2000+472,2009,25,300.5434093851,0.072,47.4246593701,0.06,-0.001
2000-330,2009,1,300.8504874175,6.734,-32.8625366254,0.497,0.911
2005+372,2009,1,301.9391550235,5.694,37.3673072175,3.502,-0.53
2005-489,2009,1,302.3557955292,5.409,-48.8315867081,8.479,0.457
2007+777,2009,3,301.3791607915,0.257,77.878679894,0.054,-0.047
2008-068,2009,1,302.8092328247,0.462,-6.7343212239,0.64,-0.746
2008-159,2009,25,302.8154622159,0.143,-15.7778482375,0.128,0.165
2013+163,2009,11,304.0577501137,0.152,16.5428091849,0.161,0.229
2021+317,2009,3,305.8292389691,0.114,31.8839738907,0.121,-0.089
2021+614,2009,3,305.527840748,0.141,61.616334768,0.099,0.17
2029+121,2009,1,307.9791427874,0.082,12.3281501455,0.195,-0.251
2030+547,2009,1,307.9498268626,0.791,54.917538323,1.227,0.16
2033-286,2009,1,309.1573951738,0.21,-28.5073696311,0.501,0.064
2037+511,2009,100,309.6543113675,0.089,51.3201840555,0.064,0.049
2037-253,2009,3,310.03655392,0.564,-25.1296288104,0.33,-0.561
2039+037,2009,1,310.5604243043,0.393,3.9372052604,0.566,0.423
2045-405,2009,1,312.2917293173,0.253,-40.3419820391,0.497,-0.522
2048+312,2009,1,312.7130481453,2.035,31.4575997462,10.662,-0.123
2052-474,2009,65,314.068165929,0.546,-47.2465632423,0.401,-0.53
2058-297,2009,3,315.2569164946,0.494,-29.5577322589,0.331,-0.647
2059+034,2009,37,315.4118089757,0.1,3.6920335637,0.164,0.143
2106+143,2009,1,317.1709672556,0.138,14.5075035286,0.199,0.111
2106-413,2009,3,317.3882858192,0.441,-41.1723903756,0.183,-0.427
2113+293,2009,89,318.8725560574,0.091,29.5606575403,0.129,0.157
2120-309,2009,1,320.9524981043,0.194,-30.7681773259,0.461,-0.019
2121+053,2009,71,320.9354891645,0.172,5.589470316,0.37,0.048
2122-238,2009,1,321.4671760973,0.187,-23.6365942903,0.493,-0.203
2126-158,2009,67,322.3007328709,0.146,-15.644733795,0.308,0.225
2127-096,2009,7,322.5795344498,0.247,-9.4603986301,0.207,-0.013
2128-123,2009,15,322.8969239595,0.216,-12.117998935,0.305,0.184
2131-021,2009,2,323.5429566296,0.095,-1.8881218019,0.218,-0.411
2134+004,2009,16,324.1607762622,0.302,0.6983924123,0.396,-0.263
2136+141,2009,25,324.7554553104,0.074,14.3933311585,0.142,-0.213
2138-377,2009,3,325.4685374474,1.57,-37.4869418833,0.805,-0.265
2141+175,2009,9,325.8981023573,0.101,17.7302188406,0.13,0.225
2142+110,2009,4,326.3282293921,0.434,11.2575866922,0.533,-0.077
2143-156,2009,8,326.5957471696,0.205,-15.4288570413,0.289,0.489
2144+092,2009,7,326.792345707,0.067,9.4962978691,0.14,0.189
2145+067,2009,15,327.0227444088,0.086,6.9607234299,0.111,-0.206
2149+056,2009,1,327.9078146123,0.362,5.8702652168,0.349,0.434
2149-307,2009,1,327.9813499338,0.201,-30.4649161242,0.179,-0.114
2150+173,2009,3,328.1034141311,0.143,17.5771651239,0.298,0.17
2155-304,2009,3,329.716937828,0.715,-30.2255883745,0.445,-0.615
2157-255,2009,1,329.9616343627,0.129,-25.281159912,0.314,-0.165
2200+420,2009,3,330.6803807058,0.06,42.277772206,0.072,-0.001
2201+315,2009,17,330.8123991537,0.185,31.7606305084,0.143,-0.106
2205+166,2009,3,331.9702737317,0.276,16.8716154937,0.455,0.74
2208-137,2009,8,332.8504144506,0.247,-13.4693677748,0.211,0.364
2209+236,2009,11,333.0248596069,0.067,23.9279288993,0.1,-0.185
2214+350,2009,18,334.0833745671,0.078,35.3039389156,0.092,-0.038
2215+020,2009,1,334.4509912403,0.56,2.3363088419,0.337,0.058
2215+150,2009,10,334.5454745815,0.06,15.3432548845,0.092,-0.01
2216+178,2009,2,334.808718553,0.171,18.1098835662,0.322,0.279
2216-038,2009,2,334.7168238251,0.064,-3.5935775384,0.155,0.216
2220-318,2009,1,335.8401320855,0.223,-31.6172525817,0.506,0.211
2220-351,2009,1,335.7747109869,0.649,-34.9297715551,0.422,-0.529
2221-387,2009,1,336.1831724468,0.245,-38.5258420351,0.548,-0.451
2223-052,2009,22,336.4469137763,0.087,-4.9503862773,0.12,0.003
2227-088,2009,11,337.4170180733,0.079,-8.5484543064,0.131,-0.145
2229+695,2009,29,337.6519570574,0.133,69.7744658103,0.047,0.012
2230+114,2009,2,338.1517038092,0.134,11.7308066579,0.126,-0.061
2232-488,2009,3,338.8051520282,1.829,-48.5996649816,0.716,-0.835
2233-186,2009,1,338.9840431406,0.506,-18.4368204151,1.229,-0.423
2234+282,2009,65,339.0936284728,0.167,28.4826147636,0.191,0.281
2235+731,2009,1,339.1608202127,1.636,73.3812952047,0.636,-0.097
2236+678,2009,1,339.5626226551,6.516,68.0832672813,1.18,-0.575
2238-362,2009,1,340.4512976014,0.238,-35.9966057751,0.585,-0.158
2243+047,2009,9,341.4735588157,0.128,5.0158228209,0.201,0.171
2243-123,2009,65,341.5759665326,0.17,-12.1142438328,0.314,0.331
2244-372,2009,4,341.7663221784,0.568,-36.9628622614,0.386,-0.633
2245-328,2009,1,342.1611908032,0.924,-32.5978299569,0.265,0.323
2251+158,2009,13,343.490616599,0.772,16.1482115392,0.586,-0.231
2252-090,2009,1,343.7676659989,0.393,-8.7344505898,0.413,-0.495
2253+417,2009,2,343.9029493095,0.115,42.0479257531,0.133,-0.257
2254+074,2009,2,344.3220963154,0.258,7.7200840841,0.217,0.266
2255-282,2009,61,344.5248453156,0.192,-27.9725712807,0.229,0.814
2307+106,2009,17,347.6188238844,0.091,10.9251935543,0.169,0.201
2309+454,2009,10,347.947537323,0.105,45.7322268467,0.094,-0.052
2311-373,2009,1,348.4987842211,0.279,-37.0795054758,0.786,0.389
2312-319,2009,3,348.7020855447,0.823,-31.6443127971,0.395,-0.402
2314-340,2009,2,349.1807766114,1.332,-33.820134905,0.86,-0.661
2318+049,2009,48,350.1869024805,0.185,5.2305423792,0.253,0.26
2319+272,2009,2,350.4994257658,0.153,27.5462344332,0.2,0.371
2319+317,2009,15,350.4789832738,0.079,32.0687840352,0.096,0.079
2319+444,2009,1,350.5848253278,0.21,44.7617649454,0.172,0.468
2320+506,2009,2,350.6082591522,0.142,50.9644344971,0.138,0.001
2320-035,2009,3,350.8831406731,0.394,-3.2847288357,0.287,-0.347
2322+396,2009,1,351.3244576456,0.222,39.9601412896,0.202,-0.347
2322-411,2009,1,351.2640808358,7.132,-40.8583612975,11.6,0.354
2326-477,2009,1,352.3237681112,0.941,-47.5053097308,0.37,-0.707
2327-376,2009,1,352.6491491814,0.212,-37.4105454449,0.514,-0.232
2329-162,2009,3,352.9110517911,0.378,-15.949169477,0.259,-0.47
2329-384,2009,4,352.9978172875,0.166,-38.1965697649,0.334,-0.289
2335-027,2009,11,354.4889127937,0.14,-2.516008155,0.136,0.128
2348-432,2009,1,357.8956079263,0.317,-42.9926350274,0.308,-0.096
2351+456,2009,2,358.5903343112,0.137,45.8845101991,0.087,0.047
2351-154,2009,1,358.6258132236,0.102,-15.21978133,0.142,-0.397
2351-309,2009,3,358.4477451565,0.795,-30.6301397367,0.428,-0.136
2355-106,2009,27,359.545343368,0.102,-10.3357253865,0.126,-0.019
2356+385,2009,75,359.8882533382,0.163,38.845088412,0.178,0.12
2357-318,2009,16,359.8978814263,0.198,-31.5621735344,0.236,-0.185
2358+189,2009,19,0.2859231963,0.118,19.2427227809,0.184,0.109
