iers_name,year,num_ses,ra,ra_err,dec,dec_err,ra_dec_corr
0003+340,2011,1,1.5307606406,0.144,34.3723349776,0.302,0.218
0003-066,2011,31,1.5578870385,0.135,-6.393148661,0.221,0.215
0006-363,2011,1,2.1402547965,1.209,-36.0236215871,3.622,0.438
0008-264,2011,2,2.7551947773,0.119,-26.2092713421,0.227,-0.031
0010+405,2011,3,3.379709038,0.363,40.8603178796,0.332,0.266
0013-005,2011,3,4.0462023174,0.085,-0.2534570792,0.141,0.076
0014+813,2011,7,4.2853121329,0.56,81.5855935139,0.095,-0.113
0016+731,2011,69,4.9407763447,0.143,73.4583382678,0.041,-0.089
0019+058,2011,21,5.635171709,0.236,6.1345191455,0.2,0.227
0025+197,2011,9,7.1242436852,0.125,20.0074289238,0.17,-0.048
0033-088,2011,1,8.9427099821,0.123,-8.5983450563,0.281,-0.121
0034-220,2011,1,9.3117750292,1.068,-21.7568659693,1.776,0.069
0035+413,2011,3,9.6035148475,0.26,41.6183334592,0.283,-0.358
0035-252,2011,31,9.561397925,0.183,-24.9839542182,0.185,0.102
0038-326,2011,1,10.1277281617,0.679,-32.4223130264,1.311,-0.793
0046-315,2011,1,12.3454197914,0.722,-31.2742559615,1.325,-0.84
0047+023,2011,2,12.4301497569,0.326,2.6177162646,1.588,0.083
0048-097,2011,4,12.6721557837,0.09,-9.4847806514,0.236,-0.077
0048-427,2011,12,12.7895908055,0.462,-42.4425812567,0.455,0.366
0050-287,2011,1,13.218985136,0.485,-28.4317184601,0.898,-0.78
0054+161,2011,14,14.2303929861,0.209,16.4203725635,0.353,0.191
0055-059,2011,13,14.521109632,0.195,-5.6645217381,0.34,-0.206
0059+581,2011,91,15.6906766049,0.077,58.4030935043,0.045,-0.047
0104-408,2011,75,16.6879498585,0.3,-40.5722112305,0.235,-0.263
0106+013,2011,16,17.1615462677,0.214,1.5834213782,0.162,-0.332
0107-610,2011,3,17.3144804267,0.879,-60.8301277266,1.945,-0.561
0109+224,2011,7,18.024269639,0.097,22.7441073639,0.162,0.044
0110+495,2011,2,18.3625282942,0.288,49.8066787327,0.221,-0.356
0111+021,2011,15,18.4297705958,0.262,2.371476823,0.385,0.015
0115-214,2011,46,19.4532505893,0.223,-21.1851758616,0.202,0.493
0116-219,2011,1,19.7385924739,0.778,-21.6917055785,0.335,-0.106
0118-272,2011,1,20.131933153,2.86,-27.0234965845,21.574,0.909
0119+041,2011,20,20.4869235842,0.421,4.3735374199,0.435,-0.082
0119+115,2011,35,20.4233127068,0.104,11.8306704251,0.224,0.033
0122-514,2011,1,21.2391310438,0.911,-51.221157474,1.764,0.676
0124-086,2011,1,21.817963276,0.216,-8.3580267607,0.441,-0.061
0131-522,2011,1,23.2740110504,1.456,-52.0010965441,1.446,-0.717
0133+476,2011,96,24.2441450646,0.084,47.858083365,0.069,-0.101
0134+311,2011,63,24.2863901246,0.184,31.3766265549,0.253,-0.064
0135-247,2011,1,24.4097768387,1.195,-24.514968184,2.15,0.806
0138-097,2011,2,25.3576340234,0.116,-9.4787983945,0.145,0.581
0151+474,2011,2,28.7345412612,0.432,47.72403892,0.726,-0.043
0158-159,2011,1,30.2131203407,0.186,-15.7102403228,0.365,-0.248
0159+723,2011,3,30.8891040348,0.448,72.5482409698,0.12,0.228
0200+304,2011,1,30.9389828767,0.894,30.6914190723,0.591,-0.068
0200+30A,2011,1,30.9344611473,0.149,30.710510105,0.19,-0.105
0201+113,2011,32,30.9444044118,0.075,11.579280373,0.084,-0.077
0202+149,2011,3,31.2100579608,0.381,15.2364008136,0.478,-0.104
0202+319,2011,2,31.2705223746,0.129,32.20835991,0.131,-0.043
0208-512,2011,4,32.6925014426,1.409,-51.0171922381,0.553,-0.162
0210+225,2011,1,33.2201454613,0.373,22.7478479374,0.555,-0.397
0212+735,2011,1,34.3783890364,0.133,73.8257282464,0.04,-0.004
0215+015,2011,42,34.4539781382,0.048,1.7471386506,0.045,-0.009
0216+478,2011,1,34.8611501686,0.197,48.1107946263,0.149,-0.076
0221+067,2011,3,36.1184509604,0.207,6.9898166903,0.277,-0.101
0226-375,2011,1,37.1405569492,0.405,-37.3323205474,1.099,-0.212
0227-369,2011,1,37.368537631,0.302,-36.7324502631,0.678,-0.01
0229+131,2011,39,37.9412252773,0.107,13.3818657246,0.121,-0.015
0230-288,2011,1,38.1530872997,0.199,-28.6573085958,0.487,-0.065
0230-790,2011,3,37.3956107542,2.44,-78.7960005149,0.739,-0.492
0234+285,2011,3,39.4683569712,0.107,28.8024972265,0.089,-0.157
0234-301,2011,2,39.1298724994,0.744,-29.8987612017,0.62,-0.549
0235+164,2011,4,39.6622088286,0.341,16.6164652067,0.354,0.217
0237-027,2011,29,39.9394677961,0.158,-2.5780317996,0.21,-0.191
0237-233,2011,1,40.0340622792,3.26,-23.1543702582,1.324,-0.865
0239+175,2011,7,40.6011177885,0.186,17.7163469596,0.262,0.043
0250+320,2011,1,43.3902089379,0.098,32.2891366987,0.163,0.043
0256-005,2011,52,44.868817334,0.098,-0.333326487,0.084,0.062
0300+470,2011,5,45.8968426071,0.237,47.2711877341,0.186,0.064
0302+625,2011,4,46.6777481469,0.169,62.7172289761,0.082,0.023
0302-623,2011,4,45.9609641604,0.976,-62.1904303397,0.681,0.248
0306+102,2011,3,47.2650978311,0.14,10.4878725781,0.221,-0.432
0307+380,2011,54,47.707833029,0.106,38.2482883325,0.103,0.005
0307-362,2011,1,47.2604614356,0.288,-36.067708681,0.677,-0.157
0308-611,2011,57,47.4837464697,0.354,-60.9775156244,0.203,0.188
0309+411,2011,3,48.2581755622,0.315,41.3336621297,0.269,-0.189
0316+413,2011,3,49.9506632908,11.796,41.5116891803,4.197,0.394
0322+222,2011,53,51.4033931646,0.112,22.4001016071,0.137,-0.009
0329+654,2011,1,53.4864070273,0.944,65.6156069782,0.226,-0.34
0332+078,2011,28,53.7221528506,0.28,8.0040053015,0.419,0.11
0332-403,2011,76,53.5568936977,0.129,-40.1403883506,0.118,-0.085
0336-019,2011,54,54.8789074141,0.105,-1.7766122474,0.124,0.121
0338-214,2011,18,55.14836605,0.289,-21.3253255708,0.341,0.217
0340+362,2011,10,55.8706350402,0.133,36.3701193772,0.134,0.092
0340-140,2011,1,55.6874495605,0.173,-13.9143499172,0.383,0.071
0342+147,2011,2,56.2767355685,0.122,14.8970993826,0.22,-0.588
0345+460,2011,22,57.3280898565,0.163,46.166571649,0.147,-0.113
0346-279,2011,25,57.1589356829,0.261,-27.8204349218,0.188,0.335
0347-211,2011,7,57.4909445271,0.46,-21.0465948513,0.199,0.046
0348-031,2011,1,57.8140287265,0.432,-3.021611402,0.794,0.246
0355+508,2011,9,59.8739474519,1.903,50.963933927,0.898,0.011
0355-669,2011,1,58.9495088942,11.091,-66.75939367,2.259,0.182
0358+210,2011,6,60.4381919871,0.104,21.1746075021,0.186,-0.032
0400-319,2011,7,60.5886087166,0.993,-31.7905401918,0.506,0.401
0402-362,2011,8,60.9739580012,0.281,-36.0838648009,0.207,0.585
0403-132,2011,3,61.3916808086,0.13,-13.1371362971,0.304,-0.247
0405-385,2011,13,61.7459805933,0.376,-38.4411229119,0.432,-0.38
0406-127,2011,13,62.2740405623,0.213,-12.6467065871,0.285,0.125
0414-189,2011,26,64.1522685737,0.175,-18.8523167322,0.148,0.059
0415+398,2011,7,64.8439562873,0.23,39.9247160428,0.21,0.246
0419-068,2011,1,65.5449810033,0.151,-6.7292585016,0.34,-0.179
0420+022,2011,33,65.7175610474,0.08,2.3241474257,0.078,0.029
0420-014,2011,34,65.8158363556,0.065,-1.3425182192,0.075,-0.178
0421+683,2011,1,66.7086253097,0.317,68.4313692805,0.109,-0.428
0422+004,2011,5,66.1951752803,0.175,0.6017582487,0.299,0.22
0422-380,2011,2,66.1760154485,0.362,-37.9391067594,0.152,0.546
0426+273,2011,2,67.4706698503,0.11,27.4105211764,0.17,-0.237
0426-380,2011,1,67.1684346038,1.072,-37.9387723045,1.111,0.773
0430+289,2011,10,68.4076244155,0.108,29.0987436859,0.151,0.255
0430-332,2011,1,68.1856841292,0.338,-33.153314055,0.953,-0.096
0433+295,2011,1,69.2682306426,0.21,29.6705050746,0.26,-0.016
0434-188,2011,9,69.2561779432,0.494,-18.7468372465,2.696,-0.328
0436-129,2011,16,69.6459209022,0.175,-12.8509330215,0.248,0.097
0437-454,2011,4,69.7535611918,0.528,-45.3729341121,0.458,-0.095
0440+345,2011,2,70.881813406,0.268,34.6851844362,0.214,0.11
0442+389,2011,2,71.54789177,0.097,39.0047499755,0.12,-0.007
0445-221,2011,1,71.9053392969,0.978,-22.0602281843,1.672,0.022
0446+112,2011,48,72.2819629273,0.069,11.3579434457,0.06,0.018
0446-096,2011,1,72.2061241616,0.217,-9.5920839513,0.566,-0.607
0449+125,2011,1,73.1775046395,0.304,12.6068309587,0.489,-0.49
0451-282,2011,1,73.3110278372,2.858,-28.1270350588,0.833,-0.897
0454+844,2011,32,77.1765146034,1.462,84.5345956376,0.166,-0.034
0454-234,2011,60,74.2632467392,0.126,-23.4144500709,0.108,0.11
0454-810,2011,3,72.5226669319,3.742,-81.0172862216,0.881,-0.278
0458+138,2011,3,75.4386283542,0.543,13.9353389515,1.051,-0.262
0458-020,2011,44,75.3033744769,0.108,-1.9872934318,0.089,-0.138
0506+101,2011,5,77.3644044021,0.264,10.1957221073,0.852,0.186
0506-612,2011,6,76.6832862091,1.051,-61.1613870741,0.615,-0.802
0507+179,2011,3,77.5098713557,0.244,18.0115505426,0.282,0.066
0514+074,2011,1,79.2348528254,0.198,7.5481252516,0.411,-0.074
0515+208,2011,8,79.5159354313,0.258,20.9145826806,0.387,0.322
0516-621,2011,4,79.1871923773,0.651,-62.1181637887,0.544,0.21
0521-365,2011,1,80.7416028826,2.339,-36.4585699132,0.711,-0.86
0522-611,2011,1,80.6434398066,1.02,-61.1325370245,1.907,0.564
0524+034,2011,8,81.8862726562,0.202,3.5254212459,0.314,-0.251
0524-460,2011,1,81.3808361963,12.752,-45.9651906102,7.641,0.815
0524-485,2011,3,81.5694638406,0.402,-48.5102200588,0.491,0.385
0527-053,2011,1,82.4730563128,0.243,-5.3282271073,0.395,0.196
0528+134,2011,9,82.7350698736,0.248,13.5319860559,0.312,0.009
0529+483,2011,47,83.3161074824,0.102,48.3813355165,0.089,-0.027
0534-340,2011,7,84.1184681998,0.591,-34.0198522395,0.337,0.201
0534-611,2011,1,83.6490510432,2.514,-61.1019634453,1.974,-0.571
0536+145,2011,22,84.9265249798,0.118,14.5626560834,0.148,0.089
0537-158,2011,1,84.8833744662,2.624,-15.8417591602,8.092,0.985
0537-286,2011,41,84.9761727333,0.281,-28.6655411046,0.225,0.05
0537-441,2011,112,84.7098397997,0.127,-44.0858163803,0.123,0.047
0544+273,2011,12,86.892287196,0.093,27.3657897134,0.193,0.002
0548+378,2011,4,88.0747372768,0.504,37.9070229004,0.481,-0.068
0549-575,2011,2,87.5399171639,0.829,-57.5401100157,2.448,-0.37
0552+398,2011,70,88.8783567317,0.051,39.8136569454,0.045,-0.057
0556+238,2011,28,89.8834714047,0.108,23.8983130169,0.2,-0.003
0557-182,2011,1,89.9433479333,0.212,-18.2965471684,0.54,-0.417
0600+177,2011,4,90.7880427052,0.341,17.7046696569,0.538,0.034
0602+673,2011,37,91.9694650467,0.182,67.3487250861,0.094,-0.096
0606-223,2011,39,92.2486951792,0.177,-22.3391546351,0.13,0.258
0607-157,2011,19,92.4206231225,0.244,-15.7112979708,0.146,-0.246
0613+570,2011,9,94.3205107127,0.217,57.0212287342,0.127,0.15
0627-199,2011,17,97.3490077753,0.107,-19.9888121307,0.133,0.167
0630+367,2011,1,98.3933826275,0.141,36.7138175991,0.194,0.086
0632-235,2011,4,98.7458374078,0.35,-23.5866548013,0.186,-0.079
0634+334,2011,1,99.4830852932,0.4,33.3684031867,0.415,0.083
0637-216,2011,1,99.8696903868,0.241,-21.6993902731,0.536,0.095
0637-337,2011,1,99.8371027277,0.696,-33.7666984512,1.149,0.738
0637-752,2011,8,98.943783435,1.153,-75.2713376669,0.156,-0.044
0639+352,2011,1,100.7422483839,0.138,35.1551052181,0.211,0.108
0641+392,2011,27,101.2237900187,0.171,39.2465372108,0.171,0.111
0642+449,2011,19,101.6334417761,0.137,44.8546084026,0.126,0.061
0646-306,2011,1,102.0587380214,6.308,-30.7387953851,2.2,-0.935
0648-165,2011,51,102.6024244137,0.065,-16.6277015196,0.056,0.027
0656+082,2011,71,104.824983449,0.161,8.2252648317,0.343,-0.217
0656-062,2011,1,104.7635504973,0.878,-6.352942749,1.212,0.02
0657+172,2011,23,105.0063563963,0.076,17.1560281628,0.1,-0.085
0700-197,2011,13,105.6787527785,0.187,-19.8561210352,0.202,0.068
0702+400,2011,1,106.4355095775,0.165,39.9755619714,0.225,-0.055
0707+476,2011,3,107.6921036263,0.329,47.536428492,0.196,0.126
0709-015,2011,1,107.9641619927,0.182,-1.6326102642,0.382,0.045
0714+457,2011,26,109.4660517582,0.177,45.6342391718,0.157,-0.089
0716+714,2011,67,110.4727019678,0.115,71.3434342972,0.039,0.001
0717-198,2011,1,109.8515554266,0.328,-19.9223608747,0.775,-0.474
0718+792,2011,21,111.5488968359,0.34,79.1919489308,0.057,0.01
0722+145,2011,2,111.3200323138,0.072,14.4204851536,0.086,0.151
0723+219,2011,9,111.559419723,0.201,21.8889206436,0.327,-0.392
0723-008,2011,3,111.4609986926,4.051,-0.9157062336,2.63,-0.944
0727-115,2011,100,112.5796352689,0.06,-11.6868335135,0.052,-0.022
0729+259,2011,9,113.2344802771,0.253,25.8107765672,0.329,0.054
0734-044,2011,1,114.1401138211,0.21,-4.553294668,0.47,-0.221
0736+017,2011,3,114.8251412317,0.163,1.6179493823,0.096,0.134
0738+491,2011,28,115.5114539652,0.12,49.0043357926,0.099,-0.096
0738-674,2011,1,114.7354012818,1.149,-67.597451559,1.103,0.068
0743+259,2011,9,116.607809091,0.169,25.8172595925,0.314,0.082
0743+277,2011,29,116.668467966,0.086,27.5830686545,0.087,-0.086
0743-006,2011,3,116.4753429965,0.155,-0.7382055441,0.248,0.186
0745+241,2011,2,117.1504553417,0.105,24.0066972113,0.118,0.169
0745-291,2011,1,116.9245395971,0.503,-29.3172437851,1.188,0.67
0747+104,2011,1,117.6369916841,0.218,10.3574357757,0.371,-0.504
0747+185,2011,8,117.5013747858,0.118,18.3865020175,0.186,0.123
0748+126,2011,47,117.7168571817,0.041,12.518007842,0.037,0.045
0749+540,2011,17,118.2557691102,0.101,53.8832325369,0.081,0.118
0755+117,2011,1,119.531907811,0.105,11.6127909746,0.23,-0.07
0759+183,2011,16,120.7001331866,0.165,18.1636803768,0.286,0.019
0800+618,2011,53,121.3257481628,0.113,61.7399168632,0.066,-0.043
0804+499,2011,13,122.1652762395,0.2,49.8434806423,0.143,-0.267
0805+046,2011,2,121.9897438681,0.129,4.5429254224,0.293,0.113
0805+410,2011,36,122.23605021,0.144,40.8791358449,0.154,0.312
0808+019,2011,63,122.8612804793,0.098,1.7811722636,0.137,-0.039
0811-179,2011,1,123.5329200492,0.269,-18.1072370293,0.592,0.326
0812+367,2011,3,123.8581036326,0.242,36.5875412668,0.225,-0.06
0814+425,2011,2,124.5666650738,0.056,42.3792819155,0.068,-0.294
0823+033,2011,27,126.459743166,0.148,3.1568111512,0.406,0.557
0826-373,2011,1,127.0199175115,0.705,-37.5184113031,1.661,0.77
0827+243,2011,4,127.7170257949,0.128,24.1832834418,0.134,-0.052
0829+089,2011,2,127.9795479296,0.228,8.7954588245,0.527,0.126
0830+687,2011,1,128.9483697092,1.245,68.5865250555,0.235,-0.358
0833+010,2011,1,129.0657969928,0.15,0.883334282,0.3,-0.215
0834-201,2011,2,129.1633969647,0.748,-20.2831966198,4.717,0.071
0847-120,2011,52,132.5401484133,0.191,-12.2264933788,0.164,0.023
0848+089,2011,1,132.8684384848,0.179,8.7542530723,0.377,0.152
0851+202,2011,111,133.7036455174,0.049,20.1085113741,0.046,0.063
0854-108,2011,7,134.1741839485,0.172,-11.0873418204,0.243,0.29
0858-313,2011,1,135.1845598598,0.221,-31.524605208,0.459,-0.102
0912+029,2011,76,138.6579726541,0.08,2.7664573407,0.087,0.062
0913+657,2011,1,139.4815345973,3.218,65.5042017033,1.382,0.383
0920+390,2011,36,140.810220572,0.135,38.8277528133,0.114,0.149
0920-397,2011,47,140.6934094669,0.278,-39.9930745167,0.494,-0.159
0923+392,2011,20,141.7625582194,0.125,39.0391254813,0.131,-0.17
0925-203,2011,74,141.965934652,0.143,-20.5808978961,0.132,-0.107
0932+075,2011,1,143.7544830838,0.188,7.3218360302,0.361,0.089
0943+105,2011,4,146.6461248044,0.16,10.2850374492,0.293,-0.2
0949+354,2011,1,148.1334425784,0.41,35.2145563605,0.729,-0.337
0949+510,2011,1,148.11378445,0.288,50.8140695734,0.242,0.119
0951+268,2011,3,148.6658188653,0.088,26.6568176348,0.171,-0.197
0953+254,2011,5,149.2078141443,0.254,25.2544583047,0.221,-0.187
0954+658,2011,4,149.6968546973,0.133,65.5652272095,0.07,0.058
0955+326,2011,3,149.5872901143,0.077,32.4006137943,0.11,-0.071
0955+476,2011,86,149.5819652571,0.09,47.4188451144,0.073,-0.04
0958+346,2011,4,150.2997884076,0.144,34.4140164474,0.133,0.457
1000+125,2011,1,150.7201884467,0.123,12.2707179963,0.25,0.186
1004-217,2011,4,151.6933902358,0.132,-21.98900285,0.309,-0.2
1004-500,2011,3,151.5583722096,1.812,-50.3037422127,0.716,0.873
1005-333,2011,1,151.8807811161,0.145,-33.5518657866,0.355,-0.086
1012+232,2011,3,153.6961060096,0.186,23.0212697119,0.232,0.418
1012-448,2011,2,153.7098125525,0.854,-45.144764823,1.156,0.454
1013+054,2011,9,154.0130686499,0.089,5.2173170725,0.095,0.077
1013+127,2011,1,153.9334310323,1.256,12.4519647717,4.218,0.935
1014+615,2011,3,154.3578647758,0.563,61.2743046045,0.171,-0.176
1015+057,2011,29,154.6160345021,0.092,5.5083227795,0.087,-0.014
1015+359,2011,37,154.5457837582,0.12,35.7109557646,0.174,0.093
1016-311,2011,1,154.6198063137,1.415,-31.3982919525,5.268,0.881
1022+194,2011,2,156.1867066204,0.196,19.2056709214,0.296,0.066
1022-665,2011,1,155.9313871843,4.523,-66.7801997781,1.717,0.753
1027-186,2011,7,157.3879070178,0.439,-18.8806357799,0.409,-0.64
1030+074,2011,2,158.3917679675,0.466,7.1905966202,0.628,0.44
1030+415,2011,2,158.2654494767,0.098,41.2683980809,0.078,0.105
1034-293,2011,64,159.3169989538,0.225,-29.5674481987,0.211,-0.23
1034-374,2011,4,159.2226654119,0.952,-37.7375186031,1.22,-0.736
1035-268,2011,1,159.4155318102,0.179,-27.0906890777,0.423,0.158
1038+528,2011,3,160.4449235141,0.319,52.5578421692,0.288,0.336
1039+811,2011,3,161.0960940822,0.604,80.9109563964,0.094,-0.039
1040+244,2011,28,160.7876490728,0.086,24.1431692961,0.101,0.003
1042+071,2011,2,161.2329635209,0.116,6.9272951975,0.204,0.175
1044+007,2011,1,161.778599989,0.2,0.4936342142,0.401,-0.058
1044+719,2011,14,162.1150828818,0.471,71.7266495764,0.153,-0.092
1045-188,2011,3,162.0275858751,0.097,-19.1599241927,0.172,-0.09
1048-313,2011,1,162.7699049812,5.734,-31.6373074359,1.822,-0.94
1049+215,2011,3,162.9532877307,0.187,21.3311982342,0.385,0.075
1053+704,2011,73,164.223406236,0.173,70.1960876533,0.065,-0.013
1053+815,2011,30,164.5480640908,0.36,81.2424097965,0.058,-0.037
1055+018,2011,4,164.6233549799,0.187,1.5663398859,0.175,0.126
1056+212,2011,2,164.9126778526,0.157,20.9560988839,0.292,-0.452
1057-797,2011,96,164.6804572529,0.591,-80.065044404,0.111,-0.04
1059+282,2011,6,165.5595352271,0.074,27.9524137459,0.11,-0.107
1100+122,2011,1,165.7647075413,0.143,11.9712847277,0.308,-0.564
1101+384,2011,9,166.1138081189,0.334,38.2088330961,0.312,-0.15
1104-445,2011,6,166.786225512,0.315,-44.8187831847,0.821,-0.697
1105-680,2011,1,166.8028958852,1.282,-68.3474248853,0.773,0.12
1111+149,2011,11,168.4945628846,0.258,14.7074868408,0.615,0.424
1115-306,2011,1,169.5858755428,0.501,-30.916257874,1.238,-0.03
1123+264,2011,3,171.4737996952,0.066,26.1722162633,0.073,0.215
1124-186,2011,89,171.7683018643,0.11,-18.9548449745,0.105,-0.008
1125+366,2011,1,171.9952952057,0.211,36.3412086063,0.26,-0.434
1126+109,2011,1,172.189790072,0.519,10.6519391609,0.648,0.23
1128+385,2011,30,172.7220108727,0.072,38.2551519677,0.07,0.03
1129-580,2011,1,172.930366515,0.746,-58.3148452828,0.927,0.138
1130+009,2011,2,173.3335657881,0.182,0.6813437492,0.325,0.198
1133-032,2011,9,174.1024038706,0.171,-3.5081935649,0.212,0.182
1143-245,2011,2,176.5337641761,3.283,-24.7924714111,1.152,-0.898
1143-332,2011,1,176.6185490286,0.192,-33.4785091605,0.463,-0.203
1143-696,2011,1,176.4734337237,1.755,-69.9004993026,1.467,0.464
1144+402,2011,44,176.7429079915,0.08,39.9761956685,0.074,-0.044
1144-379,2011,106,176.7557112809,0.128,-38.203062142,0.14,-0.079
1145+268,2011,18,176.9990162513,0.218,26.5950922998,0.27,-0.052
1145-071,2011,3,176.9648084852,0.379,-7.4114281268,0.436,-0.144
1146+531,2011,1,177.2357046494,0.222,52.9070339981,0.147,-0.157
1147+245,2011,4,177.5800507251,0.246,24.2982875739,0.26,0.306
1149-084,2011,61,178.0717062896,0.104,-8.6842538752,0.106,-0.079
1151+126,2011,1,178.5433639323,0.341,12.4193758785,0.523,-0.349
1156+295,2011,55,179.8826413132,0.047,29.2455074874,0.042,-0.04
1156-663,2011,1,179.8262728027,2.647,-66.5942851308,2.269,0.676
1158+007,2011,1,180.346878195,0.106,0.4745322621,0.241,-0.173
1212+171,2011,8,183.7665797521,0.317,16.9105435211,0.24,0.332
1213-172,2011,2,183.9447989843,0.43,-17.529278619,1.674,0.308
1215+303,2011,2,184.4670082052,0.361,30.1168434175,0.81,0.525
1215-002,2011,1,184.4947043684,0.106,-0.4961943951,0.232,-0.089
1219+044,2011,1,185.5939567597,0.066,4.2210489561,0.143,0.094
1221+809,2011,3,185.918723848,0.734,80.6678723755,0.107,0.345
1226+373,2011,19,187.1975986424,0.11,37.1033599583,0.117,0.043
1228+126,2011,92,187.7059307358,0.101,12.3911232554,0.102,0.005
1236+077,2011,2,189.8524513383,0.111,7.5047747018,0.175,0.329
1240+381,2011,3,190.7140376825,0.272,37.8500070973,0.246,-0.011
1243-072,2011,2,191.5176346271,4.058,-7.512937807,1.975,-0.963
1243-160,2011,7,191.473926185,0.561,-16.2793626461,0.363,0.658
1244-255,2011,9,191.695008495,0.169,-25.7970247684,0.239,-0.007
1251-713,2011,3,193.74967284,2.322,-71.6384546648,1.084,0.367
1252+119,2011,2,193.6593984664,0.263,11.6849709468,0.418,-0.064
1255-177,2011,5,194.6595904483,0.136,-18.0008680074,0.257,0.311
1255-316,2011,28,194.4960868275,0.374,-31.9213476259,0.309,0.479
1300+580,2011,63,195.7186053559,0.114,57.8104470507,0.071,0.036
1306+360,2011,7,197.0987883865,0.202,35.7769903482,0.303,0.036
1306-395,2011,1,197.4520346815,0.241,-39.8091906001,0.592,-0.194
1307+010,2011,1,197.618768008,0.296,0.7358012756,0.533,-0.468
1308+326,2011,3,197.6194326831,0.165,32.345495183,0.137,0.075
1308+328,2011,42,197.7475113635,0.079,32.5595693375,0.07,-0.013
1308+554,2011,4,197.7633783329,0.106,55.2317562845,0.09,-0.243
1313-333,2011,4,199.0332746974,0.157,-33.6497701776,0.17,-0.168
1324+224,2011,82,201.7535887946,0.054,22.1806007732,0.053,-0.019
1325-558,2011,2,202.2547701967,1.724,-56.1340740552,0.674,0.664
1334-127,2011,44,204.4157615871,0.1,-12.9568592843,0.099,-0.218
1342+662,2011,27,205.9414983561,0.17,66.0404847918,0.074,-0.001
1342+663,2011,3,206.0361649983,0.304,66.1032343785,0.098,0.072
1348+308,2011,8,207.7197343029,0.195,30.581552983,0.249,0.085
1349-439,2011,3,208.2355620342,0.398,-44.2112188024,0.29,-0.366
1351-018,2011,63,208.5287305511,0.138,-2.1008862376,0.397,0.169
1352-104,2011,22,208.6938278525,0.208,-10.6840711685,0.202,0.439
1352-632,2011,1,208.9442155706,5.194,-63.4451590036,3.12,-0.201
1354-152,2011,14,209.2968541054,0.292,-15.4579963467,0.309,0.346
1357+769,2011,51,209.4807147109,0.333,76.7225141453,0.08,0.0
1404+286,2011,7,211.7516432766,0.444,28.4540805836,0.513,-0.376
1406-076,2011,2,212.235338263,0.212,-7.8740741059,0.157,0.312
1406-267,2011,20,212.4590407865,0.308,-26.9602722917,0.298,0.093
1412-097,2011,1,213.8368080047,0.14,-9.9328696065,0.32,-0.047
1412-279,2011,1,213.7686925483,0.149,-28.1651198281,0.356,-0.08
1417+172,2011,1,215.0870464392,0.131,17.0581041762,0.206,-0.123
1417+385,2011,49,214.9442240292,0.086,38.3634652905,0.073,0.02
1418+546,2011,40,214.9441558174,0.25,54.3874408551,0.165,-0.167
1420-679,2011,1,216.2314928509,21.073,-68.1328042469,7.901,0.765
1423+146,2011,3,216.4542417286,0.061,14.41580605,0.154,-0.278
1424+366,2011,9,216.6545312196,0.15,36.4193259789,0.157,0.437
1424-418,2011,83,216.9845731986,0.171,-42.105399361,0.156,-0.143
1428+370,2011,1,217.6690986978,0.072,36.8177468832,0.08,-0.039
1432+200,2011,9,218.6658057027,0.078,19.866871044,0.11,0.092
1441+252,2011,8,220.9870506732,0.216,25.0290252568,0.277,-0.227
1443-162,2011,1,221.4724012164,0.082,-16.4837830315,0.155,0.042
1448-648,2011,1,223.1653314287,12.375,-65.0342867659,3.609,0.258
1451+094,2011,1,223.4988837855,0.127,9.2620357377,0.253,-0.128
1451-375,2011,15,223.6142072908,0.329,-37.7925402378,0.294,0.621
1456+044,2011,13,224.747317572,0.199,4.2705056593,0.312,0.085
1459+480,2011,3,225.2027258925,0.333,47.8543161221,0.214,-0.149
1502+036,2011,30,226.2769881703,0.16,3.4418923907,0.176,0.087
1502+106,2011,2,226.1040823791,0.167,10.4942218156,0.244,0.242
1504+377,2011,3,226.5397081834,0.26,37.5142035238,0.274,0.342
1505-304,2011,1,227.220804806,1.139,-30.6081745199,1.633,-0.192
1508+572,2011,5,227.5121766199,0.214,57.0453822709,0.15,0.284
1508-111,2011,1,227.6851401123,0.449,-11.3610284026,0.962,-0.387
1510-089,2011,2,228.2105538547,0.236,-9.0999526476,0.555,-0.424
1511-100,2011,2,228.4370561182,0.601,-10.2000735203,0.24,0.285
1514+197,2011,2,229.2366506503,0.183,19.5369422544,0.241,0.127
1514-241,2011,1,229.4242217575,1.475,-24.3720762869,2.744,0.877
1519-273,2011,44,230.6569833184,0.274,-27.5029959932,0.197,0.087
1520+319,2011,57,230.5416322065,0.114,31.7373283257,0.096,0.003
1520+437,2011,43,230.4567245109,0.193,43.610907818,0.171,0.055
1546+027,2011,48,237.3726535363,0.051,2.6169897952,0.055,-0.003
1548+056,2011,3,237.6469551605,0.147,5.4529022903,0.249,0.01
1549-790,2011,1,239.2452935381,4.389,-79.2345221229,2.155,0.107
1550-242,2011,4,238.3817825442,0.177,-24.368343346,0.311,-0.181
1551-416,2011,1,238.8254911632,0.814,-41.8421396816,2.746,0.55
1555+001,2011,11,239.4643082272,0.219,-0.0306704711,0.301,0.116
1556-245,2011,1,239.92253819,3.14,-24.7107868807,1.14,-0.887
1557+032,2011,3,239.879052605,0.125,3.0800713548,0.214,0.55
1557-053,2011,1,239.9568426235,0.144,-5.5229351566,0.288,0.2
1558+595,2011,1,239.7570914602,0.442,59.4060650626,0.394,-0.108
1601+112,2011,10,240.9247135715,0.146,11.0968553302,0.15,0.282
1602-115,2011,18,241.3230485739,0.158,-11.6574530641,0.283,0.478
1604-333,2011,1,241.8948432107,1.543,-33.5191427069,0.721,0.187
1606+106,2011,18,242.1925132818,0.166,10.4854932437,0.215,-0.09
1608+243,2011,3,242.6751115963,0.263,24.2469476017,0.498,-0.604
1610-771,2011,4,244.4553193334,4.174,-77.2884632614,1.37,-0.011
1611+343,2011,13,243.4211010193,0.181,34.2133081108,0.203,-0.239
1611-710,2011,1,244.1276763255,10.244,-71.142071065,2.622,0.725
1614+051,2011,3,244.1564867166,0.189,4.9924268403,0.271,-0.082
1614-195,2011,1,244.3628877943,0.199,-19.6922263209,0.432,0.01
1615+029,2011,6,244.4579505378,0.173,2.7786401512,0.301,0.619
1616+063,2011,10,244.7653653314,0.403,6.2172896838,0.256,-0.247
1617+229,2011,37,244.8117691412,0.114,22.7966252926,0.147,-0.082
1619-680,2011,4,246.076820609,1.322,-68.1534712057,0.205,-0.47
1622-253,2011,73,246.4453818488,0.101,-25.4606463595,0.091,0.042
1623+578,2011,24,246.1033648625,0.187,57.6878557931,0.123,-0.005
1624-617,2011,5,247.2278743768,1.49,-61.8767770673,0.767,0.549
1626-172,2011,1,247.3198712973,0.172,-17.3452108988,0.391,-0.126
1636+473,2011,22,249.4380439903,0.103,47.2927308528,0.098,-0.051
1637+574,2011,4,249.5560679601,0.32,57.3399942157,0.223,0.035
1637+826,2011,14,248.1332078761,1.111,82.5378888629,0.115,-0.221
1638+398,2011,38,250.1234698647,0.093,39.7794523634,0.082,-0.019
1639+230,2011,42,250.3551148528,0.093,22.9511202877,0.101,0.018
1639-062,2011,52,250.5090738456,0.074,-6.3565819457,0.064,0.059
1641+399,2011,7,250.7450419585,1.273,39.810275923,0.613,0.011
1642+690,2011,4,250.5327021229,0.359,68.9443767476,0.11,0.028
1642-076,2011,1,251.2169103833,0.224,-7.7286606125,0.495,-0.632
1651+391,2011,27,253.2437899363,0.073,39.0471728289,0.069,-0.028
1652+398,2011,2,253.4675695601,0.118,39.7601691935,0.163,-0.416
1656-075,2011,14,254.6835915599,0.27,-7.6549151463,0.357,0.01
1657-261,2011,13,255.2214752896,0.245,-26.1810349113,0.264,0.448
1657-562,2011,1,255.4369087744,3.705,-56.3655270678,6.587,-0.934
1659+399,2011,5,255.3526450764,0.229,39.910303199,0.243,-0.016
1659-621,2011,2,255.9022549009,0.841,-62.2111136097,0.971,0.597
1705+018,2011,35,256.8933969706,0.081,1.8126942689,0.079,0.195
1706-174,2011,6,257.3931058645,0.19,-17.4814902579,0.378,-0.213
1717+178,2011,3,259.8043686824,0.125,17.7517880889,0.151,0.129
1718-084,2011,1,260.2486917007,0.319,-8.538144514,0.666,-0.176
1718-259,2011,1,260.4832463255,0.418,-25.9779700153,0.776,-0.007
1722+330,2011,4,261.0591575892,0.103,33.0510941943,0.157,-0.406
1725+123,2011,4,262.029380095,0.361,12.2609682635,0.852,0.205
1726+455,2011,23,261.8652116891,0.08,45.5110364706,0.069,-0.019
1732+389,2011,13,263.585743901,0.092,38.9642897481,0.093,0.161
1734+065,2011,1,264.1190987528,0.21,6.5298686243,0.38,-0.621
1736+324,2011,2,264.6687576243,0.172,32.4025071154,0.233,-0.377
1738+476,2011,3,264.988037853,0.102,47.6328782472,0.094,0.255
1738+499,2011,4,264.8641270843,0.223,49.9176023282,0.182,0.306
1739+522,2011,17,265.1540743946,0.228,52.195390871,0.204,-0.051
1741-038,2011,115,265.9952339019,0.077,-3.834615746,0.071,-0.009
1743+173,2011,3,266.3967007252,0.305,17.3337287059,0.245,0.404
1746+470,2011,4,266.8610302848,0.11,46.9808128583,0.096,0.001
1749+096,2011,57,267.8867440444,0.07,9.6502023461,0.093,-0.006
1750-187,2011,1,268.2878693311,0.138,-18.7273672367,0.338,0.04
1751+288,2011,4,268.4269735064,0.079,28.8013718773,0.099,0.068
1754+155,2011,58,269.2212589204,0.123,15.5891184764,0.116,0.141
1758+388,2011,16,270.1031889864,0.123,38.8085270839,0.117,-0.055
1758-651,2011,2,270.8479028031,1.082,-65.1268778943,1.3,0.271
1759-396,2011,71,270.6778335713,0.374,-39.6688633969,0.304,-0.039
1800+440,2011,7,270.384645105,0.139,44.0727501202,0.141,0.13
1801+036,2011,1,270.9845105212,0.106,3.6854466438,0.208,0.065
1803+784,2011,68,270.1903495701,0.172,78.4677828901,0.034,0.015
1806+456,2011,44,272.0911911928,0.117,45.705796252,0.111,0.025
1806-458,2011,2,272.4911324842,0.614,-45.878059249,1.454,-0.367
1807+698,2011,45,271.7111693721,0.152,69.8244745807,0.052,0.046
1813+163,2011,1,273.8118936993,0.221,16.3961932914,0.386,-0.608
1815-553,2011,4,274.9391644757,3.003,-55.3557625009,1.561,-0.86
1823+568,2011,4,276.0294515311,0.186,56.8504141387,0.105,0.018
1823+689,2011,12,275.8868911599,0.5,68.9646145962,0.239,0.103
1824-582,2011,1,277.3016776256,1.594,-58.2319883948,1.746,0.554
1831-711,2011,3,279.3696462813,2.607,-71.1454316627,2.264,0.52
1842+681,2011,3,280.6401736791,0.455,68.1570077321,0.176,0.026
1842-220,2011,1,281.4162619368,0.211,-22.0101611131,0.542,-0.195
1846+322,2011,69,282.0920357538,0.119,32.3173899559,0.114,-0.017
1849+670,2011,4,282.3169679093,0.243,67.0949112103,0.111,0.106
1853+027,2011,1,283.8976519013,0.685,2.8554339999,1.1,0.089
1855+031,2011,1,284.5098034506,1.082,3.2211939908,1.441,-0.399
1855-252,2011,1,284.5794908514,0.17,-25.1807541623,0.394,-0.029
1858-255,2011,1,285.3838599009,0.219,-25.4706191323,0.561,-0.261
1908-201,2011,48,287.7902204187,0.163,-20.1153080911,0.372,0.117
1909+161,2011,54,287.992739171,0.091,16.1963514898,0.107,0.059
1920-211,2011,17,290.8841241918,0.181,-21.0759258143,0.15,-0.041
1921-293,2011,57,291.2127331183,0.292,-29.2417002331,0.283,0.491
1923+210,2011,45,291.4983556936,0.167,21.1072672687,0.155,0.059
1925-610,2011,1,292.5256669318,2.92,-60.9358834167,5.148,0.806
1928+738,2011,1,291.9520632542,0.248,73.9671029306,0.09,0.209
1929+226,2011,5,292.853819891,0.073,22.7253496066,0.123,-0.182
1933-400,2011,4,294.3175722251,0.652,-39.9670981397,1.278,-0.22
1934-065,2011,1,294.3333013211,0.219,-6.4578012443,0.479,-0.01
1935-692,2011,4,295.1063671861,1.052,-69.1324921017,0.397,0.225
1936-155,2011,3,294.8610738541,0.499,-15.4286263057,1.536,-0.285
1945-325,2011,1,297.1052052772,0.3,-32.468457372,0.687,0.011
1954+513,2011,3,298.9280758209,0.089,51.5301517911,0.074,-0.069
1954-388,2011,84,299.4992470057,0.16,-38.7517655275,0.141,-0.131
1958-179,2011,13,300.237876845,0.097,-17.8160201692,0.194,0.464
2000+148,2011,5,300.6749968125,0.114,15.0207150448,0.211,-0.229
2000+472,2011,37,300.5434093656,0.1,47.4246593838,0.075,-0.012
2000-330,2011,1,300.8504847177,1.259,-32.8625392707,6.156,0.698
2002-375,2011,2,301.4794611841,1.651,-37.3948551497,0.511,0.536
2005-489,2011,3,302.355795872,2.252,-48.8315890585,0.855,0.318
2007+073,2011,1,302.4812809293,0.12,7.4537964209,0.349,0.194
2008-159,2011,91,302.815462194,0.121,-15.7778482547,0.11,0.11
2013+163,2011,16,304.0577501522,0.143,16.5428091903,0.2,0.079
2016-053,2011,1,304.7406662975,0.132,-5.1581593512,0.286,-0.069
2022+274,2011,1,306.2134633261,0.311,27.6004716054,0.363,-0.592
2029+121,2011,2,307.9791427596,0.225,12.3281501566,0.248,0.067
2036-034,2011,1,309.7916036966,0.163,-3.2873380416,0.429,-0.054
2037+511,2011,94,309.65431137,0.078,51.3201840567,0.059,0.019
2037-253,2011,1,310.0365531494,3.389,-25.1296287537,0.994,-0.793
2052-474,2011,74,314.0681658975,0.361,-47.2465632435,0.262,-0.345
2059+034,2011,92,315.4118089883,0.095,3.6920335749,0.089,0.13
2059+560,2011,1,315.229059707,0.345,56.2101824888,0.159,-0.089
2106+143,2011,2,317.1709673685,0.669,14.5075036316,0.303,0.548
2106-413,2011,1,317.3882860747,2.234,-41.1723941111,8.548,-0.664
2107-105,2011,1,317.5040805705,3.622,-10.349255623,1.649,0.603
2113+293,2011,96,318.8725560366,0.102,29.5606575138,0.149,0.101
2116-068,2011,1,319.680175653,0.176,-6.6049995415,0.401,-0.172
2117-614,2011,1,320.2669744052,1.972,-61.1901719196,1.592,-0.308
2121+053,2011,16,320.9354891358,0.161,5.5894702593,0.277,0.137
2123-463,2011,3,321.6279347065,0.468,-46.0966367153,1.123,-0.088
2126-158,2011,2,322.3007315644,11.503,-15.644733602,6.056,-0.416
2127-096,2011,21,322.5795343869,0.176,-9.4603986491,0.234,0.497
2128-123,2011,10,322.8969240879,0.294,-12.1179987012,0.946,0.392
2131+145,2011,1,323.405788628,0.279,14.7295733616,0.473,-0.463
2131-021,2011,3,323.5429566041,0.564,-1.8881218914,0.365,-0.188
2134+004,2011,11,324.1607763629,0.732,0.6983922546,0.589,0.001
2136+141,2011,20,324.755455285,0.092,14.3933311771,0.142,-0.106
2141+175,2011,40,325.8981023253,0.055,17.73021881,0.047,0.049
2142+110,2011,4,326.3282294245,0.094,11.2575868024,0.164,0.675
2142-758,2011,3,326.8030443199,1.128,-75.6036736331,0.185,0.157
2143-156,2011,26,326.5957472097,0.133,-15.4288570809,0.199,0.295
2144+092,2011,9,326.7923455957,0.147,9.4962978051,0.205,0.157
2145+067,2011,18,327.0227443978,0.179,6.9607234101,0.138,-0.189
2146-783,2011,1,328.0131451578,3.676,-78.1185108098,2.189,0.056
2149+056,2011,36,327.9078145453,0.168,5.8702651895,0.397,0.02
2149-307,2011,1,327.9813501883,0.86,-30.4649156246,2.77,0.859
2150+173,2011,3,328.1034141549,0.063,17.5771652497,0.132,-0.199
2151-118,2011,2,328.4593426838,0.15,-11.6039197484,0.349,0.357
2155+312,2011,17,329.3700995179,0.115,31.4503754889,0.126,0.141
2201+315,2011,11,330.812399045,1.64,31.7606304738,1.435,0.069
2204-540,2011,3,331.9322220261,0.748,-53.7760607686,1.084,0.658
2205+166,2011,2,331.9702736736,0.442,16.8716154888,0.926,0.565
2208-137,2011,9,332.8504144044,0.28,-13.4693677609,0.358,0.254
2209+236,2011,14,333.0248596173,0.113,23.927928877,0.137,0.044
2210-257,2011,1,333.2604078236,0.856,-25.4916894451,1.972,0.821
2214+350,2011,63,334.0833745465,0.097,35.3039389463,0.09,0.06
2215+020,2011,2,334.4509913567,0.093,2.3363089557,0.183,0.255
2215+150,2011,9,334.545474594,0.067,15.3432548409,0.071,0.104
2216+178,2011,2,334.8087187895,0.387,18.1098836072,0.834,0.621
2217+214,2011,1,334.9105066813,0.148,21.6868222251,0.263,0.015
2220-351,2011,2,335.7747110286,1.264,-34.9297715471,0.446,0.573
2222+600,2011,1,336.1542715315,3.939,60.2709990326,2.848,0.301
2223-052,2011,46,336.4469137212,0.115,-4.9503862577,0.111,-0.162
2224-308,2011,1,336.9508600977,4.45,-30.5556250966,8.133,-0.97
2227-088,2011,36,337.4170180398,0.063,-8.5484543077,0.049,0.031
2229+695,2011,65,337.6519572077,0.166,69.7744658093,0.056,0.008
2232-488,2011,2,338.805153233,0.996,-48.5996644796,0.533,0.77
2234+282,2011,9,339.0936285063,0.296,28.4826148142,0.339,0.01
2236-221,2011,1,339.8488203193,0.24,-21.8876220291,0.548,0.211
2236-572,2011,3,339.8003161191,0.507,-57.016899863,0.485,0.071
2243+047,2011,5,341.4735587678,0.226,5.015822937,0.271,0.095
2243-123,2011,11,341.5759665075,0.11,-12.1142437749,0.153,0.105
2244-372,2011,2,341.7663223532,0.548,-36.9628619173,1.412,0.026
2245-128,2011,1,341.9693376485,0.096,-12.6221449622,0.228,-0.017
2245-328,2011,3,342.161190601,0.217,-32.5978300786,0.433,-0.275
2251+158,2011,10,343.490616583,0.607,16.148211439,0.5,-0.01
2254+074,2011,3,344.3220962885,0.25,7.7200841972,0.652,0.708
2255-282,2011,109,344.5248453218,0.214,-27.9725712704,0.218,0.766
2300-683,2011,50,345.9315190526,0.529,-68.1270674653,0.217,-0.035
2307+106,2011,25,347.6188238785,0.144,10.9251935628,0.236,-0.11
2309+454,2011,26,347.9475374336,0.216,45.7322268283,0.206,0.129
2318+049,2011,25,350.186902451,0.158,5.2305423839,0.162,0.086
2318-087,2011,1,350.3260428618,0.922,-8.4559779413,2.334,0.277
2319+317,2011,60,350.4789832773,0.114,32.0687840621,0.12,-0.02
2319+444,2011,13,350.5848253246,0.099,44.761764948,0.108,0.246
2320-035,2011,2,350.8831398077,4.503,-3.2847285839,2.269,-0.951
2321-065,2011,1,350.9129737203,1.028,-6.2997886441,3.207,0.308
2321-215,2011,1,351.1169014627,0.309,-21.3168040841,0.679,0.25
2325-150,2011,1,351.9498517368,5.403,-14.798818693,9.644,0.979
2326-477,2011,4,352.3237682751,0.946,-47.5053097331,1.106,-0.124
2329-162,2011,1,352.9110518935,3.146,-15.9491693673,1.389,-0.934
2333-415,2011,3,354.1416047603,0.579,-41.2561067733,1.072,-0.392
2333-528,2011,1,354.0505983169,5.757,-52.6060958699,4.27,-0.595
2335-027,2011,27,354.4889127777,0.135,-2.5160081588,0.189,0.09
2337-123,2011,1,354.946010644,0.128,-12.1127302965,0.288,-0.103
2338+000,2011,1,355.2787911699,0.363,0.3092600147,0.563,0.39
2338-295,2011,1,355.374009911,0.252,-29.320843881,0.57,0.152
2351-154,2011,3,358.6258131569,0.127,-15.2197813467,0.31,-0.392
2355-106,2011,59,359.5453433327,0.184,-10.3357253823,0.137,0.106
2355-534,2011,4,359.4719419081,0.495,-53.1871359889,0.344,0.149
2356+385,2011,54,359.8882533295,0.127,38.8450884051,0.134,-0.082
2357-318,2011,15,359.8978813937,0.278,-31.562173548,0.432,-0.159
2358+189,2011,5,0.2859231729,0.321,19.2427227029,0.645,0.479
