iers_name,year,num_ses,ra,ra_err,dec,dec_err,ra_dec_corr
0002+541,2013,1,1.2681808024,0.372,54.4735901687,0.186,0.198
0003-066,2013,45,1.5578871064,0.181,-6.3931485614,0.306,0.167
0008-264,2013,6,2.7551947495,0.226,-26.2092714017,0.213,-0.216
0010+405,2013,5,3.3797091277,0.193,40.8603178451,0.189,-0.493
0013-005,2013,5,4.0462022718,0.247,-0.2534571332,0.349,0.048
0014+813,2013,1,4.2853122469,0.45,81.585593413,0.081,-0.263
0016+731,2013,43,4.9407764956,0.157,73.4583382557,0.046,-0.05
0017+200,2013,20,4.9077270667,0.134,20.3626790807,0.101,-0.026
0019+058,2013,14,5.6351717145,0.305,6.1345191284,0.435,0.177
0025+197,2013,6,7.1242436641,0.089,20.0074289274,0.141,-0.025
0035+413,2013,3,9.6035149523,0.199,41.6183334671,0.215,0.465
0035-252,2013,15,9.5613979217,0.128,-24.9839542247,0.268,0.25
0038-020,2013,1,10.2400483339,0.136,-1.7755630506,0.335,-0.352
0046+511,2013,2,12.4082967733,0.182,51.4704700637,0.193,-0.038
0047+023,2013,2,12.4301497183,0.119,2.6177163201,0.281,-0.023
0048-097,2013,42,12.672155764,0.146,-9.4847806416,0.207,0.235
0048-427,2013,8,12.7895909698,0.296,-42.4425813692,0.442,-0.002
0051+291,2013,1,13.4346810786,0.184,29.4186389377,0.204,-0.299
0054+161,2013,22,14.2303930311,0.171,16.4203725301,0.2,-0.06
0055-059,2013,16,14.521109603,0.199,-5.6645217562,0.451,0.037
0059+581,2013,92,15.6906765418,0.085,58.4030935239,0.047,-0.045
0104-408,2013,42,16.6879498856,0.231,-40.5722112358,0.363,0.032
0106+013,2013,12,17.161546236,0.236,1.5834214248,0.113,0.264
0106+315,2013,1,17.3661964691,0.151,31.8322357177,0.211,0.18
0107-610,2013,3,17.3144800312,0.565,-60.8301278079,0.5,-0.209
0109+224,2013,2,18.0242696639,0.124,22.7441073388,0.215,0.191
0110+495,2013,7,18.3625283143,0.155,49.8066787008,0.137,-0.096
0111+021,2013,6,18.4297706228,0.35,2.371476797,0.227,0.018
0114-211,2013,1,19.2141860562,4.949,-20.8685778193,8.41,-0.646
0115-214,2013,44,19.4532505707,0.244,-21.1851758743,0.245,0.003
0116-219,2013,3,19.738592383,0.158,-21.6917056441,0.268,0.654
0119+041,2013,31,20.4869236981,0.238,4.3735373943,0.52,0.054
0119+115,2013,65,20.42331268,0.114,11.8306705169,0.233,0.118
0123+257,2013,7,21.6783026525,0.529,25.9836945151,1.382,0.5
0123+731,2013,1,21.7696508251,1.776,73.3868542182,0.48,-0.526
0131-522,2013,15,23.274010406,0.313,-52.0010959781,0.244,0.065
0133+476,2013,69,24.24414502,0.096,47.8580834021,0.077,-0.247
0134+311,2013,29,24.2863901552,0.132,31.3766265524,0.197,0.327
0136-059,2013,1,24.7160468735,0.206,-5.6689561582,0.472,0.121
0137+012,2013,4,24.9887740612,0.237,1.5294830433,0.397,-0.325
0138-097,2013,2,25.3576340734,0.211,-9.4787983915,0.411,-0.646
0144+584,2013,1,26.9439200111,0.546,58.6791587135,0.225,0.03
0146+056,2013,7,27.3432119937,0.324,5.9315469153,0.899,0.388
0148-177,2013,1,27.7753472965,0.131,-17.5457550676,0.314,-0.229
0149+218,2013,9,28.0752460112,0.433,22.118805556,0.334,0.424
0151+474,2013,7,28.7345411335,0.212,47.7240387792,0.207,0.042
0159+723,2013,5,30.8891038769,0.612,72.5482409405,0.174,-0.096
0201+113,2013,22,30.9444044034,0.156,11.5792804869,0.306,-0.068
0202+149,2013,9,31.2100578456,0.198,15.2364010198,0.196,-0.139
0202+319,2013,24,31.2705223397,0.065,32.2083598884,0.057,0.002
0203+625,2013,1,31.7625700806,0.428,62.7700187971,0.152,0.399
0206+136,2013,2,32.3999930005,0.168,13.8668755852,0.26,-0.353
0206-625,2013,1,32.0048796977,2.889,-62.2765370336,1.55,0.191
0208-512,2013,15,32.6925017274,0.231,-51.0171922378,0.187,0.361
0211+171,2013,2,33.6871368351,0.352,17.3804201898,0.612,-0.611
0212+735,2013,5,34.3783890062,0.391,73.8257282096,0.103,-0.113
0212-620,2013,1,33.5675174449,1.771,-61.8260164349,0.838,0.169
0215+015,2013,39,34.4539781087,0.127,1.7471386126,0.143,-0.021
0218+095,2013,1,35.2241760321,1.289,9.7597713046,2.463,-0.507
0220-349,2013,7,35.7350069073,0.181,-34.6913138601,0.298,0.242
0221+067,2013,8,36.1184507814,0.139,6.9898171338,0.234,-0.243
0229+131,2013,49,37.9412253011,0.114,13.3818656974,0.122,0.003
0230-790,2013,12,37.3956109744,0.406,-78.796000503,0.081,-0.054
0234+285,2013,14,39.4683569677,0.142,28.8024972594,0.103,0.031
0234-301,2013,1,39.1298725637,0.158,-29.8987613278,0.412,-0.213
0235+164,2013,14,39.6622087323,0.221,16.6164652046,0.207,0.28
0235-618,2013,3,39.2218572167,0.529,-61.6042175987,0.261,0.375
0237+040,2013,4,39.9635960631,0.143,4.2726143534,0.289,-0.111
0237-027,2013,22,39.9394677931,0.127,-2.5780317858,0.166,0.252
0238-084,2013,2,40.2699936363,0.424,-8.2557645064,1.219,-0.049
0239+108,2013,6,40.6215452249,0.183,11.0168687859,0.59,0.088
0239+175,2013,1,40.6011177556,0.12,17.7163470211,0.281,-0.386
0241+622,2013,5,41.2404026611,1.373,62.468476628,0.452,-0.294
0255+288,2013,1,44.7299215434,0.282,29.0004465862,0.391,-0.356
0256-005,2013,18,44.8688173171,0.224,-0.3333264719,0.31,0.185
0300+470,2013,9,45.8968425618,0.123,47.2711876686,0.095,0.107
0302+625,2013,2,46.6777480277,0.404,62.7172289096,0.169,-0.335
0302-623,2013,11,45.960964122,0.626,-62.1904304859,0.248,-0.298
0306+102,2013,4,47.2650978901,0.308,10.4878724876,0.26,0.558
0306+274,2013,1,47.3420698464,0.175,27.6484334575,0.308,-0.066
0307+380,2013,18,47.7078330128,0.135,38.2482883191,0.133,-0.012
0308-611,2013,75,47.4837464383,0.258,-60.977515625,0.165,0.206
0309+411,2013,3,48.2581755135,0.169,41.3336619948,0.196,0.083
0312+100,2013,4,48.8380825232,0.325,10.2119677816,0.281,0.085
0316+413,2013,2,49.9506673111,7.025,41.5116968985,9.302,-0.376
0316-444,2013,2,49.4903311582,0.855,-44.2381012392,1.804,-0.61
0319+396,2013,2,50.7159584767,0.254,39.8006276905,0.324,0.111
0322+222,2013,83,51.4033931193,0.112,22.400101582,0.115,0.011
0322-294,2013,1,51.1845648478,2.961,-29.3058945993,1.589,-0.395
0324-379,2013,1,51.5125021682,0.436,-37.769217436,1.235,0.343
0325+395,2013,3,52.2096336521,0.168,39.6790462455,0.151,-0.024
0327+467,2013,2,52.6359474298,0.331,46.9398036384,0.255,0.149
0332+078,2013,5,53.7221528848,0.26,8.0040052617,0.519,0.247
0332-403,2013,88,53.5568937011,0.148,-40.1403883066,0.154,0.083
0334-546,2013,3,53.9746867739,0.342,-54.5069763825,0.299,0.322
0336+539,2013,1,55.0270388703,2.227,54.0941020353,1.08,0.432
0336-019,2013,81,54.8789074759,0.123,-1.7766122288,0.119,0.192
0338-214,2013,14,55.1483660333,0.267,-21.3253255076,0.498,0.142
0340+362,2013,11,55.8706351035,0.138,36.370119418,0.166,0.068
0342+147,2013,2,56.2767355181,0.814,14.8970992759,0.762,-0.892
0342+538,2013,1,56.6437671742,0.232,54.0164192197,0.131,-0.285
0345+460,2013,24,57.3280898453,0.158,46.1665716511,0.141,-0.212
0346-279,2013,32,57.1589356787,0.304,-27.8204349112,0.257,-0.289
0347-211,2013,6,57.4909444107,0.577,-21.0465951122,0.396,0.185
0352+605,2013,1,59.1049951285,0.414,60.7327719299,0.137,-0.06
0355+508,2013,17,59.8739470294,0.862,50.9639339199,0.468,-0.049
0356-033,2013,1,59.8467059661,1.193,-3.1761174179,2.817,-0.359
0358+210,2013,2,60.4381920107,0.189,21.1746075392,0.272,0.174
0400+258,2013,7,60.7732752863,0.401,26.0004174396,1.038,0.064
0400-319,2013,13,60.5886083102,0.246,-31.7905404237,0.468,-0.24
0402-362,2013,22,60.9739579216,0.128,-36.0838647919,0.234,0.367
0403-132,2013,8,61.3916807901,0.247,-13.1371362851,0.199,-0.644
0405-123,2013,7,61.9517957875,0.179,-12.1935164986,0.526,0.497
0405-385,2013,25,61.7459806192,0.17,-38.4411227617,0.286,0.211
0406-127,2013,4,62.2740406119,0.229,-12.6467064039,1.172,0.715
0410+110,2013,4,63.4180875276,0.182,11.2041072163,0.317,-0.326
0414-189,2013,15,64.1522685507,0.183,-18.8523167129,0.47,0.13
0415+398,2013,12,64.8439563053,0.232,39.9247160076,0.187,0.07
0420+022,2013,26,65.7175610528,0.131,2.3241474179,0.195,0.06
0420-014,2013,53,65.8158363366,0.086,-1.3425182109,0.08,0.041
0422+004,2013,16,66.1951752663,0.172,0.6017581428,0.224,0.167
0422-380,2013,9,66.1760154215,0.2,-37.9391067471,0.312,0.198
0426+273,2013,5,67.4706698898,0.124,27.4105211477,0.163,-0.082
0430+052,2013,7,68.2962315087,0.241,5.3543386955,0.44,0.307
0430+289,2013,3,68.4076244397,0.243,29.0987437204,0.254,0.085
0434-188,2013,6,69.2561780683,0.687,-18.7468365172,3.678,-0.603
0436-129,2013,2,69.6459208447,0.105,-12.8509329718,0.31,-0.213
0437-454,2013,7,69.7535611263,0.209,-45.3729341923,0.198,0.266
0438+785,2013,1,71.442970317,9.832,78.6494916154,3.255,0.707
0438-436,2013,1,70.0715828251,1.482,-43.5523896914,0.794,-0.296
0440+345,2013,5,70.8818133104,0.187,34.6851844468,0.19,-0.112
0440-003,2013,7,70.6610862498,0.171,-0.2953948387,0.543,0.237
0442+389,2013,4,71.5478918011,0.276,39.0047500472,0.421,0.282
0446+112,2013,50,72.2819629175,0.149,11.3579434411,0.151,0.07
0451-282,2013,4,73.3110282328,0.369,-28.1270352194,0.364,-0.436
0454+844,2013,12,77.1765145326,2.128,84.5345956277,0.169,0.178
0454-234,2013,84,74.2632467481,0.102,-23.4144500655,0.105,-0.019
0454-463,2013,5,73.9615521118,0.382,-46.2662999842,0.258,-0.188
0454-810,2013,16,72.5226673435,0.504,-81.0172865131,0.081,0.063
0458-020,2013,59,75.3033744697,0.147,-1.9872934463,0.196,-0.166
0459+252,2013,1,75.7436448387,0.145,25.2736877147,0.217,-0.185
0506+101,2013,8,77.3644044305,0.148,10.1957223122,0.277,-0.23
0506-612,2013,13,76.6832864016,0.678,-61.1613871858,0.296,0.056
0507+179,2013,1,77.5098714243,0.166,18.0115504703,1.342,0.167
0516-621,2013,5,79.1871923631,0.246,-62.1181636825,0.154,0.078
0518+600,2013,1,80.7958667144,0.35,60.1293655417,0.237,-0.143
0521-262,2013,1,80.8269558617,1.08,-26.2359873727,2.13,0.485
0521-365,2013,7,80.7416026341,0.137,-36.4585698042,0.306,0.199
0522-611,2013,3,80.6434395238,0.635,-61.1325371569,0.44,0.423
0524+034,2013,3,81.8862727431,0.294,3.5254212761,0.599,-0.76
0524-460,2013,3,81.3808343218,0.628,-45.9651901323,0.767,0.463
0524-485,2013,4,81.569463705,0.354,-48.510220113,0.442,0.388
0528+134,2013,10,82.7350697181,0.216,13.5319858622,0.421,0.236
0528-250,2013,5,82.53317823,0.331,-25.058305429,0.361,-0.454
0529+483,2013,60,83.3161074719,0.086,48.3813355336,0.067,-0.06
0534-340,2013,6,84.1184681939,0.299,-34.0198523369,0.461,0.602
0534-611,2013,4,83.6490520982,0.436,-61.1019648205,0.347,0.064
0536+145,2013,26,84.9265249659,0.113,14.5626560321,0.18,0.014
0537-286,2013,32,84.9761727632,0.155,-28.6655411408,0.294,0.2
0537-441,2013,117,84.7098397676,0.157,-44.0858164046,0.16,0.104
0542+112,2013,1,86.2174986469,1.368,11.3138678258,1.492,-0.148
0544+273,2013,17,86.8922871708,0.153,27.3657896548,0.163,0.046
0548+378,2013,3,88.0747372459,0.472,37.9070228214,0.295,-0.476
0549-575,2013,5,87.5399174549,0.413,-57.5401101434,0.31,0.11
0552+398,2013,46,88.8783567404,0.074,39.813656965,0.06,-0.068
0554+242,2013,1,89.2696398902,1.921,24.2320276303,1.631,-0.057
0556+238,2013,27,89.8834713662,0.146,23.8983130246,0.226,0.14
0600+177,2013,2,90.7880426899,0.171,17.7046696604,0.338,-0.444
0602+673,2013,47,91.9694650513,0.192,67.3487250792,0.09,-0.124
0604-074,2013,1,91.6814432353,0.156,-7.4083972951,0.371,-0.159
0605-085,2013,6,91.9987468807,0.212,-8.580549448,0.739,0.273
0606-223,2013,30,92.2486951709,0.213,-22.3391546405,0.18,-0.013
0607-157,2013,18,92.420623203,0.126,-15.7112979871,0.134,0.249
0611+131,2013,1,93.4903866618,1.067,13.1126111031,1.511,-0.866
0613+570,2013,6,94.3205108164,0.485,57.0212287112,0.238,0.255
0617+210,2013,2,95.0813684352,0.173,21.0415409372,0.365,-0.446
0620+227,2013,1,95.8242234208,0.997,22.6932708726,1.249,0.293
0621+446,2013,1,96.3261057685,0.183,44.6671184429,0.151,-0.033
0627-199,2013,38,97.3490077566,0.131,-19.988812095,0.197,0.227
0632-235,2013,15,98.7458374922,0.225,-23.5866548625,0.276,0.188
0635-355,2013,1,99.4433698038,0.685,-35.6134371666,1.823,0.124
0636+680,2013,2,100.5177390354,0.891,67.9765613119,0.335,0.001
0637-752,2013,16,98.9437830764,0.489,-75.2713376599,0.11,-0.065
0641+392,2013,28,101.223789991,0.132,39.2465372347,0.146,0.217
0642+449,2013,15,101.6334416279,0.078,44.8546083634,0.057,-0.032
0646-306,2013,11,102.0587352566,0.161,-30.7387944152,0.352,0.199
0647-475,2013,1,102.201868736,17.351,-47.5742019436,68.915,-0.698
0648-165,2013,54,102.6024243964,0.123,-16.6277015361,0.153,-0.014
0656+082,2013,55,104.8249834395,0.178,8.2252648687,0.396,-0.334
0657+172,2013,42,105.0063564146,0.086,17.1560281711,0.084,-0.014
0700-197,2013,28,105.6787527628,0.342,-19.8561209473,0.279,0.287
0704-231,2013,1,106.639658052,1.243,-23.1938453041,4.372,-0.7
0707+476,2013,6,107.6921036727,0.182,47.5364285051,0.163,0.083
0711+356,2013,4,108.6034064837,0.703,35.577720403,1.122,-0.754
0714+457,2013,21,109.4660517549,0.147,45.6342391215,0.124,-0.013
0716+714,2013,56,110.4727019516,0.132,71.3434342981,0.045,-0.005
0718+792,2013,31,111.5488967229,0.422,79.1919489483,0.066,0.012
0722+145,2013,3,111.3200324573,0.157,14.4204850691,0.357,-0.831
0723+219,2013,9,111.5594197635,0.197,21.888920601,0.206,-0.214
0723-189,2013,2,111.4590231787,0.143,-19.0719651608,0.37,-0.015
0726-224,2013,1,112.1241603518,0.503,-22.5268630887,0.875,-0.548
0727-115,2013,109,112.5796352827,0.084,-11.6868334898,0.077,0.027
0729+259,2013,2,113.234480477,0.679,25.8107759804,1.762,0.039
0736+017,2013,11,114.8251413176,0.309,1.6179494452,0.685,0.178
0738+313,2013,3,115.2945970891,0.096,31.2000637606,0.103,-0.165
0738+491,2013,6,115.5114539387,0.195,49.0043358112,0.217,-0.079
0742+103,2013,6,116.3877481191,0.497,10.1868587844,1.412,-0.03
0743+259,2013,8,116.6078090916,0.167,25.817259566,0.163,-0.105
0743+277,2013,8,116.6684679535,0.247,27.5830686626,0.27,0.014
0743-006,2013,14,116.4753430219,0.198,-0.7382055247,0.198,0.259
0745+241,2013,6,117.1504553523,0.137,24.0066972298,0.172,0.162
0747+185,2013,4,117.5013747391,0.25,18.3865019756,0.503,-0.397
0748+126,2013,69,117.716857217,0.075,12.5180078631,0.071,0.03
0748-006,2013,1,117.7925213891,0.572,-0.7808466814,1.271,-0.482
0749+540,2013,24,118.2557690707,0.13,53.8832325361,0.09,0.056
0753-425,2013,1,118.8465536906,4.008,-42.6662319479,6.712,-0.97
0754+100,2013,14,119.2776789576,0.197,9.9430146192,0.535,0.266
0759+183,2013,8,120.7001331926,0.149,18.1636804177,0.166,-0.079
0800+618,2013,54,121.3257481911,0.134,61.7399168351,0.078,-0.035
0804+499,2013,11,122.1652762233,0.303,49.8434807139,0.196,-0.586
0805+046,2013,1,121.9897437107,0.54,4.5429252846,0.392,0.442
0805+410,2013,8,122.2360501743,0.104,40.8791358333,0.108,0.37
0808+019,2013,13,122.8612804609,0.188,1.78117239,0.449,0.105
0812+020,2013,5,123.845669987,0.188,1.9165225963,0.257,-0.458
0812+100,2013,1,123.8728042348,0.117,9.9113053449,0.31,-0.06
0812+367,2013,5,123.8581035455,0.166,36.5875413472,0.156,0.231
0814+425,2013,9,124.5666650674,0.125,42.3792819221,0.099,-0.09
0821+394,2013,15,126.2311827446,0.097,39.2783066805,0.089,-0.053
0823+033,2013,25,126.4597431642,0.184,3.1568111345,0.408,0.311
0823-223,2013,3,126.5065539285,0.131,-22.5075563605,0.346,-0.948
0826-373,2013,7,127.0199176324,0.153,-37.5184114757,0.253,0.226
0827+243,2013,13,127.7170257731,0.111,24.1832834152,0.122,-0.218
0832-225,2013,1,128.6841582266,0.629,-22.6868920726,1.645,-0.428
0834+250,2013,1,129.4176904038,0.085,24.9064226919,0.111,-0.169
0834-201,2013,20,129.1633968717,0.202,-20.2831956573,0.236,0.344
0847-120,2013,10,132.5401484511,0.129,-12.2264933227,0.361,0.331
0848-304,2013,1,132.6403392987,0.623,-30.6595382258,1.353,0.731
0851+202,2013,112,133.7036455215,0.069,20.1085113503,0.061,0.144
0854-108,2013,27,134.1741839531,0.194,-11.0873417675,0.287,0.101
0859-140,2013,7,135.5701288484,0.272,-14.2585767721,0.785,-0.001
0908-052,2013,1,137.7125078383,0.515,-5.4414425111,0.985,0.056
0912+029,2013,66,138.657972628,0.158,2.7664573194,0.288,0.072
0912+297,2013,3,138.9683401694,0.314,29.5566785493,0.297,-0.365
0912-204,2013,1,138.7487333456,1.879,-20.6493410259,5.935,-0.893
0912-273,2013,1,138.5691097335,1.083,-27.5546306128,4.385,-0.501
0913-302,2013,1,138.920397613,4.268,-30.4970578228,8.648,-0.307
0918+140,2013,1,140.3807227645,0.097,13.8467324113,0.214,-0.108
0919-260,2013,1,140.3723077095,0.251,-26.3120519256,0.403,0.388
0920+390,2013,8,140.8102205638,0.156,38.8277528327,0.147,0.215
0920-397,2013,34,140.6934093111,0.262,-39.993074531,0.47,-0.029
0923+171,2013,1,141.4581849285,0.183,16.970056815,0.279,-0.407
0923+392,2013,7,141.7625582469,0.095,39.0391254946,0.073,-0.06
0925-203,2013,46,141.9659346488,0.188,-20.5808979782,0.221,-0.349
0936-069,2013,1,144.7337677467,0.117,-7.1335049614,0.272,-0.265
0945+408,2013,7,147.2305757954,0.837,40.662385118,2.224,-0.229
0949+354,2013,1,148.1334423373,0.184,35.2145563782,0.273,-0.418
0951+175,2013,1,148.4967972013,0.213,17.3490708373,0.37,-0.385
0951+268,2013,1,148.6658188848,0.158,26.6568176444,0.291,-0.213
0953+254,2013,10,149.207814072,0.266,25.2544583492,0.16,0.624
0954+658,2013,7,149.6968546319,0.169,65.5652272378,0.079,-0.173
0955+326,2013,5,149.5872901038,0.137,32.4006138206,0.189,-0.043
0955+476,2013,69,149.5819652303,0.098,47.4188451244,0.075,-0.027
0956-409,2013,1,149.6595669634,5.408,-41.1758819744,2.43,-0.855
0958+346,2013,2,150.2997884153,0.242,34.4140165463,0.321,-0.187
1004-217,2013,1,151.693390243,0.82,-21.9890027547,1.473,-0.832
1004-500,2013,8,151.5583721638,0.378,-50.303741843,0.377,0.79
1009-321,2013,1,152.9841898659,2.032,-32.3933587161,4.294,0.87
1012+232,2013,2,153.6961060948,0.429,23.0212696159,0.459,-0.082
1013+054,2013,3,154.0130686674,0.627,5.2173171754,1.026,-0.872
1014+615,2013,5,154.3578647805,0.348,61.2743046068,0.174,-0.048
1015+057,2013,3,154.6160345411,0.08,5.5083229159,0.225,-0.18
1015+359,2013,6,154.5457837736,0.166,35.7109558407,0.161,0.217
1015-314,2013,1,154.5386160582,5.151,-31.7372520429,8.714,-0.804
1022+194,2013,1,156.1867065818,0.091,19.2056709828,0.14,-0.159
1022+237,2013,1,156.2234887414,0.195,23.5427678466,0.302,0.121
1022-665,2013,4,155.9313883035,0.513,-66.7801993385,0.267,0.23
1027-186,2013,2,157.3879073467,0.393,-18.8806358542,0.886,0.01
1030+074,2013,2,158.3917679936,0.528,7.1905965545,0.203,-0.026
1030+415,2013,10,158.2654495023,0.109,41.2683980183,0.088,-0.035
1032+382,2013,1,158.9631964756,0.784,37.9449202175,0.731,-0.336
1032-199,2013,11,158.7589805392,0.174,-20.1928775679,0.45,0.254
1034-293,2013,89,159.3169990334,0.284,-29.567448281,0.249,-0.295
1034-374,2013,6,159.2226650081,0.303,-37.737518291,0.402,0.106
1036-529,2013,1,159.6694045222,1.477,-53.1953530785,0.68,-0.159
1038+064,2013,14,160.3215103765,0.213,6.1713677285,0.621,0.243
1038+528,2013,6,160.4449235841,0.187,52.5578422239,0.145,-0.052
1039+811,2013,10,161.0960940037,0.371,80.910956416,0.06,-0.057
1039-474,2013,1,160.4360407565,0.957,-47.6666851403,0.606,0.113
1040+244,2013,29,160.7876490708,0.122,24.1431693099,0.107,0.013
1042+071,2013,1,161.2329639123,1.076,6.9272955403,1.067,0.597
1044+719,2013,8,162.1150829602,0.239,71.7266495532,0.092,-0.052
1045-188,2013,19,162.0275859443,0.154,-19.1599242997,0.405,0.342
1046-409,2013,3,162.1594631195,0.464,-41.2333653723,0.555,-0.031
1049+215,2013,2,162.9532878658,0.331,21.3311983001,0.471,-0.142
1053+704,2013,4,164.2234060579,0.564,70.1960876132,0.225,-0.092
1053+815,2013,16,164.5480640782,0.422,81.2424097989,0.063,-0.029
1055+018,2013,17,164.6233550009,0.193,1.5663399654,0.621,0.054
1057-797,2013,98,164.6804572254,0.74,-80.0650443716,0.124,0.029
1059+282,2013,13,165.5595352704,0.229,27.9524137898,0.34,0.121
1101+384,2013,20,166.1138081089,0.155,38.208833046,0.161,-0.067
1101-536,2013,3,165.9675903702,0.308,-53.9501934873,0.272,0.348
1104+728,2013,5,166.9238440281,0.705,72.5433347204,0.17,-0.157
1104-445,2013,40,166.78622539,0.463,-44.8187828244,0.292,0.03
1108+527,2013,1,167.7745089233,1.202,52.4636108524,0.764,-0.405
1111+149,2013,6,168.4945628775,0.182,14.7074868213,0.316,-0.547
1115-122,2013,1,169.5714224353,0.154,-12.5484061355,0.418,-0.124
1116+227,2013,1,169.8763256088,0.346,22.4470476807,0.604,0.21
1123+264,2013,7,171.4737996765,0.105,26.1722162634,0.105,-0.026
1124-186,2013,112,171.7683018757,0.108,-18.9548449768,0.102,-0.089
1125+366,2013,1,171.9952952193,1.285,36.3412081736,1.764,-0.156
1128+385,2013,32,172.7220108724,0.107,38.2551519614,0.093,-0.036
1130+009,2013,5,173.3335657898,0.17,0.6813435632,0.383,-0.223
1133-032,2013,16,174.1024038384,0.114,-3.5081934406,0.314,0.306
1138-277,2013,1,175.2140386015,0.162,-28.0107584873,0.37,-0.193
1143-332,2013,4,176.6185490935,0.316,-33.4785090295,0.443,0.248
1143-696,2013,5,176.4734341209,0.524,-69.9004993581,0.221,0.064
1144+402,2013,33,176.7429079744,0.075,39.976195691,0.064,0.027
1144-379,2013,103,176.7557112792,0.15,-38.2030621242,0.154,-0.021
1145+268,2013,18,176.9990162919,0.262,26.5950923506,0.326,-0.171
1145-071,2013,3,176.9648085157,0.078,-7.4114282503,0.231,-0.352
1147+245,2013,4,177.5800508031,0.245,24.298287625,0.196,0.192
1149-084,2013,41,178.0717062877,0.198,-8.6842539095,0.235,0.058
1151+598,2013,1,178.5056925523,0.198,59.5817221582,0.157,-0.146
1156+295,2013,36,179.8826413318,0.103,29.2455074557,0.107,0.044
1156-663,2013,3,179.8262728098,0.742,-66.5942852931,0.578,-0.011
1211-167,2013,1,183.4323660243,0.865,-16.9824343533,2.059,-0.689
1212+171,2013,1,183.7665797868,0.103,16.9105435418,0.17,-0.086
1213+097,2013,1,184.0258760606,0.247,9.4860024974,0.53,0.036
1213-172,2013,18,183.9447989482,0.198,-17.5292786597,0.163,-0.039
1215-457,2013,1,184.5260414355,4.246,-46.008012087,19.608,-0.161
1216+179,2013,1,184.6941852592,0.233,17.6381300479,0.411,-0.057
1219+044,2013,23,185.5939567825,0.169,4.2210488863,0.531,0.225
1221+809,2013,4,185.9187240156,0.946,80.6678723283,0.148,0.053
1226+373,2013,15,187.1975986632,0.125,37.1033599757,0.155,-0.006
1228+126,2013,98,187.7059307347,0.149,12.3911232719,0.144,-0.143
1236+077,2013,1,189.8524514425,0.147,7.5047747064,0.091,-0.046
1240+381,2013,3,190.7140377381,0.313,37.8500069834,0.515,-0.33
1243-072,2013,13,191.5176337726,0.208,-7.5129373965,0.182,0.201
1243-160,2013,6,191.4739261,0.095,-16.2793625639,0.207,0.469
1244-255,2013,25,191.6950084978,0.181,-25.797024757,0.342,-0.256
1250+293,2013,1,193.2767042517,1.502,29.0871907689,2.85,-0.029
1251-197,2013,2,193.6552316155,0.381,-20.01566851,0.547,-0.391
1251-713,2013,5,193.7496729594,0.558,-71.6384546108,0.228,0.301
1252+119,2013,3,193.6593984276,0.134,11.684970822,0.164,-0.093
1253-055,2013,8,194.0465273189,0.148,-5.7893128125,0.229,0.55
1255-177,2013,19,194.6595904009,0.207,-18.0008679259,0.29,0.421
1255-316,2013,50,194.496086854,0.302,-31.9213476284,0.396,0.319
1300+580,2013,44,195.7186053594,0.127,57.8104470578,0.08,0.1
1300-105,2013,1,195.807783218,0.167,-10.8547582214,0.327,-0.537
1302-102,2013,3,196.3875627021,0.921,-10.5553968017,0.828,0.563
1306+360,2013,5,197.0987880646,0.163,35.7769900912,0.206,-0.004
1308+326,2013,6,197.6194327443,0.186,32.3454952299,0.175,-0.047
1308+328,2013,20,197.7475113855,0.119,32.5595693594,0.114,0.131
1308+554,2013,5,197.7633783377,0.399,55.2317562742,0.215,-0.371
1313-333,2013,15,199.0332747662,0.198,-33.6497702067,0.332,-0.009
1320-338,2013,1,200.8214114247,0.272,-34.1200971771,0.566,-0.222
1322+835,2013,1,200.4400358315,2.59,83.2703953576,0.378,0.762
1324+224,2013,100,201.7535887953,0.083,22.1806007918,0.073,-0.026
1325-558,2013,4,202.254770409,0.541,-56.1340737638,0.393,0.357
1327+504,2013,4,202.2741779949,0.269,50.1573335877,0.159,-0.508
1329-049,2013,1,203.0186027726,0.133,-5.162029453,0.278,-0.052
1330+022,2013,3,203.2219605354,0.122,2.0126943083,0.241,-0.535
1330+476,2013,2,203.188526679,0.419,47.372963334,0.325,-0.046
1333-082,2013,1,204.0344158754,0.119,-8.497721624,0.272,-0.27
1333-152,2013,2,204.1420382543,0.341,-15.4966863875,0.552,-0.246
1333-337,2013,4,204.1626355043,0.277,-33.9658536005,0.539,-0.707
1334-127,2013,64,204.4157616094,0.093,-12.9568592821,0.129,-0.024
1339-287,2013,1,205.5639400135,0.152,-29.0116198083,0.41,-0.31
1342+662,2013,15,205.941498229,0.353,66.0404847406,0.138,0.15
1342+663,2013,4,206.0361649061,0.358,66.1032343804,0.197,0.172
1343+386,2013,1,206.4039261982,0.247,38.3868066149,0.596,0.31
1345+289,2013,1,207.0181212697,0.429,28.6737127132,0.713,-0.1
1348+308,2013,1,207.7197343208,0.225,30.5815529589,0.329,0.116
1349-439,2013,3,208.2355623263,0.331,-44.2112187546,0.469,0.245
1351-018,2013,74,208.5287305151,0.164,-2.1008862541,0.502,0.091
1354+247,2013,1,209.1682525668,0.864,24.5167215679,1.477,-0.38
1354-152,2013,17,209.2968540642,0.134,-15.4579963854,0.319,0.299
1354-174,2013,1,209.275309245,1.134,-17.7338620815,1.179,0.48
1357+769,2013,35,209.4807147849,0.253,76.7225141464,0.058,-0.014
1402+044,2013,7,211.2546659571,0.271,4.2599495966,0.99,-0.165
1404+286,2013,12,211.7516432724,0.183,28.4540804961,0.187,0.17
1406-076,2013,19,212.2353383876,0.185,-7.8740740376,0.148,0.194
1406-267,2013,5,212.4590408409,0.363,-26.9602723387,0.798,0.573
1413+135,2013,2,213.9950729358,0.192,13.3399203693,0.199,-0.298
1417+385,2013,56,214.9442240143,0.115,38.3634652866,0.096,-0.063
1418+546,2013,2,214.9441556843,0.258,54.387440915,0.198,-0.243
1419-229,2013,1,215.6546097771,0.141,-23.141704431,0.328,-0.047
1420-679,2013,3,216.2314893152,0.499,-68.1328041038,0.342,0.218
1423+146,2013,6,216.4542417222,0.172,14.4158062127,0.447,-0.144
1424+366,2013,7,216.6545313176,0.221,36.4193259571,0.192,-0.157
1424-418,2013,125,216.9845732038,0.138,-42.1053993203,0.137,-0.004
1428+370,2013,5,217.6690986545,0.175,36.8177468869,0.225,0.239
1432+200,2013,1,218.6658057065,0.11,19.8668711295,0.205,0.19
1437-153,2013,1,219.9869669048,0.151,-15.5307095149,0.366,-0.206
1448+762,2013,1,222.1199129641,1.493,76.0198881136,0.313,0.596
1448-648,2013,2,223.1653300901,1.061,-65.0342870372,0.355,0.553
1451-375,2013,20,223.6142073824,0.22,-37.7925401841,0.31,0.278
1451-400,2013,6,223.6371348484,0.389,-40.2090319345,0.436,-0.096
1456+044,2013,1,224.7473171762,1.086,4.2705059815,1.06,-0.857
1458+718,2013,1,224.7815996036,0.515,71.6721851491,0.25,-0.418
1459+480,2013,3,225.202725935,0.376,47.854316182,0.319,-0.048
1502+036,2013,31,226.2769881521,0.263,3.4418923864,0.173,0.124
1502+106,2013,10,226.104082423,0.196,10.4942218396,0.201,0.184
1504+377,2013,7,226.5397081882,0.172,37.5142034613,0.151,0.022
1504-166,2013,7,226.7699456433,0.204,-16.8750741651,0.608,0.197
1505-304,2013,1,227.2208050827,0.692,-30.6081749492,2.144,0.235
1508+572,2013,1,227.5121766897,0.67,57.04538178,0.898,-0.043
1510-089,2013,18,228.2105538762,0.124,-9.0999527084,0.248,0.282
1511-100,2013,2,228.4370560883,0.204,-10.2000735005,0.263,0.001
1511-558,2013,1,228.8028032809,1.528,-55.9924550152,0.56,-0.083
1514+197,2013,23,229.236650674,0.132,19.5369422307,0.218,-0.218
1514-241,2013,12,229.4242214057,0.144,-24.3720767287,0.36,0.198
1518+162,2013,1,230.1544211331,0.406,16.0240639595,0.597,-0.266
1519+181,2013,1,230.3232454788,0.406,17.9336296998,0.544,-0.072
1519-273,2013,56,230.6569833138,0.152,-27.5029960042,0.173,0.082
1519-294,2013,1,230.6061936697,1.788,-29.6070100585,7.254,-0.738
1520+319,2013,18,230.5416322075,0.128,31.7373283365,0.135,-0.16
1520+437,2013,25,230.4567244922,0.169,43.6109078311,0.178,-0.013
1526+384,2013,1,232.1541922171,0.467,38.2683062409,0.452,-0.203
1531-225,2013,1,233.595005061,0.307,-22.7326745337,0.714,-0.033
1538+149,2013,10,235.2062146668,0.175,14.7960790968,0.135,0.013
1540-077,2013,2,235.7570282133,0.647,-7.9518451218,0.84,0.378
1545+210,2013,1,236.931407401,0.279,20.8712820123,0.825,0.296
1546+027,2013,50,237.3726535327,0.099,2.616989846,0.114,0.105
1548+056,2013,8,237.6469552052,0.165,5.4529024074,0.129,0.076
1549-242,2013,1,238.023008128,0.196,-24.4224422717,0.472,-0.044
1550-242,2013,1,238.3817826644,0.26,-24.3683435922,0.582,-0.651
1554-643,2013,1,239.7095181187,0.539,-64.5415659041,0.346,0.105
1555+001,2013,17,239.4643082548,0.196,-0.0306704902,0.487,0.253
1557+032,2013,4,239.8790525578,0.129,3.0800712459,0.299,-0.006
1601+112,2013,2,240.9247135274,0.854,11.0968553466,2.551,0.959
1601+160,2013,1,240.908593299,0.163,15.9006553925,0.297,-0.054
1602-115,2013,12,241.3230485453,0.341,-11.657453124,1.003,0.115
1603+699,2013,1,240.8275896258,0.409,69.7659563202,0.133,-0.389
1604+315,2013,1,241.5354934254,1.183,31.4129047988,1.788,-0.246
1604-333,2013,4,241.8948430941,0.335,-33.5191424259,0.823,-0.287
1606+106,2013,11,242.1925132312,0.537,10.4854932644,0.368,-0.323
1606-056,2013,1,242.411457085,0.342,-5.7901601368,0.777,-0.563
1608+243,2013,2,242.6751115618,0.154,24.2469477663,0.23,-0.038
1610-771,2013,12,244.4553190417,0.579,-77.2884633372,0.145,-0.177
1611+343,2013,6,243.421100957,0.199,34.2133080863,0.138,-0.16
1611-710,2013,3,244.1276729173,0.843,-71.142070641,0.407,0.403
1613-586,2013,1,244.3245471748,3.033,-58.8021830104,1.649,0.633
1614+042,2013,1,244.3066202691,3.081,4.1449163828,2.043,-0.218
1614+051,2013,12,244.1564867649,0.327,4.9924269238,0.351,0.244
1615+029,2013,10,244.4579505135,0.298,2.7786402248,0.71,0.018
1616+063,2013,4,244.7653653513,0.456,6.2172893864,0.929,-0.582
1617+229,2013,35,244.8117691421,0.132,22.7966252701,0.151,-0.086
1619-680,2013,6,246.0768208581,0.656,-68.1534712733,0.291,-0.058
1621-067,2013,2,246.1371947912,0.265,-6.8304518455,0.661,-0.109
1622-253,2013,46,246.4453818806,0.18,-25.4606463623,0.164,-0.193
1622-297,2013,7,246.5250869005,0.173,-29.8574920423,0.333,0.167
1623+578,2013,7,246.1033647382,0.738,57.6878557828,0.331,0.005
1624-617,2013,5,247.2278741021,0.463,-61.8767772526,0.265,0.232
1630-004,2013,1,248.240339878,20.287,-0.5558537666,15.43,-0.994
1633-810,2013,2,250.7389402031,2.407,-81.1430751375,0.386,0.278
1635-035,2013,1,249.5802168258,0.213,-3.6680797586,0.383,0.2
1636+473,2013,16,249.4380439764,0.133,47.2927308607,0.118,-0.109
1637+574,2013,7,249.5560679026,0.155,57.3399941557,0.104,0.136
1637+826,2013,9,248.1332078634,1.103,82.537888861,0.117,-0.228
1638+398,2013,37,250.1234698674,0.094,39.7794523589,0.073,-0.072
1639+230,2013,33,250.3551148703,0.106,22.9511202194,0.153,-0.088
1639-062,2013,53,250.509073813,0.115,-6.3565819297,0.103,0.048
1639-287,2013,1,250.747387759,0.647,-28.8327633854,1.437,-0.764
1641+399,2013,3,250.7450415639,1.425,39.8102759956,0.77,-0.143
1642+690,2013,7,250.532702211,0.195,68.9443767327,0.078,-0.073
1645-262,2013,1,252.2679805487,0.243,-26.3357258126,0.601,-0.124
1649+216,2013,1,252.9076838337,0.323,21.5901816817,0.488,0.323
1651+391,2013,6,253.2437899022,0.121,39.0471728615,0.125,-0.03
1652+398,2013,1,253.4675715694,3.644,39.7601692025,0.259,-0.099
1655+077,2013,7,254.5375477541,0.207,7.6909833778,0.667,0.292
1656-075,2013,21,254.6835915664,0.247,-7.6549150984,0.612,0.459
1657+265,2013,1,254.8506227128,0.188,26.4935953549,0.242,0.239
1657-261,2013,38,255.2214752717,0.197,-26.1810348396,0.172,-0.451
1657-562,2013,4,255.4369088373,0.31,-56.3655283023,0.346,0.174
1659+399,2013,6,255.3526450536,0.25,39.9103032443,0.184,0.138
1659-621,2013,4,255.9022550016,0.63,-62.2111134865,0.324,0.455
1700+320,2013,1,255.635875725,2.608,31.9645428096,10.222,-0.434
1705+018,2013,25,256.8933969769,0.137,1.8126943141,0.374,0.215
1706-174,2013,2,257.3931057789,0.23,-17.4814902389,0.189,0.379
1714-397,2013,1,259.4108330357,10.273,-39.8146413237,15.444,0.095
1717+178,2013,16,259.8043686133,0.158,17.7517880761,0.163,0.351
1722+330,2013,10,261.0591575967,0.234,33.0510943424,0.242,-0.152
1725+123,2013,4,262.0293800312,0.144,12.2609682788,0.304,-0.075
1725-795,2013,3,263.4195842941,1.484,-79.5988103092,0.576,-0.052
1726+455,2013,13,261.8652117192,0.121,45.5110365217,0.092,0.139
1732+389,2013,14,263.5857438462,0.145,38.9642897425,0.115,0.037
1737-081,2013,1,265.0065258082,0.165,-8.1874394861,0.365,0.197
1738+476,2013,6,264.9880377915,0.226,47.6328781943,0.16,-0.129
1738+499,2013,6,264.8641270938,0.2,49.9176023605,0.157,-0.124
1739+522,2013,4,265.1540743954,0.247,52.1953908313,0.127,-0.043
1741+279,2013,1,265.9851558319,0.252,27.8806523408,0.309,-0.473
1741-038,2013,127,265.9952338986,0.097,-3.8346157494,0.101,0.057
1742-088,2013,1,266.198341077,0.254,-8.8206473983,0.608,-0.089
1743+173,2013,4,266.3967007198,0.192,17.3337288776,0.337,0.004
1746+470,2013,7,266.8610303062,0.144,46.9808128646,0.117,-0.043
1749+096,2013,82,267.88674407,0.087,9.6502023278,0.095,0.09
1749-299,2013,1,268.1379493163,3.095,-29.9458136236,6.484,0.023
1751+288,2013,16,268.4269735205,0.078,28.8013719406,0.078,0.118
1754+155,2013,11,269.2212589023,0.143,15.5891184801,0.174,0.59
1758+388,2013,9,270.1031889771,0.088,38.8085271066,0.096,-0.043
1758-651,2013,11,270.847902687,0.549,-65.1268781798,0.227,0.471
1759+756,2013,1,269.4431620802,0.452,75.6544944734,0.187,-0.246
1759-396,2013,55,270.6778336239,0.285,-39.6688633716,0.353,0.17
1800+440,2013,7,270.3846450508,0.153,44.0727500451,0.159,-0.229
1803+784,2013,49,270.1903496449,0.252,78.4677828889,0.051,-0.014
1806+456,2013,28,272.0911911811,0.155,45.7057962267,0.133,-0.027
1806-458,2013,6,272.4911322199,0.358,-45.8780594426,0.509,0.124
1807+698,2013,42,271.711169398,0.158,69.8244745823,0.053,0.031
1815-553,2013,12,274.9391645673,0.801,-55.3557625909,0.523,0.096
1816-029,2013,1,274.8225360644,0.626,-2.9688535043,0.9,0.254
1820-274,2013,1,275.8318814174,12.826,-27.4406631782,23.582,-0.854
1821+107,2013,6,276.0118969021,0.267,10.7399372391,1.718,-0.168
1823+568,2013,8,276.0294515312,0.144,56.8504141256,0.103,0.082
1823+689,2013,6,275.8868912048,0.522,68.9646145608,0.235,0.176
1824-582,2013,3,277.3016762743,1.561,-58.2319894705,0.35,0.715
1825-041,2013,2,276.9376690498,0.321,-4.0957155836,0.628,-0.035
1825-055,2013,1,277.1673057305,1.468,-5.5141292619,2.499,-0.481
1831-711,2013,3,279.3696458408,0.73,-71.145431891,0.319,0.313
1842+681,2013,4,280.6401735695,0.283,68.1570077355,0.137,0.046
1845-273,2013,1,282.1979341006,0.15,-27.3050202448,0.371,0.07
1846+322,2013,83,282.0920357257,0.079,32.3173899505,0.074,-0.014
1849+670,2013,11,282.3169677994,0.216,67.0949112112,0.082,-0.145
1853-122,2013,2,283.9768559899,0.284,-12.1661021688,0.732,-0.22
1903+097,2013,1,286.4162459527,0.328,9.869002218,0.592,0.012
1905+222,2013,1,287.0258784526,0.146,22.3761520966,0.243,-0.214
1908+484,2013,5,287.4440111902,0.467,48.5755056352,0.227,0.252
1908-201,2013,44,287.7902203755,0.23,-20.1153081426,0.406,0.129
1909+161,2013,31,287.9927391844,0.121,16.1963514962,0.224,0.018
1910-365,2013,1,288.3370393272,0.253,-36.505397616,0.61,-0.355
1916+062,2013,1,289.8222928643,0.82,6.3285489378,1.352,-0.496
1918-026,2013,1,290.1802590823,0.15,-2.6032236799,0.324,-0.107
1920-211,2013,31,290.8841242396,0.154,-21.0759258706,0.286,0.191
1921-293,2013,87,291.2127331604,0.218,-29.2417002521,0.267,0.329
1922-224,2013,2,291.4157924554,0.252,-22.3264200224,0.622,0.571
1923+210,2013,65,291.4983556807,0.202,21.1072672608,0.159,0.238
1925-610,2013,12,292.5256672095,0.427,-60.935884535,0.229,0.005
1927+256,2013,2,292.4371588491,0.161,25.7211794425,0.295,0.176
1929+226,2013,2,292.8538199085,0.141,22.7253496613,0.167,-0.079
1932+204,2013,2,293.793637402,0.532,20.5317095946,0.26,0.009
1933-400,2013,6,294.3175723551,0.256,-39.9670980698,0.285,-0.17
1935-692,2013,11,295.1063672929,0.598,-69.132492167,0.271,-0.15
1936+046,2013,1,294.6277897965,0.11,4.8032261957,0.234,-0.187
1936-155,2013,18,294.861073984,0.147,-15.4286273011,0.231,0.244
1946-582,2013,1,297.655839529,2.187,-58.0777096366,5.874,0.406
1954+513,2013,5,298.928075938,0.197,51.5301517674,0.136,-0.264
1954-388,2013,61,299.4992470352,0.243,-38.7517655668,0.298,-0.329
1958-179,2013,24,300.2378768179,0.128,-17.81602017,0.194,0.348
2000+148,2013,4,300.6749968238,0.105,15.0207150062,0.256,-0.15
2000+472,2013,44,300.5434093038,0.108,47.4246593872,0.078,-0.045
2002-375,2013,4,301.4794622631,0.331,-37.3948548915,0.437,0.165
2005-489,2013,9,302.3557948899,3.565,-48.8315891201,2.017,0.85
2008-159,2013,72,302.8154622294,0.15,-15.7778481993,0.168,0.116
2013+163,2013,5,304.0577501435,0.264,16.5428092912,0.223,0.459
2022-077,2013,1,306.4194183394,0.243,-7.5979690414,0.53,0.301
2029+024,2013,1,307.9468793998,0.539,2.6603578774,2.587,-0.874
2029+121,2013,14,307.9791427643,0.122,12.3281500725,0.177,0.24
2033-219,2013,1,309.2132196749,0.181,-21.7768751984,0.472,-0.062
2034+222,2013,1,309.237136207,0.19,22.4664694402,0.323,0.102
2037+511,2013,89,309.6543113419,0.077,51.3201840404,0.054,0.023
2043+156,2013,1,311.439558632,0.176,15.7909280084,0.356,-0.067
2043+749,2013,1,310.6554500274,0.539,75.1340125744,0.161,-0.601
2046+429,2013,1,312.0813597043,2.502,43.1783485096,3.932,-0.53
2052-474,2013,102,314.0681658959,0.265,-47.2465632341,0.259,-0.268
2053-044,2013,1,313.959408188,0.19,-4.2797444984,0.382,-0.181
2059+034,2013,79,315.4118089895,0.148,3.6920336272,0.177,0.277
2106+143,2013,3,317.1709673177,0.143,14.5075035506,0.36,-0.28
2106-413,2013,7,317.3882856037,0.454,-41.1723904245,0.419,0.177
2111+801,2013,1,317.3298515871,2.537,80.3531186786,0.443,0.31
2112+283,2013,1,318.743056663,0.125,28.5492212263,0.205,-0.308
2112-144,2013,1,318.8268149375,0.348,-14.2787145059,0.773,0.5
2113+293,2013,79,318.8725560473,0.104,29.5606575071,0.155,0.133
2118+443,2013,1,320.1323923165,2.364,44.5761846386,1.005,-0.093
2121+053,2013,5,320.9354891625,0.169,5.589470147,0.53,0.119
2121+460,2013,1,320.8826185622,0.418,46.23971161,0.296,0.158
2123-463,2013,3,321.6279344765,0.354,-46.0966367521,0.367,0.357
2126-158,2013,16,322.3007328748,0.153,-15.6447338912,0.379,0.339
2127-096,2013,14,322.579534446,0.158,-9.4603986246,0.301,0.207
2128-123,2013,13,322.8969240068,0.233,-12.1179988396,0.473,0.185
2131-021,2013,8,323.5429566145,0.124,-1.8881219032,0.119,-0.095
2134+004,2013,14,324.1607763934,0.327,0.6983923532,0.758,0.063
2135-184,2013,2,324.6746945834,3.981,-18.1789946393,6.023,-0.379
2136+141,2013,14,324.7554553299,0.487,14.3933311263,0.525,0.164
2140-048,2013,2,325.6537570554,0.143,-4.6287534072,0.34,-0.296
2141+175,2013,43,325.8981023417,0.146,17.7302188187,0.154,0.005
2142+110,2013,4,326.3282294587,0.091,11.2575867197,0.222,-0.367
2142-758,2013,5,326.8030441086,0.923,-75.6036735802,0.213,-0.264
2143-156,2013,10,326.5957471788,0.26,-15.4288572283,0.292,0.264
2144+092,2013,17,326.7923456878,0.119,9.496297828,0.129,0.112
2144+568,2013,1,326.6080719464,13.569,57.0568585894,8.659,0.118
2144-362,2013,1,326.8796911955,0.247,-36.0309090017,0.583,-0.231
2145+067,2013,11,327.0227444778,0.149,6.9607234949,0.314,0.091
2145+082,2013,3,326.9800808013,0.282,8.5033044848,0.824,-0.325
2149+056,2013,20,327.9078145714,0.208,5.8702651801,0.444,-0.074
2149-307,2013,7,327.9813498705,0.127,-30.4649161429,0.311,0.228
2150+173,2013,4,328.1034141168,0.197,17.5771653343,0.286,0.03
2153-204,2013,1,329.140649381,0.215,-20.2085817079,0.516,-0.331
2155+312,2013,17,329.3700995487,0.108,31.4503754726,0.107,0.021
2155-304,2013,1,329.7169379694,0.238,-30.2255885208,0.532,-0.267
2201+315,2013,4,330.8123990953,0.168,31.7606304983,0.154,0.101
2203+292,2013,2,331.4437767604,0.368,29.4486479491,0.489,0.165
2204-540,2013,12,331.9322220188,0.179,-53.7760610875,0.185,0.05
2205+166,2013,2,331.9702736026,0.966,16.8716148073,1.492,0.142
2208+199,2013,1,332.7152185023,0.106,20.2233487646,0.255,-0.133
2208-137,2013,3,332.8504142718,0.19,-13.4693676593,0.438,-0.967
2209+236,2013,24,333.0248597094,0.109,23.9279289128,0.115,0.342
2210+361,2013,1,333.292593191,0.212,36.3986621811,0.312,-0.217
2214+350,2013,61,334.0833745738,0.12,35.3039388995,0.112,-0.069
2215+020,2013,1,334.4509912631,0.306,2.336308977,0.824,-0.354
2215+150,2013,21,334.5454745949,0.107,15.3432548338,0.109,-0.074
2216+178,2013,1,334.8087186447,0.097,18.1098836226,0.254,-0.312
2216-038,2013,7,334.7168238449,0.237,-3.5935777256,0.668,0.198
2220-351,2013,5,335.7747106625,0.333,-34.9297715729,0.656,0.194
2223-052,2013,55,336.4469137443,0.124,-4.9503862829,0.109,0.014
2226-634,2013,1,337.54307376,10.344,-63.1786928889,3.505,-0.024
2227-088,2013,57,337.4170180764,0.156,-8.548454349,0.197,0.09
2229+695,2013,78,337.651957344,0.149,69.7744658108,0.052,-0.007
2230+114,2013,5,338.151703776,0.463,11.7308065918,1.322,0.556
2232-488,2013,5,338.8051524499,0.341,-48.5996650581,0.339,-0.069
2233-234,2013,1,339.1093279978,0.136,-23.1573881469,0.336,-0.165
2234+282,2013,10,339.0936284911,0.212,28.4826146858,0.209,0.004
2236+678,2013,1,339.5626209054,1.617,68.0832672819,0.35,-0.12
2236-572,2013,6,339.8003162535,0.478,-57.0168997975,0.268,-0.114
2239+096,2013,5,340.4571554622,0.184,9.8979014167,0.152,0.088
2240-064,2013,1,340.7865031451,0.232,-6.1507131774,0.512,-0.353
2243+047,2013,5,341.4735588218,0.145,5.0158228039,0.355,-0.042
2243-123,2013,12,341.5759665808,0.176,-12.1142438204,0.513,0.278
2244-372,2013,5,341.7663222275,0.445,-36.9628622948,0.568,-0.039
2245-328,2013,6,342.1611905925,0.239,-32.5978300772,0.219,0.383
2251+158,2013,11,343.4906164796,0.819,16.1482113592,1.193,-0.168
2254+074,2013,6,344.3220962485,0.444,7.7200840954,0.467,-0.039
2255-282,2013,123,344.5248453124,0.205,-27.9725713057,0.264,0.7
2259-375,2013,1,345.5995358543,4.66,-37.3019035583,8.24,-0.317
2300-683,2013,32,345.931519256,0.328,-68.1270676093,0.156,-0.206
2301-103,2013,1,345.99133138,0.584,-10.0386706443,1.645,0.202
2305+145,2013,1,346.8916737565,0.138,14.8383263563,0.342,-0.038
2307+106,2013,3,347.618823994,0.152,10.9251935516,0.334,0.047
2309+454,2013,21,347.9475373446,0.135,45.7322267968,0.123,0.023
2314-340,2013,1,349.1807768707,1.614,-33.8201347765,2.77,-0.355
2314-409,2013,4,349.1954995474,0.367,-40.689190567,0.32,-0.478
2316+238,2013,2,349.6415326525,0.144,24.0777081959,0.309,-0.085
2318+049,2013,46,350.1869024575,0.139,5.230542411,0.157,0.151
2319+272,2013,4,350.4994258722,0.399,27.5462339719,1.556,0.165
2319+317,2013,4,350.4789832749,0.205,32.0687840184,0.448,-0.338
2319+444,2013,11,350.58482533,0.18,44.7617649376,0.144,-0.214
2324+151,2013,1,351.841525281,0.167,15.4103640392,0.316,-0.325
2325+093,2013,3,351.8899189962,0.223,9.6692952151,0.24,-0.001
2326-477,2013,6,352.3237682867,0.271,-47.5053096407,0.313,0.253
2329-162,2013,4,352.9110515753,0.497,-15.9491701087,2.85,0.42
2329-415,2013,4,353.0793678812,0.334,-41.3104393835,0.335,-0.287
2333-415,2013,6,354.1416044413,0.408,-41.2561068639,0.552,0.437
2335-027,2013,9,354.4889127747,0.131,-2.5160080918,0.347,0.094
2336+598,2013,1,354.8380215792,0.483,60.1699582225,0.17,-0.083
2344-514,2013,3,356.8327670336,0.601,-51.1766846819,0.46,0.757
2345-167,2013,5,357.010868872,0.178,-16.52000632,0.339,0.258
2351-154,2013,5,358.6258132838,0.223,-15.2197814767,0.398,0.2
2353+816,2013,5,359.0949744503,0.941,81.8811820115,0.127,-0.199
2353-686,2013,3,359.0028388917,0.943,-68.3342976457,0.377,-0.592
2355-106,2013,40,359.5453433375,0.138,-10.3357253752,0.157,0.133
2355-291,2013,1,359.5707148467,0.223,-28.8928066354,0.479,-0.155
2355-534,2013,6,359.4719418657,0.476,-53.1871360314,0.337,0.191
2356+385,2013,35,359.8882533157,0.151,38.8450884676,0.183,-0.241
2357-318,2013,24,359.8978814198,0.255,-31.5621735175,0.463,-0.123
2358+189,2013,7,0.2859232707,0.327,19.242722721,0.571,-0.379
