iers_name,year,num_ses,ra,ra_err,dec,dec_err,ra_dec_corr
0000-160,2015,1,0.8636007259,0.197,-15.7848490054,0.454,-0.154
0003+380,2015,1,1.488230418,2.776,38.3375431579,19.073,-0.944
0003-066,2015,78,1.5578870381,0.121,-6.3931486875,0.09,0.03
0007+171,2015,5,2.6416352392,52.621,17.4052178548,43.937,-0.448
0007-048,2015,4,2.5016194541,0.183,-4.5634740714,0.328,0.16
0008-264,2015,40,2.7551947692,0.339,-26.2092713919,0.215,0.402
0010+405,2015,9,3.3797091339,0.109,40.8603178654,0.106,0.052
0011-046,2015,2,3.4755458188,0.328,-4.3978597273,0.219,-0.221
0013-005,2015,3,4.0462022888,0.232,-0.2534570395,0.15,-0.372
0014+813,2015,12,4.2853120907,0.466,81.585593293,0.08,0.024
0015-054,2015,1,4.3992268115,0.684,-5.2115695607,0.856,-0.331
0016+731,2015,34,4.9407765936,0.129,73.4583382466,0.036,-0.084
0017+200,2015,51,4.9077270622,0.068,20.362679093,0.052,0.074
0019+058,2015,29,5.6351717103,0.236,6.1345191307,0.226,-0.132
0022-044,2015,1,6.1915963886,0.932,-4.2004302552,0.315,0.141
0025+197,2015,24,7.1242436836,0.147,20.007428925,0.145,-0.109
0034+108,2015,1,9.358505968,0.265,11.1641447538,0.205,-0.15
0035+413,2015,4,9.6035151618,0.574,41.6183334521,0.354,-0.107
0035-252,2015,3,9.5613979008,0.184,-24.9839542736,0.364,-0.03
0038-019,2015,1,10.3583700865,0.782,-1.7210224863,1.94,-0.749
0038-020,2015,1,10.2400481497,0.227,-1.7755627219,0.282,0.019
0040+098,2015,1,10.6848820693,0.246,10.1636686942,0.216,0.284
0044-846,2015,4,11.1112048852,2.623,-84.3777743131,0.297,0.145
0047+023,2015,4,12.4301497653,0.182,2.6177163395,0.318,-0.044
0048-097,2015,24,12.6721557613,0.253,-9.4847806217,0.149,-0.099
0048-427,2015,13,12.7895908928,0.342,-42.4425814362,0.584,0.602
0054+161,2015,22,14.2303930498,0.124,16.4203725228,0.091,0.106
0055+060,2015,1,14.6408523554,0.19,6.3350204638,0.282,0.329
0055-059,2015,7,14.5211095103,0.253,-5.6645215719,0.267,-0.094
0056-001,2015,1,14.7729789967,0.45,0.1143389812,0.564,-0.626
0056-572,2015,4,14.694088108,0.372,-56.9865195275,0.341,-0.02
0059+581,2015,94,15.6906765278,0.088,58.4030935446,0.048,-0.061
0104-408,2015,58,16.6879498681,0.153,-40.572211184,0.15,0.032
0106+013,2015,51,17.1615463531,0.148,1.5834216005,0.243,0.486
0107-610,2015,3,17.3144799821,0.471,-60.8301278195,0.52,-0.132
0108+388,2015,2,17.9054864215,0.261,39.107806633,0.17,0.274
0109+224,2015,9,18.0242695652,0.252,22.7441073472,0.22,0.1
0110+495,2015,6,18.3625283247,0.135,49.8066787536,0.122,-0.199
0111+021,2015,10,18.4297706324,0.105,2.3714767912,0.168,0.18
0112-017,2015,2,18.8212496579,0.268,-1.4512714204,0.148,-0.031
0113-118,2015,1,19.0521750757,0.124,-11.6042873708,0.148,-0.322
0115-214,2015,34,19.4532505825,0.212,-21.1851758566,0.237,-0.1
0116-219,2015,5,19.7385924234,0.156,-21.6917056382,0.102,0.049
0119+041,2015,33,20.4869236467,0.258,4.373537356,0.434,-0.086
0119+115,2015,88,20.4233127144,0.12,11.8306705926,0.274,0.193
0119-046,2015,1,20.6161888375,0.236,-4.357548894,0.428,-0.013
0123+257,2015,1,21.6783028752,2.907,25.9836988705,42.559,0.939
0131-522,2015,58,23.2740103582,0.342,-52.0010959263,0.282,0.317
0133+476,2015,65,24.244145035,0.068,47.8580833968,0.056,-0.226
0134+311,2015,24,24.2863901483,0.161,31.376626569,0.177,0.035
0135-247,2015,1,24.4097766501,0.879,-24.5149682234,0.427,-0.128
0136-059,2015,1,24.7160469472,0.214,-5.668956496,0.4,-0.116
0137+012,2015,5,24.9887740666,0.15,1.5294830671,0.274,-0.106
0138-097,2015,7,25.3576340431,0.177,-9.4787983851,0.149,0.022
0142-278,2015,4,26.2641440388,0.142,-27.5595357279,0.249,0.201
0148-177,2015,1,27.7753472856,0.157,-17.5457551664,0.312,0.142
0149+218,2015,7,28.0752459739,0.119,22.1188054774,0.148,-0.089
0150-144,2015,1,28.1333864449,1.202,-14.210946552,3.826,-0.876
0151+474,2015,27,28.7345412153,0.257,47.7240388004,0.213,-0.165
0159+723,2015,5,30.8891038384,0.713,72.5482408912,0.163,-0.151
0159-668,2015,4,30.2822668816,0.562,-66.6368516918,0.399,0.151
0201+113,2015,18,30.944404401,0.199,11.5792805135,0.313,-0.262
0202+149,2015,12,31.2100578933,0.117,15.2364010562,0.113,-0.209
0202+319,2015,101,31.2705223315,0.068,32.2083598843,0.053,0.03
0202-172,2015,12,31.2403096726,0.148,-17.0221779924,0.4,0.372
0203+625,2015,1,31.7625696549,0.364,62.7700188024,0.111,0.143
0206+136,2015,9,32.3999930053,0.147,13.8668755355,0.178,0.167
0208-512,2015,45,32.6925017657,0.564,-51.0171922169,0.286,-0.373
0211+171,2015,4,33.6871368438,0.179,17.3804198814,0.314,-0.202
0212+735,2015,6,34.3783888922,0.262,73.8257282721,0.074,-0.019
0212-620,2015,4,33.5675179585,0.327,-61.8260164781,0.212,-0.074
0213-026,2015,1,33.925072104,0.33,-2.3824312829,0.475,0.409
0215+015,2015,16,34.4539780798,0.16,1.7471385991,0.125,0.132
0219+428,2015,1,35.6650339984,24.146,43.0355001915,12.451,0.056
0220-349,2015,1,35.7350072377,0.907,-34.691313924,0.62,0.187
0221+067,2015,7,36.1184508032,0.132,6.9898171334,0.148,0.078
0223+113,2015,2,36.4246243709,0.344,11.5737403332,0.179,-0.252
0224+671,2015,1,37.2085374692,7.869,67.3508402762,2.971,-0.06
0227-369,2015,7,37.3685377496,0.245,-36.732450511,0.431,0.467
0229+131,2015,85,37.9412252832,0.111,13.3818656805,0.078,0.348
0229-398,2015,1,37.9659014328,0.281,-39.596462376,0.634,0.034
0230-790,2015,4,37.3956110482,0.541,-78.7960004939,0.159,-0.163
0234+285,2015,51,39.4683570325,0.167,28.8024972448,0.364,0.278
0234-301,2015,2,39.1298726479,0.385,-29.8987611085,0.282,-0.266
0235+164,2015,8,39.6622087681,0.084,16.6164652011,0.061,0.031
0235-618,2015,4,39.2218571067,0.408,-61.6042177406,0.221,0.152
0237+040,2015,5,39.9635960493,0.178,4.2726143947,0.138,0.035
0237-027,2015,57,39.939467821,0.159,-2.5780318084,0.117,0.008
0237-233,2015,4,40.0340326576,56.142,-23.1543418782,81.859,-0.975
0238-084,2015,5,40.2699937768,0.128,-8.2557644322,0.113,0.174
0239+108,2015,1,40.621576398,95.13,11.0168677981,34.114,0.892
0239+175,2015,1,40.601079131,45.719,17.7163531198,157.992,-0.128
0241+622,2015,5,41.2404033454,0.821,62.4684765281,0.336,0.029
0244-470,2015,4,41.5004915368,0.219,-46.8547869503,0.251,0.17
0248-266,2015,1,42.6482049478,0.182,-26.4618097756,0.357,0.034
0254-334,2015,2,44.1775113695,0.642,-33.2559103885,0.466,0.164
0256-005,2015,14,44.8688173375,0.19,-0.3333265006,0.18,-0.129
0300+470,2015,12,45.896842562,0.093,47.2711876488,0.065,-0.012
0302+625,2015,5,46.6777481538,0.278,62.7172289002,0.132,0.031
0302-623,2015,6,45.9609639041,0.362,-62.1904304772,0.193,0.097
0303+051,2015,1,46.4507984071,0.127,5.3920907753,0.251,-0.235
0306+102,2015,7,47.2650978834,0.107,10.4878724791,0.099,0.037
0307+380,2015,20,47.707833008,0.223,38.2482882973,0.197,-0.016
0308-611,2015,131,47.4837464406,0.173,-60.9775156438,0.099,0.236
0309+360,2015,1,48.2095326138,0.412,36.2554287003,0.406,0.044
0309+411,2015,6,48.2581754986,0.118,41.3336620671,0.091,-0.079
0310+410,2015,1,48.4901913803,2.324,41.2566595577,1.162,0.345
0312+100,2015,5,48.838082573,0.248,10.2119677294,0.275,-0.102
0316+413,2015,4,49.9506871799,46.231,41.5117064007,17.755,0.839
0316-444,2015,5,49.4903310404,0.522,-44.2381007123,0.994,-0.421
0317+188,2015,2,49.9635695802,0.209,19.0253586647,0.114,0.16
0322+222,2015,73,51.4033931329,0.112,22.4001015919,0.093,0.044
0325+395,2015,7,52.2096336439,0.193,39.6790461834,0.165,0.113
0326+277,2015,1,52.490289386,0.912,27.9376388195,0.542,-0.775
0332+078,2015,29,53.7221529145,0.282,8.0040052809,0.279,-0.054
0332-403,2015,136,53.5568936827,0.104,-40.1403883262,0.111,0.15
0333+321,2015,7,54.1254482312,0.79,32.3081504002,0.358,-0.395
0334-131,2015,1,54.1459825877,0.19,-13.0346275869,0.32,-0.267
0334-546,2015,2,53.9746869225,0.255,-54.5069762225,0.197,-0.061
0335-364,2015,1,54.2250958126,5.57,-36.2683956207,1.612,-0.574
0336-019,2015,109,54.8789074457,0.134,-1.7766122312,0.087,0.283
0338-214,2015,19,55.1483660576,0.678,-21.3253255786,0.276,0.478
0340+362,2015,11,55.8706350759,0.159,36.370119415,0.152,0.277
0342+147,2015,2,56.2767354794,0.194,14.8970995743,0.16,-0.296
0345+460,2015,21,57.3280898968,0.184,46.1665716183,0.156,-0.191
0346-279,2015,11,57.1589356509,0.204,-27.8204349127,0.349,-0.051
0347-211,2015,15,57.4909444699,0.217,-21.0465949032,0.126,0.167
0348-120,2015,1,57.7957379937,0.614,-11.8896298041,1.488,-0.618
0350+465,2015,1,58.6250485402,0.286,46.721874967,0.207,-0.048
0355+508,2015,72,59.8739470414,0.389,50.9639339322,0.278,0.011
0358+210,2015,2,60.4381919876,0.142,21.1746075183,0.139,-0.196
0400+258,2015,9,60.7732754829,1.482,26.0004174497,0.406,0.075
0400-319,2015,7,60.5886082922,0.33,-31.7905402322,0.455,-0.362
0402-362,2015,14,60.9739578999,0.089,-36.0838647604,0.086,0.265
0403-132,2015,14,61.3916807865,0.188,-13.1371363566,0.147,0.05
0405-123,2015,1,61.9517907329,9.109,-12.1934922813,44.834,-0.997
0405-385,2015,13,61.7459806384,0.24,-38.4411227753,0.372,-0.006
0406-127,2015,5,62.2740406066,0.167,-12.6467066105,0.258,0.361
0409+229,2015,1,63.1819453615,0.696,23.0848480537,0.569,-0.549
0410+110,2015,8,63.4180875248,0.216,11.2041072011,0.262,-0.277
0414-189,2015,17,64.1522685321,0.265,-18.8523166992,0.19,0.304
0415+398,2015,10,64.8439563698,0.194,39.9247160471,0.152,-0.073
0420+022,2015,19,65.7175610508,0.092,2.3241474436,0.077,0.034
0420+417,2015,1,65.9833261193,60.671,41.8341157911,25.91,-0.682
0420-014,2015,87,65.8158363236,0.084,-1.3425181864,0.094,0.202
0422+004,2015,10,66.1951753075,0.104,0.6017581922,0.107,-0.247
0422-380,2015,8,66.1760153999,0.213,-37.9391067522,0.2,0.062
0425+048,2015,1,66.9482105026,0.231,4.9523126513,0.211,-0.127
0426+273,2015,3,67.4706699033,0.171,27.4105211322,0.184,0.073
0426-380,2015,26,67.1684344528,0.081,-37.9387724102,0.116,0.412
0427-502,2015,4,67.1776341092,0.37,-50.0928593862,0.395,0.034
0430+052,2015,2,68.2962314958,0.146,5.3543387649,0.149,0.263
0430+289,2015,26,68.4076243844,0.329,29.0987436729,0.246,0.227
0432-606,2015,1,68.3921186842,0.922,-60.5038248025,0.656,-0.46
0434-188,2015,11,69.2561780879,0.278,-18.7468373095,0.956,-0.426
0436-129,2015,11,69.645920891,0.221,-12.8509330577,0.173,0.328
0437-454,2015,25,69.7535610797,0.147,-45.3729342078,0.172,-0.013
0437-719,2015,3,69.2682436654,0.726,-71.8056014034,0.261,-0.072
0438-436,2015,5,70.0715833716,0.58,-43.5523900281,0.751,-0.702
0440+345,2015,2,70.8818132734,0.121,34.6851844354,0.129,-0.172
0440-003,2015,49,70.6610863408,0.163,-0.2953947421,0.277,0.386
0442+389,2015,6,71.5478918121,0.268,39.0047500161,0.297,-0.276
0446+112,2015,29,72.2819629451,0.156,11.3579434435,0.144,-0.198
0447-010,2015,1,72.4287738804,0.892,-0.9562078309,2.768,-0.877
0451-282,2015,1,73.3110283898,0.128,-28.1270353209,0.107,-0.123
0454+844,2015,31,77.17651471,1.477,84.5345956496,0.14,0.121
0454-234,2015,129,74.2632467602,0.057,-23.4144500761,0.065,0.173
0454-463,2015,34,73.961552047,0.146,-46.2662999181,0.114,0.304
0454-810,2015,21,72.5226674729,0.443,-81.017286494,0.068,0.062
0458+138,2015,1,75.4386285161,0.276,13.9353390473,0.295,0.162
0458-020,2015,65,75.3033745084,0.079,-1.9872934461,0.058,-0.019
0459+060,2015,1,75.5643580975,0.371,6.152081556,0.237,0.324
0500+019,2015,1,75.8383218769,0.507,2.0512990661,0.573,0.138
0502+049,2015,5,76.3466074998,41.392,4.9951926941,35.259,-0.395
0506+056,2015,1,77.358185246,0.12,5.69314822,0.217,-0.27
0506+101,2015,16,77.3644044602,0.221,10.1957223228,0.148,-0.23
0506-612,2015,5,76.6832863601,0.68,-61.1613871839,0.328,0.192
0507+179,2015,5,77.5098713578,0.121,18.0115504604,0.127,0.092
0508+138,2015,3,77.9096652736,0.167,13.9553314163,0.187,0.093
0514-459,2015,1,78.9385421045,0.182,-45.9453328775,0.095,0.499
0515+208,2015,9,79.5159354764,0.184,20.9145826505,0.225,0.036
0515-179,2015,1,79.3501964883,1.754,-17.9400446121,5.548,-0.894
0516-621,2015,5,79.1871923424,0.24,-62.1181636813,0.154,0.062
0518-458,2015,1,79.9571797878,0.243,-45.7788481423,0.118,0.16
0521-365,2015,51,80.7416026453,0.069,-36.4585698045,0.108,0.299
0522-611,2015,8,80.6434394356,0.545,-61.1325372516,0.453,-0.058
0524+034,2015,10,81.8862726383,0.134,3.5254212861,0.197,-0.175
0524-460,2015,2,81.3808342853,1.138,-45.9651899162,1.192,-0.059
0524-485,2015,4,81.5694638327,0.322,-48.5102198307,0.443,0.372
0528+134,2015,48,82.7350697591,0.328,13.5319859868,0.482,0.562
0528-250,2015,8,82.5331781759,0.228,-25.0583054269,0.263,0.031
0529+075,2015,1,83.1624874098,196.635,7.5453579101,121.959,-0.371
0529+483,2015,34,83.3161074558,0.195,48.3813355318,0.136,-0.259
0530-727,2015,64,82.3751756723,0.529,-72.7579187321,0.173,-0.115
0531+194,2015,1,83.6855522294,99.815,19.4559279602,49.23,-0.994
0534-340,2015,9,84.1184680933,0.22,-34.0198522721,0.254,0.728
0534-611,2015,1,83.6490521755,0.404,-61.1019647324,0.145,0.293
0536+145,2015,18,84.9265250067,0.28,14.5626560169,0.285,-0.186
0537-286,2015,60,84.9761728256,0.109,-28.6655411399,0.103,0.179
0537-441,2015,146,84.7098398104,0.105,-44.0858163835,0.106,0.273
0538+330,2015,1,85.4559785543,0.254,33.0255289629,0.301,-0.177
0538+498,2015,7,85.650561841,26.713,49.8520165237,12.173,0.538
0539-543,2015,4,85.1910334348,0.197,-54.30613768,0.16,-0.013
0544+273,2015,38,86.8922871616,0.156,27.3657896006,0.162,0.029
0548+084,2015,1,87.7967889119,0.134,8.4864505467,0.25,-0.145
0548+378,2015,6,88.0747371683,0.299,37.9070229086,0.189,-0.186
0549-575,2015,4,87.5399174561,0.32,-57.5401100875,0.205,0.298
0552+398,2015,95,88.8783567261,0.1,39.8136569741,0.06,0.086
0556+238,2015,27,89.883471402,0.148,23.8983129531,0.246,0.097
0600+177,2015,4,90.7880427805,0.109,17.7046695891,0.145,0.099
0601+245,2015,1,91.2296725495,0.108,24.498621341,0.096,0.082
0602+673,2015,44,91.9694650196,0.255,67.3487251017,0.115,-0.169
0602-424,2015,1,91.1048945036,0.204,-42.4250262325,0.409,-0.414
0605-085,2015,7,91.9987489447,36.227,-8.5805538722,38.804,-0.907
0606-223,2015,21,92.2486951686,0.177,-22.339154626,0.143,0.12
0607-157,2015,52,92.4206230379,0.086,-15.7112978844,0.179,0.395
0613+570,2015,19,94.3205107447,0.333,57.0212287102,0.175,-0.075
0615+820,2015,2,96.5125068853,41.361,82.0404410782,8.828,0.067
0621-786,2015,1,94.6256620101,3.834,-78.7172614712,0.511,-0.897
0627-199,2015,31,97.3490077457,0.155,-19.98881213,0.163,0.117
0628+203,2015,1,97.7544275171,0.184,20.3497810344,0.251,0.229
0632-235,2015,9,98.7458374457,0.257,-23.5866548334,0.196,-0.22
0636+680,2015,6,100.5177391559,0.301,67.9765613329,0.119,-0.158
0637-752,2015,56,98.9437825804,0.645,-75.2713376603,0.09,-0.165
0641+126,2015,1,100.9993978175,1.077,12.6383627259,2.466,-0.798
0641+392,2015,28,101.2237899868,0.342,39.2465371981,0.316,0.162
0642+214,2015,1,101.3504146067,0.394,21.3642226572,0.384,-0.081
0642+449,2015,72,101.6334415726,0.068,44.8546083528,0.05,-0.022
0643+548,2015,1,101.8168574441,0.437,54.7702089786,0.235,-0.119
0644-671,2015,3,101.1168506366,0.495,-67.2159329435,0.266,-0.051
0646-306,2015,39,102.0587352539,0.233,-30.73879439,0.206,0.114
0647-475,2015,1,102.2018819946,20.122,-47.5742486239,142.443,-0.223
0648-165,2015,43,102.6024243829,0.102,-16.6277015371,0.1,0.032
0650+371,2015,2,103.4928452318,0.096,37.0946130896,0.076,0.01
0652+426,2015,1,104.0444252629,0.338,42.6174310356,0.27,0.173
0654+244,2015,1,104.2736479509,0.14,24.3987206368,0.181,-0.174
0656+082,2015,48,104.8249834479,0.207,8.2252648881,0.358,-0.422
0657+172,2015,45,105.0063564355,0.118,17.1560281499,0.076,-0.066
0700-197,2015,22,105.6787527326,0.115,-19.8561209915,0.091,0.041
0700-465,2015,2,105.3939436506,4.41,-46.5768416842,1.853,0.396
0704+384,2015,1,106.8871287535,5.075,38.3703627995,3.259,0.453
0707+476,2015,4,107.6921036246,0.157,47.536428518,0.108,0.036
0710+439,2015,2,108.4090053852,26.199,43.8214519113,16.237,-0.633
0711+356,2015,1,108.6034066737,0.222,35.5777199927,0.307,-0.343
0714+457,2015,9,109.4660516613,0.195,45.6342391244,0.139,-0.199
0716+714,2015,49,110.4727019594,0.131,71.3434342932,0.046,0.009
0718+792,2015,35,111.5488966247,0.473,79.1919489458,0.074,-0.034
0722+145,2015,6,111.3200323656,0.085,14.4204851877,0.068,-0.095
0723+219,2015,11,111.5594197668,0.143,21.8889205338,0.154,0.074
0723-008,2015,51,111.4609996486,0.098,-0.915706285,0.202,0.169
0725+219,2015,1,112.0858679995,0.553,21.8851086058,0.787,0.815
0727-115,2015,142,112.5796353076,0.058,-11.6868334951,0.065,0.245
0729+259,2015,25,113.2344802774,0.176,25.8107766005,0.18,-0.097
0736+017,2015,54,114.8251412323,0.148,1.6179493774,0.097,-0.009
0738+313,2015,52,115.2945971156,0.179,31.2000637756,0.473,0.088
0738+491,2015,16,115.5114539594,0.123,49.0043358445,0.096,-0.034
0742-562,2015,1,115.8353550973,1.091,-56.3258214819,0.538,-0.014
0743+259,2015,10,116.6078090817,0.218,25.8172595314,0.429,0.387
0743+277,2015,6,116.6684680069,0.227,27.5830686523,0.207,-0.015
0743-006,2015,26,116.4753429988,0.084,-0.7382055482,0.198,0.348
0745+241,2015,7,117.1504553589,0.131,24.0066972257,0.089,-0.083
0747+185,2015,6,117.5013747553,0.138,18.3865019849,0.173,-0.024
0748+126,2015,69,117.7168572276,0.112,12.5180078465,0.077,0.146
0749+540,2015,41,118.2557690818,0.139,53.8832325568,0.101,0.276
0755+379,2015,1,119.6171171635,0.323,37.7866133228,0.287,-0.069
0758-737,2015,6,119.3086545731,3.34,-73.885936502,0.715,-0.371
0759+183,2015,12,120.7001332782,0.15,18.1636803808,0.159,-0.058
0759+252,2015,1,120.6732805547,1.27,25.1530276776,1.395,-0.274
0800+618,2015,38,121.3257482058,0.138,61.7399168057,0.084,0.006
0804+499,2015,17,122.1652761806,0.091,49.8434806887,0.081,-0.2
0805+046,2015,2,121.9897436884,0.222,4.5429252501,0.212,-0.352
0805+410,2015,12,122.2360502233,0.114,40.8791358683,0.103,0.007
0805-077,2015,3,122.0647333672,0.186,-7.8527462521,0.135,0.255
0806+315,2015,1,122.306020114,4.707,31.3730330451,2.495,0.335
0808+019,2015,41,122.8612804934,0.085,1.7811723031,0.07,0.08
0809-493,2015,1,122.7866747856,39.061,-49.4954225233,11.262,-0.886
0812+020,2015,9,123.8456701848,0.167,1.9165225037,0.188,-0.035
0812+367,2015,10,123.8581036124,0.099,36.5875413471,0.097,-0.09
0814+425,2015,15,124.5666650743,0.087,42.3792819175,0.067,-0.085
0820+560,2015,7,126.1967941072,68.974,55.8785227336,35.286,0.57
0821+394,2015,40,126.2311827327,0.124,39.2783067028,0.097,-0.015
0821+411,2015,1,126.1625097497,1.246,40.9521566651,0.898,-0.43
0821+621,2015,1,126.4108840944,0.491,61.9579387152,0.199,0.229
0823+033,2015,58,126.4597431648,0.125,3.1568111268,0.237,0.482
0823-223,2015,10,126.5065538675,0.147,-22.5075562968,0.316,0.045
0826-373,2015,30,127.0199176036,0.122,-37.5184115419,0.188,0.202
0827+243,2015,21,127.7170257895,0.1,24.1832834531,0.094,-0.144
0829+046,2015,1,127.9536102245,128.296,4.494214256,116.624,-0.433
0833+585,2015,2,129.3433751373,4.702,58.4171792762,1.407,-0.012
0834+250,2015,5,129.4176903755,0.175,24.9064226308,0.149,-0.396
0834-201,2015,129,129.1633968665,0.153,-20.2831956372,0.175,0.252
0836+710,2015,1,130.3515217678,4.103,70.8950478671,1.486,-0.89
0841-607,2015,3,130.610671238,0.327,-60.8973336689,0.312,0.078
0843-547,2015,1,131.2603438158,1.049,-54.9690388839,0.949,0.16
0847-120,2015,7,132.5401484504,0.132,-12.2264933175,0.215,0.117
0851+202,2015,146,133.70364551,0.068,20.1085113474,0.053,0.233
0854-108,2015,24,134.1741839648,0.186,-11.0873417588,0.123,0.172
0859-140,2015,7,135.5701337836,51.13,-14.2585767504,58.117,-0.914
0901+697,2015,1,136.6281200757,1.115,69.5085634799,0.169,-0.079
0906+015,2015,5,137.2920483335,0.121,1.3598938061,0.086,0.363
0906+163,2015,1,137.2330221942,0.121,16.1652123014,0.212,-0.404
0907+258,2015,1,137.7301410632,0.862,25.655960448,1.413,0.659
0912+029,2015,47,138.6579726592,0.164,2.7664574481,0.263,-0.008
0912+297,2015,6,138.9683402694,0.203,29.5566785578,0.306,0.127
0917+624,2015,1,140.4010253577,103.032,62.2645011339,204.25,-0.218
0917-185,2015,1,139.9460677666,1.288,-18.7854642636,4.09,-0.844
0918-534,2015,5,139.9334975574,0.984,-53.668457633,0.455,-0.073
0919-260,2015,24,140.3723078816,0.479,-26.3120516768,0.319,0.17
0920+390,2015,19,140.8102205521,0.147,38.8277528384,0.127,-0.11
0920-397,2015,90,140.6934094166,0.298,-39.9930744301,0.538,-0.291
0923+392,2015,51,141.7625582547,0.327,39.0391254759,0.423,0.37
0925-203,2015,33,141.9659346022,0.23,-20.5808979167,0.203,-0.204
0928+144,2015,1,142.7722600452,0.165,14.2379219003,0.311,-0.283
0930+289,2015,1,143.4053412072,1.746,28.7589766108,2.094,-0.794
0943+105,2015,6,146.6461247786,0.225,10.2850373615,0.263,-0.149
0945+408,2015,6,147.2305700209,72.642,40.6623973966,36.307,0.203
0949+354,2015,2,148.1334423734,0.107,35.2145565381,0.128,0.599
0951+268,2015,6,148.6658188565,0.236,26.6568176146,0.254,0.345
0952+179,2015,7,148.7367779637,60.92,17.7253361646,42.833,-0.323
0952+581,2015,1,149.0943103594,0.474,57.8988621598,0.188,-0.034
0953+254,2015,6,149.2078140737,0.139,25.2544583004,0.125,0.352
0954+658,2015,6,149.696854582,0.181,65.5652272312,0.094,-0.108
0955+326,2015,4,149.5872901562,0.1,32.4006137452,0.122,-0.209
0955+476,2015,80,149.5819652158,0.101,47.4188451175,0.07,0.001
0958+346,2015,13,150.2997884581,0.26,34.4140165176,0.235,0.102
1004-217,2015,3,151.6933902247,0.249,-21.9890028911,0.567,-0.103
1004-500,2015,9,151.5583722172,0.482,-50.3037417757,0.472,0.326
1005+066,2015,1,152.003400652,0.137,6.3558930351,0.306,-0.107
1012+232,2015,27,153.6961061524,0.161,23.0212696579,0.112,0.071
1013+054,2015,5,154.0130686427,0.181,5.217317044,0.263,-0.09
1013+127,2015,3,153.9334307346,0.254,12.4519639383,0.23,-0.231
1013+596,2015,1,154.2645290006,0.487,59.4079740497,0.198,-0.227
1014+615,2015,8,154.3578648245,0.215,61.2743046096,0.08,-0.053
1015+057,2015,9,154.6160345022,0.684,5.5083227645,0.261,0.587
1015+359,2015,12,154.5457837747,0.168,35.7109558404,0.309,0.079
1015+594,2015,1,154.7439160635,1.491,59.1910698448,0.674,-0.098
1021-006,2015,3,156.1232780516,0.192,-0.8820824102,0.276,-0.716
1022+194,2015,7,156.1867066154,0.231,19.2056709916,0.157,0.054
1022-665,2015,3,155.9313882041,0.458,-66.7801994432,0.165,0.278
1025+031,2015,1,157.0850058966,1.086,2.9229076379,2.73,-0.922
1027-186,2015,5,157.3879069222,0.241,-18.880635637,0.545,-0.246
1030+074,2015,5,158.3917678347,0.182,7.1905965199,0.167,0.038
1030+415,2015,24,158.2654495169,0.069,41.2683980565,0.056,0.014
1030+687,2015,1,158.5046232646,2.055,68.5408742186,0.386,0.015
1031+567,2015,1,158.7793327,1.776,56.4796647983,1.119,0.098
1032-199,2015,6,158.7589810799,1.615,-20.192877546,0.767,-0.925
1034-293,2015,57,159.3169988732,0.558,-29.5674481019,0.34,-0.278
1034-374,2015,4,159.2226649939,0.335,-37.7375184124,0.419,0.589
1038+064,2015,7,160.3215104588,0.572,6.1713679046,0.464,0.427
1038+528,2015,3,160.4449236456,0.221,52.5578422867,0.142,-0.027
1039+811,2015,22,161.0960938303,0.391,80.9109564162,0.053,0.044
1040+244,2015,10,160.7876490655,0.095,24.1431692892,0.105,-0.195
1040-414,2015,3,160.6850001367,0.481,-41.72381899,0.855,0.395
1042+071,2015,3,161.2329634342,0.287,6.9272952351,0.262,-0.572
1043+066,2015,2,161.4697220788,0.931,6.4101250231,2.661,-0.901
1044+719,2015,7,162.1150829755,0.304,71.7266495427,0.126,-0.147
1045+019,2015,1,162.0952835975,2.832,1.6966980078,8.456,-0.981
1045-188,2015,37,162.0275859573,0.087,-19.1599243177,0.166,0.26
1045-620,2015,1,161.9289674299,0.544,-62.2873983845,0.229,-0.294
1046-409,2015,1,162.1594628423,0.283,-41.2333653605,0.682,-0.271
1049+215,2015,1,162.9532876205,0.644,21.3311981624,0.701,0.793
1053+704,2015,17,164.2234063385,0.381,70.1960876789,0.131,-0.233
1053+815,2015,5,164.5480642744,0.581,81.2424097678,0.114,0.141
1055+018,2015,8,164.6233549581,0.067,1.5663398718,0.047,-0.191
1056+212,2015,2,164.9126777775,0.146,20.956098994,0.251,-0.168
1057-797,2015,136,164.6804574233,0.47,-80.0650444008,0.084,-0.021
1059+282,2015,5,165.5595352993,0.273,27.9524137272,0.274,-0.027
1100+122,2015,1,165.7647077347,0.156,11.9712846171,0.26,-0.298
1101+077,2015,2,166.1002976674,0.114,7.5147724885,0.234,-0.357
1101+384,2015,12,166.113808123,0.172,38.208833066,0.125,0.062
1101-536,2015,1,165.9675904847,0.2,-53.9501934502,0.168,0.355
1104+728,2015,8,166.9238438795,0.568,72.5433347037,0.176,-0.306
1104-445,2015,92,166.7862254526,0.496,-44.8187828917,0.303,-0.138
1111+149,2015,24,168.4945628623,0.28,14.7074868774,0.251,0.004
1116+128,2015,1,169.738756026,2.053,12.5782548633,0.564,-0.304
1121+661,2015,1,171.1027748115,0.778,65.9170503763,0.218,-0.029
1123+264,2015,29,171.4737996413,0.078,26.1722163103,0.059,0.035
1124-186,2015,110,171.7683018502,0.111,-18.9548449719,0.1,0.158
1125+366,2015,6,171.9952951177,0.331,36.3412087083,0.26,-0.071
1128+385,2015,68,172.7220108692,0.165,38.2551519431,0.123,0.067
1128-047,2015,1,172.8771534513,0.634,-5.005460296,0.281,0.528
1130+009,2015,5,173.3335658086,0.112,0.6813436321,0.195,-0.235
1130+106,2015,1,173.2478699643,0.184,10.3950593947,0.333,-0.479
1133-032,2015,31,174.1024039079,0.285,-3.5081935239,0.191,0.139
1133-041,2015,1,173.9926455207,0.833,-4.4744128077,0.755,-0.561
1136-466,2015,2,174.7314963385,0.495,-46.8950723307,0.859,0.173
1140+668,2015,1,175.9233475065,1.003,66.5586749972,0.223,-0.061
1143-332,2015,7,176.6185489554,0.308,-33.4785089059,0.568,0.158
1143-696,2015,3,176.4734342033,0.733,-69.9004992441,0.382,0.449
1144+402,2015,114,176.7429079714,0.085,39.9761956814,0.056,0.029
1144-379,2015,149,176.7557112707,0.123,-38.2030621258,0.13,0.014
1145+268,2015,23,176.9990162423,0.214,26.5950922965,0.197,-0.065
1145-071,2015,16,176.9648084556,0.143,-7.4114281202,0.081,-0.382
1145-676,2015,4,176.8891648616,0.605,-67.8949360664,0.275,0.026
1147+245,2015,5,177.5800507441,0.166,24.29828757,0.109,-0.04
1147+659,2015,1,177.6439165237,1.831,65.6578538973,0.521,-0.454
1147-063,2015,2,177.599944504,0.317,-6.6740474631,0.198,-0.093
1148-001,2015,3,177.6827950359,0.218,-0.398390174,0.323,-0.099
1149-084,2015,30,178.0717062859,0.139,-8.6842538854,0.109,0.121
1150+497,2015,7,178.3519695541,77.38,49.5191334931,40.248,0.629
1150+812,2015,1,178.3020714666,104.789,80.9747716657,15.229,-0.253
1152-295,2015,1,178.8135920948,0.325,-29.8317672658,0.665,-0.483
1156+295,2015,30,179.8826412681,0.068,29.2455074606,0.056,0.087
1156-094,2015,1,179.8029518384,146.796,-9.6811277329,30.748,1.0
1156-663,2015,1,179.8262738543,1.601,-66.5942844531,2.077,0.582
1204-613,2015,2,181.7145693252,4.387,-61.6490992169,1.912,0.075
1212+171,2015,6,183.7665798411,0.118,16.9105435167,0.165,-0.009
1213-172,2015,29,183.9447990184,0.162,-17.5292786778,0.125,0.05
1215+303,2015,7,184.4670082024,0.18,30.1168433166,0.132,-0.007
1215-457,2015,1,184.5260351351,186.598,-46.0080536032,202.432,-0.064
1216-010,2015,1,184.6455412017,2.012,-1.3317634904,5.744,-0.978
1219+044,2015,25,185.5939567958,0.149,4.2210488215,0.226,-0.148
1221+809,2015,8,185.918723941,0.58,80.6678723258,0.091,-0.015
1221-829,2015,2,186.2265946438,5.555,-83.2194727814,0.925,-0.887
1222+037,2015,1,186.2184248248,1.042,3.5139702309,0.231,0.123
1226+023,2015,5,187.277915981,0.551,2.0523888303,0.566,-0.099
1226+373,2015,20,187.1975986809,0.186,37.1033600006,0.16,-0.047
1227+255,2015,1,187.5587056128,0.091,25.3019822191,0.139,-0.145
1228+126,2015,91,187.7059307725,0.117,12.3911232359,0.081,-0.116
1229+645,2015,1,187.8808198653,8.15,64.2384046833,5.675,-0.209
1236+077,2015,31,189.8524513601,0.169,7.5047747472,0.117,-0.034
1237-101,2015,1,189.929448824,88.105,-10.3913074631,91.881,-0.821
1238-110,2015,1,190.1555919127,0.198,-11.3568909123,0.402,-0.099
1239+606,2015,1,190.3732944173,0.801,60.3448116188,0.264,-0.16
1240+381,2015,5,190.7140376988,0.449,37.8500071115,0.325,0.108
1242+574,2015,1,191.2916647337,0.762,57.1651040131,0.302,-0.034
1243-072,2015,49,191.5176338229,0.172,-7.512937419,0.117,0.166
1243-160,2015,22,191.4739261709,0.152,-16.279362539,0.117,0.023
1244-255,2015,21,191.6950084671,0.287,-25.7970247488,0.193,-0.167
1247+025,2015,2,192.6357535482,0.401,2.2756037199,0.205,-0.675
1249-673,2015,1,193.1800502085,0.864,-67.6274296004,0.3,-0.492
1251-197,2015,4,193.6552317414,0.156,-20.0156685202,0.311,-0.359
1251-713,2015,3,193.7496727733,0.525,-71.6384546996,0.18,0.18
1252+119,2015,6,193.6593984512,0.153,11.6849708898,0.097,0.022
1253-055,2015,53,194.0465273955,0.051,-5.7893125747,0.151,0.49
1255-177,2015,4,194.6595903912,0.201,-18.0008678588,0.369,0.204
1255-316,2015,123,194.4960868077,0.248,-31.9213476564,0.222,0.451
1300+580,2015,43,195.7186053672,0.163,57.8104470594,0.106,0.083
1300-105,2015,1,195.8077829751,0.154,-10.8547576731,0.336,-0.229
1306+360,2015,8,197.0987880328,0.126,35.7769900416,0.151,0.379
1307+121,2015,1,197.3913853721,16.159,11.9068199231,32.532,-0.999
1308+326,2015,21,197.6194326917,0.492,32.3454953038,0.716,-0.008
1308+328,2015,36,197.7475113765,0.095,32.5595693407,0.067,0.082
1308+554,2015,2,197.7633783707,0.229,55.2317561472,0.167,-0.128
1310-041,2015,2,198.2120886319,0.486,-4.4138589512,0.193,-0.684
1312+240,2015,1,198.6825258823,0.395,23.8074393868,0.464,0.46
1312-533,2015,4,198.7674214971,0.726,-53.5766316409,0.436,0.211
1313-333,2015,6,199.0332747167,0.242,-33.6497702114,0.162,-0.093
1314-134,2015,1,199.4022406887,0.907,-13.7590710322,3.507,-0.919
1316-120,2015,1,199.8003002777,0.421,-12.2922581334,0.343,-0.135
1318-434,2015,1,200.3035184788,4.986,-43.7046790414,3.198,0.973
1319-093,2015,5,200.6538026294,0.141,-9.6271663574,0.338,0.207
1321-105,2015,2,201.1074713601,0.149,-10.8230929487,0.379,-0.471
1322+835,2015,1,200.4400372058,1.069,83.270395436,0.11,-0.181
1323+037,2015,1,201.6111753005,0.76,3.4410488737,0.875,-0.056
1323+321,2015,1,201.568805906,107.589,31.9026153143,92.4,-0.274
1324+224,2015,62,201.753588828,0.159,22.1806007486,0.141,-0.048
1325-558,2015,2,202.254770424,0.293,-56.1340738221,0.244,0.51
1327+504,2015,11,202.274177916,0.279,50.1573336204,0.171,0.142
1328+307,2015,1,202.7845336902,0.382,30.5091557155,0.499,0.294
1329-049,2015,1,203.0186028044,0.092,-5.1620293521,0.214,-0.367
1330+022,2015,6,203.2219606004,0.165,2.012694243,0.149,-0.041
1330+476,2015,2,203.188526979,0.217,47.3729632946,0.133,-0.23
1333-049,2015,2,203.9853198705,0.805,-5.1949062892,2.537,-0.934
1333-082,2015,1,204.0344160111,0.092,-8.4977216206,0.238,-0.413
1333-152,2015,5,204.142038137,0.156,-15.4966862193,0.327,-0.31
1333-337,2015,4,204.1626355374,0.312,-33.965853673,0.598,-0.344
1334-127,2015,92,204.4157615708,0.053,-12.9568592761,0.093,0.326
1334-649,2015,1,204.4685207874,3.831,-65.1569152843,2.01,-0.353
1335+023,2015,1,204.4151409215,0.503,2.1159731899,0.683,0.177
1338+381,2015,1,205.0956319983,5.174,37.9121737456,15.553,0.98
1339+129,2015,1,205.519324879,0.997,12.7138803775,2.312,-0.871
1339-287,2015,2,205.5639401606,0.215,-29.0116199067,0.466,-0.156
1342+662,2015,20,205.9414982564,0.4,66.0404847615,0.195,0.15
1342+663,2015,11,206.0361648998,0.211,66.10323434,0.078,0.057
1345+125,2015,1,206.8890067344,0.227,12.2900657655,0.349,-0.696
1348+308,2015,11,207.7197342513,0.141,30.5815529933,0.123,-0.04
1349-439,2015,3,208.2355623552,0.302,-44.2112187604,0.41,0.058
1351-018,2015,62,208.5287305406,0.152,-2.1008862389,0.305,0.088
1352-104,2015,4,208.6938279586,0.496,-10.684071233,0.194,0.722
1354+195,2015,3,209.2684860594,3.429,19.3187148859,2.443,-0.617
1354-152,2015,15,209.2968539981,0.208,-15.4579964161,0.262,0.003
1357+769,2015,36,209.48071473,0.407,76.7225141246,0.099,0.013
1400-184,2015,1,210.7021020457,0.768,-18.6798577987,3.115,-0.876
1402+044,2015,1,211.2546926647,48.405,4.259933824,46.304,-0.626
1404+286,2015,6,211.7516433807,0.2,28.4540804319,0.2,0.211
1406-076,2015,39,212.2353383539,0.176,-7.8740740229,0.117,0.136
1406-267,2015,27,212.4590407465,0.387,-26.9602724771,0.339,0.399
1413+135,2015,3,213.9950729771,0.13,13.3399202032,0.174,0.034
1414+129,2015,1,214.1194019464,0.611,12.7037718751,0.771,0.243
1416+067,2015,2,214.7841652934,80.031,6.476350524,31.59,-0.662
1416+159,2015,1,214.7113383784,0.412,15.6850942476,0.622,0.019
1417+385,2015,42,214.9442240209,0.112,38.3634652901,0.103,-0.027
1418+546,2015,42,214.9441558347,0.084,54.3874408659,0.055,0.021
1420-679,2015,5,216.2314894286,0.406,-68.132804052,0.181,0.003
1423+146,2015,4,216.4542417053,0.209,14.4158061166,0.166,0.048
1424+240,2015,7,216.7516323975,0.155,23.80001043,0.093,0.104
1424+366,2015,9,216.654531316,0.631,36.4193259964,0.334,-0.226
1424-418,2015,170,216.9845731757,0.092,-42.1053993498,0.105,0.137
1424-834,2015,3,218.3684701147,2.368,-83.6857530587,0.285,-0.102
1428+370,2015,7,217.6690986666,0.171,36.8177468965,0.149,0.217
1432+200,2015,14,218.6658056438,0.589,19.8668710137,0.319,0.195
1435+638,2015,2,219.1908361369,52.418,63.6105298001,25.703,-0.047
1435-218,2015,1,219.5394557649,0.204,-22.0818745564,0.125,0.251
1437-153,2015,1,219.9869668623,0.127,-15.5307096692,0.27,-0.232
1438-151,2015,1,220.4392384346,0.185,-15.3934070289,0.396,-0.272
1441+252,2015,21,220.9870508336,0.15,25.0290251972,0.143,-0.214
1443-162,2015,2,221.4724012549,0.316,-16.483783161,0.236,-0.726
1448+762,2015,5,222.1199129957,0.266,76.0198881286,0.068,-0.057
1448-648,2015,1,223.1653295559,0.651,-65.0342869767,0.292,0.166
1451-375,2015,10,223.6142074073,0.239,-37.7925401801,0.183,0.059
1451-400,2015,3,223.6371349228,0.66,-40.2090319583,0.761,0.652
1454-060,2015,1,224.1724693426,0.321,-6.2953347215,0.612,0.464
1456+044,2015,3,224.7473174368,0.422,4.2705056499,0.258,-0.392
1458+718,2015,4,224.7815992,0.27,71.672185318,0.101,-0.132
1459+480,2015,5,225.2027260276,0.103,47.8543161794,0.099,-0.038
1501-026,2015,1,226.0313289372,2.146,-2.8046175221,2.201,-0.002
1502+036,2015,45,226.2769881688,0.148,3.4418923794,0.139,0.13
1502+106,2015,9,226.1040823868,0.115,10.4942218254,0.106,-0.177
1504+377,2015,15,226.5397082739,0.15,37.5142034866,0.146,-0.007
1505-156,2015,2,227.1487563289,2.168,-15.8087573126,6.781,-0.94
1510-089,2015,62,228.210553892,0.093,-9.0999528173,0.222,0.231
1511-100,2015,8,228.4370559688,0.139,-10.2000735765,0.09,0.093
1514+197,2015,4,229.2366330079,33.783,19.5369542842,22.939,-0.357
1514-241,2015,1,229.4242212651,0.795,-24.3720766073,0.506,0.24
1519-273,2015,126,230.6569833355,0.107,-27.5029959751,0.099,0.08
1519-294,2015,1,230.6061929494,0.162,-29.6070085857,0.382,-0.216
1520+319,2015,22,230.5416322079,0.161,31.7373283253,0.158,-0.05
1520+437,2015,44,230.4567245257,0.129,43.6109078364,0.128,-0.172
1525+737,2015,1,231.1723944813,1.26,73.6002231952,0.13,-0.156
1528-274,2015,1,232.8508329831,0.301,-27.5919509281,0.63,-0.248
1528-684,2015,3,233.3937012238,1.23,-68.6221255741,0.41,-0.144
1532+016,2015,1,233.7185665624,44.924,1.5178348756,39.537,-0.686
1538+149,2015,34,235.2062146537,0.123,14.7960790879,0.133,-0.102
1540-077,2015,1,235.7570294688,0.849,-7.9518439019,0.83,0.516
1546+027,2015,23,237.3726535468,0.095,2.6169898292,0.084,0.019
1547+507,2015,8,237.3227755938,14.251,50.6349453461,11.153,0.324
1547-054,2015,1,237.6243645632,0.742,-5.636392916,1.738,-0.654
1548+056,2015,6,237.6469551553,0.138,5.4529023451,0.1,-0.132
1550-242,2015,3,238.3817827038,0.22,-24.3683433651,0.487,0.083
1554-643,2015,1,239.7095182916,0.595,-64.5415657634,0.337,0.634
1555+001,2015,17,239.4643082472,0.198,-0.0306704809,0.141,0.046
1555-140,2015,1,239.5914499917,2.111,-14.1664057206,3.571,-0.286
1557+032,2015,7,239.8790525576,0.118,3.080071297,0.142,-0.07
1600+335,2015,1,240.5302581397,23.192,33.4480731764,18.419,0.139
1601+112,2015,6,240.9247134832,0.183,11.0968553564,0.197,0.005
1602-115,2015,4,241.3230485673,0.125,-11.657453053,0.253,-0.227
1604-333,2015,2,241.8948432748,0.313,-33.519142655,0.44,-0.448
1606+106,2015,11,242.1925132616,0.11,10.4854932898,0.106,-0.162
1608+243,2015,8,242.675111608,0.177,24.2469476426,0.165,-0.044
1610-771,2015,6,244.4553188657,1.441,-77.2884632534,0.36,-0.105
1611+343,2015,52,243.421101003,0.215,34.2133081929,0.441,0.022
1611-710,2015,1,244.127672954,0.404,-71.142070759,0.168,0.069
1614+051,2015,10,244.1564867856,0.134,4.9924268287,0.116,-0.411
1615+029,2015,8,244.4579504369,0.739,2.778640153,0.873,0.264
1616+063,2015,15,244.76536523,0.19,6.2172897592,0.295,-0.024
1617+229,2015,54,244.8117691724,0.162,22.7966252601,0.161,-0.174
1619-680,2015,3,246.07682091,0.535,-68.1534713379,0.236,0.384
1621-067,2015,1,246.1371947753,0.201,-6.8304514459,0.391,-0.113
1622-253,2015,39,246.4453818543,0.165,-25.4606462844,0.146,0.121
1623+578,2015,28,246.1033647952,0.409,57.6878558789,0.127,-0.079
1624-617,2015,4,247.2278741347,0.314,-61.8767772748,0.194,0.064
1629-458,2015,2,248.1948161726,6.395,-45.9671482393,5.054,0.698
1633+382,2015,48,248.8145540918,0.26,38.1345834732,0.582,0.04
1633-810,2015,1,250.7389428207,6.601,-81.1430766542,4.306,-0.45
1635-035,2015,1,249.5802166899,0.161,-3.6680798819,0.307,-0.284
1636+473,2015,19,249.4380439711,0.116,47.2927309095,0.103,-0.097
1637+574,2015,8,249.5560679672,0.124,57.3399942148,0.077,0.101
1637+826,2015,16,248.1332079461,1.047,82.5378888525,0.113,-0.12
1638+398,2015,74,250.1234698435,0.086,39.7794523663,0.064,0.065
1639+230,2015,29,250.3551148584,0.099,22.9511202366,0.129,-0.03
1639-062,2015,55,250.5090737923,0.152,-6.3565819518,0.102,0.056
1641+399,2015,1,250.7450420806,0.223,39.8102762795,0.16,-0.247
1642+690,2015,6,250.5327021573,0.116,68.9443767188,0.052,0.133
1647-296,2015,1,252.6647679745,3.503,-29.7297126086,11.936,-0.974
1651+391,2015,7,253.2437899153,0.108,39.0471728081,0.119,-0.103
1652+398,2015,9,253.4675695556,0.117,39.7601691638,0.103,0.087
1655+077,2015,1,254.537546053,6.445,7.6909881499,15.765,-0.995
1656-075,2015,9,254.6835914893,0.346,-7.654915185,0.234,0.045
1657-261,2015,114,255.2214752859,0.165,-26.1810348413,0.117,-0.18
1657-562,2015,2,255.4369089269,0.253,-56.3655287058,0.216,0.119
1659+399,2015,4,255.3526450338,0.325,39.9103032495,0.384,0.096
1659-621,2015,4,255.9022549754,0.559,-62.211113622,0.373,0.528
1705+018,2015,20,256.8933969374,0.146,1.8126942073,0.105,0.073
1705+135,2015,2,256.9401553131,0.125,13.5181203564,0.12,0.553
1706-174,2015,31,257.3931058295,0.268,-17.4814902976,0.197,-0.055
1707+779,2015,1,256.3551626981,1.156,77.9336923309,0.591,-0.263
1715-112,2015,1,259.5622834691,1.598,-11.3458253173,4.987,-0.951
1717+178,2015,13,259.8043687054,0.198,17.7517881353,0.134,-0.134
1722+330,2015,16,261.0591575525,0.266,33.051094284,0.253,-0.032
1725+123,2015,6,262.0293800263,0.11,12.2609682157,0.127,0.35
1725-795,2015,5,263.4195843944,1.014,-79.5988103647,0.259,0.016
1726+455,2015,26,261.8652116596,0.107,45.5110365042,0.071,-0.018
1730+604,2015,1,262.719638942,1.6,60.4213120619,0.592,0.524
1732+389,2015,7,263.5857438909,0.082,38.9642897778,0.062,-0.011
1734+363,2015,1,263.9503608753,0.245,36.2793364657,0.243,0.525
1736+324,2015,7,264.6687575721,0.116,32.4025070726,0.139,0.218
1737-081,2015,1,265.0065258549,0.149,-8.1874393339,0.319,-0.281
1738+476,2015,4,264.9880377781,0.114,47.6328782183,0.103,0.05
1738+499,2015,16,264.8641270404,0.272,49.9176023362,0.182,0.248
1739+522,2015,3,265.1540742936,0.127,52.1953910072,0.072,-0.179
1740-517,2015,4,266.106065068,1.298,-51.7454825749,0.784,-0.275
1741+597,2015,1,265.6333338005,0.696,59.7518699145,0.281,0.07
1741-038,2015,165,265.9952339131,0.067,-3.834615752,0.068,0.068
1743+173,2015,3,266.3967006962,0.102,17.3337287868,0.119,-0.093
1746+470,2015,3,266.8610303612,0.462,46.9808129202,0.467,-0.107
1749+096,2015,136,267.8867440576,0.055,9.6502023469,0.05,0.182
1749+701,2015,6,267.1368324126,58.638,70.0974275982,21.59,0.193
1751+288,2015,121,268.4269734998,0.061,28.8013719479,0.051,0.136
1754+155,2015,5,269.2212588829,0.241,15.5891184931,0.192,-0.106
1754+159,2015,1,269.1405233737,0.338,15.8955091748,0.666,-0.193
1755+578,2015,1,269.0151169791,0.852,57.8133323756,0.301,0.337
1758+388,2015,16,270.1031890004,0.127,38.8085270997,0.118,0.102
1758-651,2015,72,270.8479028161,0.43,-65.1268781564,0.222,0.243
1759-396,2015,49,270.6778336598,0.403,-39.6688633655,0.375,-0.055
1800+440,2015,5,270.3846451013,0.151,44.0727500738,0.12,-0.139
1803+784,2015,48,270.1903496313,0.178,78.4677828919,0.036,-0.009
1806+456,2015,28,272.0911912042,0.08,45.7057962696,0.075,0.065
1806-458,2015,1,272.4911322641,0.179,-45.8780591722,0.213,0.248
1807+698,2015,46,271.71116944,0.165,69.8244745836,0.055,0.064
1815-553,2015,2,274.9391646748,0.388,-55.3557625009,0.353,0.23
1816-029,2015,1,274.8225370627,0.404,-2.9688521326,0.487,0.308
1818+551,2015,1,274.7920233226,0.562,55.1857091602,0.241,0.105
1820-274,2015,1,275.8318840573,62.482,-27.440667082,149.632,-0.974
1821+107,2015,2,276.0118920203,11.866,10.7399263906,17.264,0.201
1823+568,2015,11,276.0294515552,0.12,56.8504140914,0.076,0.079
1824-582,2015,2,277.3016767335,0.256,-58.2319892883,0.205,0.514
1825-041,2015,1,276.9376688793,0.29,-4.0957155941,0.512,0.099
1826+796,2015,2,275.8087866073,1.527,79.6469448362,0.428,0.6
1829-207,2015,1,278.0460270158,0.278,-20.6633895469,0.541,0.286
1830-589,2015,3,278.6144681817,1.85,-58.9434093661,0.76,-0.354
1831-711,2015,3,279.3696457613,0.516,-71.1454319235,0.282,0.46
1842+681,2015,10,280.6401736524,0.249,68.1570076754,0.1,0.089
1845-273,2015,1,282.1979339899,0.144,-27.3050201456,0.34,-0.132
1846+322,2015,65,282.0920357511,0.146,32.3173899265,0.137,-0.122
1849+670,2015,39,282.3169678559,0.092,67.0949111447,0.041,0.052
1852-534,2015,4,284.2518846239,1.365,-53.4167723041,1.059,0.64
1901+155,2015,1,286.0598384444,0.806,15.6106814572,1.701,-0.444
1901+319,2015,7,285.7330788575,1.955,31.9949170795,0.683,-0.059
1908+484,2015,5,287.4440112684,0.339,48.575505611,0.28,0.182
1908-201,2015,60,287.7902204112,0.308,-20.1153080387,0.3,0.221
1909+161,2015,19,287.9927391782,0.123,16.1963514038,0.195,0.043
1914-154,2015,1,289.2187957912,0.131,-15.3166865008,0.281,-0.157
1918-026,2015,1,290.1802589779,0.247,-2.6032238303,0.405,0.418
1920-211,2015,33,290.8841242508,0.12,-21.0759258329,0.137,0.133
1921-293,2015,124,291.2127331152,0.133,-29.2417002561,0.153,0.403
1922-224,2015,3,291.4157926755,0.51,-22.3264197981,1.798,0.137
1923+210,2015,33,291.4983557146,0.215,21.1072673089,0.113,0.346
1925-610,2015,2,292.5256672535,0.342,-60.9358845404,0.205,-0.196
1928+738,2015,4,291.9520625985,2.439,73.9671027158,0.452,0.087
1929+226,2015,29,292.8538198602,0.105,22.7253496284,0.103,-0.026
1933-400,2015,5,294.3175723,0.128,-39.9670980695,0.238,0.363
1935-692,2015,2,295.1063672945,0.422,-69.1324922407,0.237,-0.146
1936-155,2015,34,294.8610739944,0.139,-15.4286273396,0.156,0.022
1937-101,2015,1,294.9885745869,111.868,-10.04481176,127.477,-0.806
1941-554,2015,3,296.3509538017,2.086,-55.3468989899,1.467,0.266
1945-011,2015,1,296.932431994,0.6,-1.0568125304,1.54,-0.824
1947+079,2015,1,297.5230829419,0.41,8.1205501525,0.359,-0.429
1954+282,2015,1,299.1918354835,0.289,28.3494382145,0.359,0.355
1954+513,2015,14,298.9280761131,0.133,51.5301517048,0.096,0.078
1954-388,2015,127,299.4992469954,0.137,-38.7517655237,0.148,0.133
1957-135,2015,2,300.1756046821,0.274,-13.4259813461,0.148,-0.33
1958-179,2015,84,300.2378768186,0.094,-17.8160201817,0.1,0.392
2000+148,2015,5,300.674996801,0.081,15.0207150979,0.126,-0.16
2000+472,2015,45,300.5434093513,0.113,47.4246593731,0.078,0.059
2000-330,2015,1,300.8504815808,7.65,-32.8625322985,11.382,-0.982
2002-375,2015,4,301.4794621672,0.206,-37.3948547605,0.297,-0.28
2005+403,2015,1,301.9372703601,0.838,40.4968343868,0.677,0.212
2008-068,2015,2,302.809247823,61.353,-6.7343105722,59.057,-0.617
2008-159,2015,48,302.8154622032,0.103,-15.7778482495,0.088,0.114
2013+163,2015,36,304.0577501278,0.188,16.5428092105,0.164,-0.036
2016-053,2015,1,304.7406665266,0.455,-5.1581599318,0.774,-0.49
2021+317,2015,3,305.8292359084,4.307,31.8839699862,9.938,0.449
2021+614,2015,2,305.5278361993,16.171,61.616335151,2.471,0.006
2022-077,2015,1,306.4194182595,0.151,-7.5979690518,0.319,-0.31
2023+335,2015,1,306.2951754995,165.754,33.7167262425,122.784,1.0
2029+024,2015,4,307.9468796922,0.279,2.6603566162,0.323,0.191
2029+121,2015,13,307.9791428587,0.052,12.3281500401,0.071,-0.382
2037+511,2015,102,309.654311366,0.07,51.3201840441,0.047,0.028
2046+429,2015,1,312.0813163157,16.403,43.1783504242,29.589,-0.612
2047-266,2015,1,312.6028909959,0.171,-26.4716824683,0.424,-0.037
2051+687,2015,1,313.0010280854,0.883,68.9710324964,0.154,0.211
2052+239,2015,1,313.6230545298,0.411,24.1260458664,0.501,0.413
2052-474,2015,140,314.0681659192,0.261,-47.2465632597,0.192,0.104
2053-044,2015,1,313.9594083332,0.296,-4.2797448659,0.474,0.201
2054-377,2015,1,314.4233479325,0.444,-37.5674975537,0.341,-0.481
2057+235,2015,1,315.0201448086,0.386,23.784279323,0.501,0.339
2059+034,2015,83,315.4118089783,0.139,3.6920335191,0.138,0.063
2106+143,2015,6,317.1709672649,0.185,14.5075035168,0.104,-0.107
2106-413,2015,2,317.3882858693,0.438,-41.1723901251,0.31,-0.017
2112+283,2015,1,318.7430566535,0.153,28.549221229,0.205,-0.052
2113+293,2015,64,318.8725560361,0.148,29.5606575319,0.227,0.072
2121+053,2015,7,320.9354891832,0.081,5.5894702411,0.161,-0.132
2121+460,2015,1,320.8826183363,0.295,46.2397111714,0.262,0.308
2123-463,2015,2,321.6279345145,0.524,-46.0966367728,0.806,0.379
2126-158,2015,57,322.3007328714,0.207,-15.6447339605,0.284,0.132
2127-096,2015,8,322.5795344792,0.163,-9.46039862,0.153,-0.036
2128+048,2015,1,322.6369898069,2.216,5.0381868154,1.548,-0.678
2128-123,2015,29,322.8969241131,0.488,-12.1179987766,0.626,0.643
2131-021,2015,52,323.5429566544,0.108,-1.8881219282,0.197,0.292
2134+004,2015,3,324.1607758058,0.283,0.6983923854,0.317,-0.761
2135-184,2015,5,324.6746938296,2.585,-18.1789947557,3.138,-0.167
2136+141,2015,52,324.7554553317,0.341,14.3933310739,0.343,0.205
2141+175,2015,35,325.8981023498,0.099,17.7302188192,0.082,-0.042
2141-334,2015,1,326.2132735156,1.639,-33.2153051975,2.333,-0.316
2142+110,2015,6,326.3282294837,0.135,11.2575867697,0.173,-0.219
2142-758,2015,3,326.8030442577,0.556,-75.6036738221,0.136,-0.071
2143-156,2015,13,326.5957471431,0.457,-15.4288571095,0.323,0.192
2144+092,2015,13,326.7923457451,0.139,9.4962978646,0.124,-0.212
2144-065,2015,1,326.8412030892,5.829,-6.3403618609,17.612,-0.991
2145+067,2015,51,327.0227444328,0.175,6.9607234668,0.262,0.368
2145+082,2015,8,326.9800808058,0.17,8.503304723,0.405,-0.01
2149+056,2015,24,327.9078146019,0.235,5.8702652129,0.353,-0.019
2149-307,2015,57,327.9813498712,0.097,-30.4649161828,0.137,0.222
2150+173,2015,8,328.1034141135,0.147,17.5771653529,0.108,0.15
2152-699,2015,1,329.2749175691,1.717,-69.6899126867,0.518,0.61
2155+312,2015,17,329.3700995216,0.167,31.4503755149,0.15,-0.067
2155-152,2015,1,329.5261745035,0.088,-15.0192579789,0.075,0.1
2155-304,2015,4,329.7169380646,0.165,-30.2255884388,0.406,-0.335
2200+420,2015,43,330.680380656,0.493,42.2777722686,0.852,-0.088
2201+315,2015,26,330.8123990625,1.008,31.7606305268,1.288,0.046
2204-540,2015,5,331.9322220748,0.248,-53.7760611359,0.234,0.244
2205+166,2015,3,331.9702736274,0.12,16.8716154004,0.192,-0.277
2208-137,2015,3,332.8504143509,0.216,-13.4693674355,0.449,-0.038
2209+236,2015,21,333.0248596333,0.115,23.9279288642,0.082,0.055
2214+350,2015,62,334.0833745823,0.117,35.3039388388,0.107,-0.018
2215+150,2015,13,334.5454745666,0.107,15.3432548917,0.079,0.067
2220-318,2015,4,335.8401319316,0.351,-31.6172525268,0.481,0.105
2220-351,2015,3,335.7747106054,0.218,-34.9297715013,0.375,0.025
2223-052,2015,97,336.4469137018,0.133,-4.9503862579,0.094,0.145
2223-114,2015,2,336.4321593453,6.844,-11.2279716083,18.419,-0.974
2227-088,2015,65,337.4170180538,0.076,-8.5484542963,0.063,0.033
2227-399,2015,1,337.6678273545,0.405,-39.7144630265,0.366,0.323
2229+695,2015,93,337.6519573347,0.17,69.7744658066,0.054,-0.015
2230+114,2015,54,338.1517037928,0.109,11.7308067521,0.236,0.196
2232-488,2015,55,338.8051524775,0.133,-48.5996651141,0.112,0.187
2234+282,2015,9,339.093628455,0.083,28.482614763,0.084,0.636
2236-572,2015,6,339.8003162778,0.264,-57.0168998196,0.192,-0.152
2237+121,2015,1,339.8831828922,0.367,12.3734492793,0.572,0.333
2239+096,2015,8,340.4571554584,0.143,9.8979014117,0.095,0.013
2243+047,2015,3,341.4735588764,0.283,5.0158228407,0.535,0.526
2243-123,2015,38,341.5759664145,0.34,-12.1142439781,0.452,0.508
2244-372,2015,5,341.7663221514,0.274,-36.9628622821,0.354,-0.269
2245-091,2015,1,341.9674729417,3.65,-8.8394708202,10.199,-0.961
2245-328,2015,6,342.1611905373,0.22,-32.5978299378,0.252,-0.676
2251+158,2015,6,343.4906162558,0.07,16.1482114679,0.152,-0.024
2253+417,2015,1,343.9029273337,196.853,42.0479734988,135.655,0.336
2254+024,2015,2,344.3231795568,0.243,2.7215310913,0.258,-0.588
2254+074,2015,22,344.3220963314,0.103,7.7200840813,0.082,0.213
2255-282,2015,157,344.5248453422,0.253,-27.9725713062,0.246,0.544
2300-683,2015,26,345.931519264,0.637,-68.1270675944,0.311,-0.026
2305+187,2015,1,346.9401094492,6.562,19.0223635452,8.275,-0.104
2307+106,2015,6,347.6188240305,0.339,10.9251935197,0.268,-0.225
2309+454,2015,40,347.9475373831,0.189,45.7322268105,0.15,-0.274
2312-505,2015,4,348.9347098914,0.242,-50.3110290861,0.238,0.186
2314+038,2015,1,349.1466449014,0.892,4.0884165854,0.822,-0.163
2314-409,2015,8,349.1954996398,0.32,-40.6891906241,0.397,-0.017
2316+238,2015,1,349.6415327241,0.222,24.0777080979,0.292,-0.129
2317-372,2015,1,349.9731847601,0.679,-36.9411843549,2.1,-0.452
2318+049,2015,37,350.186902521,0.106,5.23054238,0.083,-0.007
2319+317,2015,57,350.4789832849,0.109,32.0687840351,0.083,-0.003
2319+444,2015,4,350.5848253088,0.213,44.761764881,0.195,-0.073
2324+151,2015,1,351.8415250919,0.162,15.4103642474,0.251,-0.158
2325+093,2015,11,351.8899190157,0.135,9.6692952409,0.118,0.087
2326-477,2015,4,352.3237680736,0.173,-47.5053096842,0.198,0.308
2328+107,2015,1,352.6702176187,0.212,11.0051971741,0.173,0.213
2329-384,2015,19,352.9978172921,0.364,-38.1965697105,0.367,0.356
2329-415,2015,6,353.0793680179,0.37,-41.3104395499,0.475,0.128
2331-240,2015,1,353.4801576808,0.675,-23.7279606344,0.195,0.244
2333-415,2015,3,354.1416044876,0.472,-41.256106574,0.56,-0.195
2335-027,2015,24,354.4889128057,0.18,-2.5160081306,0.13,0.043
2336+598,2015,1,354.8380216962,0.519,60.1699582359,0.238,-0.275
2337+264,2015,1,355.1209563031,0.153,26.6991123638,0.134,0.103
2344+092,2015,1,356.6534940773,0.08,9.512643071,0.07,0.348
2344-514,2015,1,356.8327670047,0.283,-51.1766847601,0.205,0.447
2346-049,2015,1,357.2923590124,0.57,-4.6342750577,0.986,-0.478
2351-154,2015,7,358.6258132089,0.142,-15.2197813357,0.159,-0.171
2352+495,2015,2,358.7894090257,0.345,49.8356498651,0.364,0.126
2353+816,2015,9,359.0949746099,0.815,81.8811819505,0.123,0.005
2353-686,2015,8,359.0028392691,0.444,-68.334297768,0.186,0.04
2355+490,2015,1,359.5408895102,0.631,49.3621775831,0.379,0.141
2355-106,2015,53,359.5453433251,0.138,-10.3357253782,0.105,0.087
2355-534,2015,8,359.4719419525,0.204,-53.1871359464,0.185,0.188
2356+385,2015,37,359.888253293,0.2,38.8450885045,0.232,-0.169
2357-318,2015,16,359.8978813431,0.443,-31.5621735026,0.307,-0.169
2358+189,2015,9,0.2859231902,0.111,19.2427227912,0.18,0.035
