iers_name,year,num_ses,ra,ra_err,dec,dec_err,ra_dec_corr
0003+158,2016,1,1.4968240938,0.161,16.1636171193,0.239,-0.173
0003-066,2016,42,1.5578870313,0.135,-6.3931487319,0.097,-0.082
0006+061,2016,1,2.2663827536,0.151,6.4725667877,0.284,-0.096
0008-264,2016,39,2.755194762,0.363,-26.2092714192,0.222,-0.124
0009+081,2016,1,2.8969566645,0.111,8.3987740489,0.202,-0.145
0010+405,2016,9,3.3797091499,0.099,40.8603178432,0.098,-0.153
0010-401,2016,1,3.2496246072,0.501,-39.9072370143,1.055,0.806
0013-005,2016,2,4.0462021522,0.396,-0.2534568628,0.404,0.132
0014+813,2016,2,4.2853127903,0.704,81.5855932567,0.117,0.125
0015+145,2016,1,4.4037659057,0.293,14.8505221246,0.431,0.266
0015-054,2016,3,4.3992383445,0.363,-5.2116022567,0.212,0.611
0016+731,2016,51,4.9407766851,0.177,73.4583382365,0.053,-0.057
0017+200,2016,65,4.907727061,0.085,20.36267909,0.067,0.053
0017+257,2016,1,4.9157524588,0.092,26.0478547982,0.116,-0.137
0019+058,2016,35,5.6351717228,0.25,6.1345191798,0.225,0.136
0021+243,2016,1,6.1138772303,0.201,24.6572859655,0.347,0.194
0025+197,2016,2,7.1242437173,0.277,20.00742868,0.767,-0.485
0026+346,2016,2,7.309343723,0.375,34.9422909458,0.27,0.144
0035+413,2016,4,9.6035148136,0.286,41.618333445,0.316,0.348
0035-252,2016,2,9.5613979259,0.099,-24.9839542877,0.171,-0.173
0038-020,2016,1,10.2400482492,0.165,-1.77556279,0.317,0.39
0044+030,2016,1,11.7746613817,0.136,3.3318847766,0.296,0.034
0047+023,2016,4,12.4301497411,0.1,2.6177162971,0.18,-0.006
0048-097,2016,26,12.6721557828,0.294,-9.4847806524,0.194,-0.039
0048-427,2016,11,12.7895909559,0.241,-42.4425814519,0.38,-0.109
0054+161,2016,13,14.2303930457,0.17,16.420372543,0.194,0.011
0055+300,2016,1,14.4536804124,0.333,30.3524479099,0.3,-0.169
0055-059,2016,20,14.5211096482,0.195,-5.6645215687,0.272,-0.125
0059+581,2016,80,15.6906765251,0.091,58.4030935201,0.05,-0.071
0100-760,2016,2,15.5777519158,2.044,-75.7810361045,0.391,0.531
0103+057,2016,1,16.4965417902,0.187,6.0164766798,0.301,0.191
0104-408,2016,89,16.6879498534,0.229,-40.5722111945,0.195,0.028
0106+013,2016,8,17.1615463666,0.174,1.5834215426,0.162,0.355
0107-610,2016,3,17.3144800564,0.452,-60.8301278409,0.406,-0.186
0108+388,2016,1,17.9054865954,0.195,39.1078068064,0.18,0.244
0109+200,2016,1,18.0424616637,0.105,20.3393787693,0.183,0.02
0109+224,2016,5,18.0242696557,0.429,22.7441072681,0.519,0.361
0110+495,2016,6,18.3625283851,0.193,49.8066787664,0.189,-0.33
0111+021,2016,9,18.4297706448,0.423,2.3714767811,0.482,0.179
0112-017,2016,3,18.8212495759,0.587,-1.4512713857,0.639,0.031
0113-118,2016,3,19.0521751109,0.348,-11.604287459,0.482,0.008
0115-214,2016,41,19.4532505815,0.219,-21.1851758853,0.271,0.007
0116-219,2016,6,19.7385924031,0.103,-21.6917056313,0.127,0.254
0119+041,2016,40,20.4869236426,0.259,4.3735373659,0.472,-0.003
0119+115,2016,53,20.4233127445,0.141,11.8306704715,0.291,0.223
0119+247,2016,1,20.6617332507,0.096,25.0421646897,0.155,-0.066
0127+084,2016,1,22.6151434633,0.133,8.7128254594,0.256,-0.17
0130-083,2016,1,23.171358541,0.232,-8.0680101238,0.42,-0.247
0131-522,2016,56,23.2740104841,0.387,-52.001095909,0.249,0.036
0133+476,2016,49,24.2441450238,0.11,47.8580833912,0.093,-0.184
0134+311,2016,38,24.2863901462,0.149,31.3766265285,0.167,0.306
0134+329,2016,1,24.4220817779,2.261,33.1597566641,8.83,-0.399
0137+012,2016,2,24.9887740216,0.528,1.5294829957,0.419,-0.454
0138-097,2016,7,25.3576339397,0.179,-9.4787983575,0.089,0.143
0145+210,2016,1,26.974261996,0.285,21.2610351296,0.467,0.402
0149+218,2016,7,28.0752460079,0.134,22.1188055296,0.116,-0.034
0151+474,2016,24,28.7345411723,0.272,47.7240387566,0.22,0.105
0155-549,2016,1,29.207134058,1.81,-54.6634720604,1.125,0.69
0159+723,2016,4,30.8891038819,0.498,72.5482409374,0.135,0.136
0201+113,2016,22,30.9444044478,0.315,11.5792804385,0.37,-0.144
0202+149,2016,4,31.2100579255,0.172,15.2364009922,0.086,0.05
0202+319,2016,95,31.2705223424,0.076,32.2083598859,0.058,0.02
0202-172,2016,2,31.2403097437,0.237,-17.0221776855,0.265,-0.35
0203-120,2016,1,31.608686391,0.101,-11.8443678548,0.225,-0.166
0206+136,2016,7,32.3999930388,0.076,13.8668755146,0.088,0.057
0208-512,2016,6,32.6925016884,0.364,-51.0171921764,0.173,-0.036
0211+171,2016,2,33.6871368264,0.268,17.3804200234,0.399,0.101
0212+735,2016,7,34.378388941,0.221,73.8257282528,0.061,0.025
0212-620,2016,1,33.5675178614,0.838,-61.8260166097,0.331,0.204
0213-026,2016,1,33.9250720165,0.07,-2.3824312612,0.143,-0.09
0215+015,2016,16,34.4539780605,0.198,1.7471386327,0.183,0.007
0221+067,2016,9,36.1184507496,0.09,6.9898171095,0.106,-0.134
0224+671,2016,1,37.2085476894,1.331,67.3508416164,0.414,0.119
0226-559,2016,4,37.0899932357,0.668,-55.7675778189,0.383,0.064
0227-369,2016,7,37.3685377417,0.17,-36.7324506662,0.392,0.073
0229+131,2016,72,37.9412252675,0.122,13.3818656689,0.084,0.131
0229+200,2016,1,38.2025615496,5.485,20.288192551,10.52,-0.706
0230-790,2016,4,37.3956109011,0.767,-78.7960003228,0.179,-0.046
0232-042,2016,1,38.7805906781,0.163,-4.0348103302,0.343,0.006
0234+285,2016,11,39.4683570183,0.209,28.8024972286,0.165,0.007
0234-301,2016,3,39.1298726151,0.35,-29.8987612627,0.18,-0.529
0235+164,2016,9,39.6622088027,0.091,16.6164652081,0.09,0.339
0235+205,2016,1,39.4609537814,0.41,20.7717928991,0.89,0.656
0235-618,2016,2,39.2218573164,1.009,-61.6042176563,0.421,0.315
0237+040,2016,4,39.9635959845,0.137,4.2726143885,0.135,-0.126
0237-027,2016,61,39.9394678184,0.11,-2.5780318221,0.119,-0.013
0238-084,2016,5,40.2699937004,0.297,-8.2557645186,0.241,0.191
0239+175,2016,3,40.6011177583,0.106,17.7163470482,0.158,0.146
0241+622,2016,7,41.2404031015,0.785,62.4684766486,0.245,0.026
0241-564,2016,1,40.8605375992,0.972,-56.211789029,0.637,-0.011
0244-452,2016,1,41.4754616549,0.707,-44.9943383589,0.404,0.23
0244-470,2016,1,41.5004913982,0.435,-46.85478694,0.299,0.303
0245-167,2016,1,42.0322175843,0.128,-16.5295517683,0.301,-0.108
0250+320,2016,1,43.390208873,0.195,32.2891366181,0.215,0.262
0250-122,2016,1,43.3486846685,0.311,-12.007778364,0.669,-0.532
0254-334,2016,2,44.1775112823,0.823,-33.2559103128,0.826,0.324
0256+192,2016,1,44.8735663627,0.154,19.4289796729,0.211,-0.149
0256-005,2016,27,44.8688173271,0.252,-0.3333265084,0.214,-0.122
0259+121,2016,1,45.627278178,1.153,12.3157651024,1.025,-0.48
0300+470,2016,5,45.8968425465,0.178,47.271187668,0.103,-0.032
0302+625,2016,5,46.677748008,0.506,62.717228905,0.298,0.034
0302-623,2016,5,45.9609638912,0.34,-62.1904305727,0.156,0.329
0306+102,2016,6,47.2650978927,0.122,10.4878725035,0.143,0.009
0307+380,2016,12,47.7078330359,0.146,38.2482883252,0.132,0.061
0308-611,2016,95,47.4837464331,0.335,-60.9775156525,0.177,0.124
0309+411,2016,3,48.2581755279,0.362,41.3336621607,0.638,-0.957
0312+100,2016,4,48.8380825851,0.512,10.2119678262,0.366,0.02
0316+413,2016,4,49.9506670784,0.583,41.5116956485,0.496,-0.348
0316-444,2016,1,49.4903305749,1.763,-44.2381007689,3.523,0.915
0317+188,2016,1,49.9635695714,0.441,19.0253588064,0.629,-0.793
0319+121,2016,1,50.4712644573,0.34,12.3538759769,0.566,-0.339
0322+222,2016,59,51.4033931338,0.115,22.4001015945,0.111,0.048
0324-328,2016,1,51.5626902502,0.9,-32.7236215631,2.408,0.412
0325+395,2016,8,52.2096337125,0.159,39.6790462032,0.135,0.116
0326+277,2016,1,52.4902898211,0.719,27.937637462,1.474,-0.381
0332+078,2016,24,53.722152822,0.341,8.0040053523,0.391,0.048
0332-403,2016,99,53.5568937029,0.169,-40.1403883065,0.134,0.0
0333+321,2016,1,54.1254511132,6.056,32.308147573,4.055,-0.955
0334-546,2016,3,53.9746868172,0.395,-54.5069764018,0.289,0.129
0335-364,2016,2,54.2250980889,0.865,-36.2683954466,0.477,-0.296
0336-019,2016,71,54.8789074478,0.113,-1.7766122292,0.081,0.182
0338-214,2016,26,55.1483660895,0.255,-21.3253256426,0.306,0.1
0340+362,2016,11,55.8706350972,0.304,36.3701194319,0.371,0.19
0341+158,2016,2,56.0965506368,0.115,15.9953803473,0.225,-0.279
0342+147,2016,5,56.2767355195,0.199,14.8970995076,0.285,-0.198
0345+460,2016,27,57.3280898918,0.098,46.166571636,0.08,-0.101
0346+800,2016,1,58.692192197,0.956,80.1580131422,0.178,0.093
0346-279,2016,8,57.1589357524,0.333,-27.8204349681,0.199,-0.218
0347-211,2016,24,57.4909444712,0.183,-21.0465948794,0.145,-0.148
0348-120,2016,3,57.7957372153,0.257,-11.8896291793,0.141,0.538
0350+465,2016,1,58.6250485544,0.141,46.7218750724,0.114,-0.066
0354+231,2016,1,59.3400411982,0.109,23.3316180303,0.155,-0.191
0355+508,2016,67,59.8739469603,0.751,50.9639338666,0.504,-0.084
0358+210,2016,5,60.4381919848,0.095,21.1746074736,0.171,-0.377
0400+258,2016,1,60.7732763395,1.159,26.0004187309,0.993,-0.068
0400-319,2016,2,60.5886082304,0.351,-31.7905404198,0.235,-0.551
0402-362,2016,19,60.9739579248,0.2,-36.0838647346,0.195,0.106
0403-132,2016,21,61.3916808059,0.126,-13.1371363549,0.172,0.172
0404+065,2016,1,61.9077907175,0.198,6.6345908003,0.41,-0.273
0405+304,2016,1,62.0849149837,193.327,30.5418028113,11.575,0.97
0405-331,2016,1,61.8913073374,0.338,-33.0628770874,0.769,0.733
0405-385,2016,11,61.7459805756,0.186,-38.441122813,0.255,0.082
0406-127,2016,8,62.2740405307,0.157,-12.6467065121,0.302,0.179
0409+229,2016,1,63.181945289,0.382,23.0848479629,0.608,-0.054
0410+110,2016,4,63.4180874245,0.306,11.2041072197,0.419,-0.247
0414-189,2016,10,64.1522686263,0.23,-18.8523167243,0.18,-0.04
0415+398,2016,15,64.8439563034,0.124,39.9247160475,0.128,-0.098
0420+022,2016,19,65.7175610699,0.155,2.3241474485,0.131,-0.174
0420+417,2016,1,65.9833748351,3.433,41.8340872986,1.043,0.267
0420-014,2016,53,65.8158363291,0.085,-1.3425182059,0.069,0.065
0422+004,2016,13,66.1951752849,0.232,0.6017582341,0.164,-0.244
0422-380,2016,8,66.1760153654,0.301,-37.9391066896,0.263,0.087
0423+233,2016,3,66.7322283603,0.082,23.4610092854,0.102,-0.145
0425+048,2016,1,66.9482105992,0.128,4.9523125969,0.271,-0.223
0426+181,2016,1,67.3714738547,0.659,18.2644941211,1.304,0.574
0426+273,2016,5,67.4706698747,0.138,27.4105211498,0.228,0.118
0430+052,2016,7,68.2962315216,0.095,5.3543387854,0.085,-0.076
0430+289,2016,28,68.4076244265,0.245,29.0987436404,0.338,-0.1
0430-332,2016,1,68.1856843438,0.446,-33.1533144865,1.099,0.728
0432-606,2016,1,68.392118367,1.231,-60.5038248247,0.529,0.114
0434-188,2016,17,69.2561782112,0.356,-18.7468376889,1.107,-0.422
0436-129,2016,6,69.6459207769,0.184,-12.8509329805,0.228,0.497
0437-454,2016,10,69.7535611167,0.185,-45.3729341741,0.267,0.13
0438-436,2016,5,70.0715829163,0.737,-43.5523898906,0.472,-0.383
0440+345,2016,5,70.8818133273,0.122,34.6851844409,0.131,0.111
0440-003,2016,9,70.6610863167,0.252,-0.295394705,0.261,0.291
0442+389,2016,1,71.5478919243,2.001,39.0047501118,1.48,0.475
0444+634,2016,3,72.3471275141,0.249,63.5359539726,0.125,0.159
0446+074,2016,1,72.3382109878,0.203,7.4863043935,0.329,0.19
0446+112,2016,24,72.2819629627,0.232,11.3579434371,0.251,-0.163
0447+227,2016,1,72.7164361877,0.131,22.8183051281,0.202,-0.248
0447-010,2016,3,72.428774689,0.451,-0.9562091775,0.26,0.612
0450+013,2016,1,73.2593275785,0.135,1.4765634946,0.234,0.049
0451-282,2016,6,73.3110283411,0.122,-28.1270352812,0.114,0.045
0454+844,2016,30,77.1765145195,2.399,84.5345956155,0.28,0.104
0454-234,2016,86,74.2632467636,0.098,-23.4144500711,0.074,0.058
0454-463,2016,21,73.9615520301,0.38,-46.2662998985,0.214,0.098
0454-810,2016,6,72.5226675334,0.918,-81.017286535,0.166,0.024
0458+138,2016,1,75.4386284746,0.282,13.9353390447,0.267,0.06
0458-020,2016,75,75.3033745426,0.102,-1.9872934631,0.083,-0.014
0459+060,2016,1,75.5643577217,0.471,6.1520813979,0.331,0.095
0459+135,2016,4,75.638414672,0.182,13.6363774727,0.166,0.136
0459+252,2016,1,75.7436447743,0.138,25.2736878173,0.194,-0.018
0500+019,2016,1,75.8383215149,0.083,2.0512991325,0.164,-0.147
0506+101,2016,19,77.364404386,0.269,10.1957222831,0.282,-0.367
0506-612,2016,6,76.6832865104,0.546,-61.1613872226,0.276,0.341
0507+179,2016,3,77.509871313,0.263,18.0115505081,0.698,0.482
0508+138,2016,1,77.9096653859,0.571,13.9553315161,0.322,0.588
0509+011,2016,3,77.9900522851,0.381,1.1803988844,0.202,0.532
0510+559,2016,1,78.5779148808,0.281,56.0364036282,0.154,0.275
0511-220,2016,4,78.4546429913,0.12,-21.9878032951,0.233,0.026
0515+208,2016,5,79.5159354566,0.113,20.9145825169,0.204,-0.096
0516-621,2016,5,79.1871923923,0.341,-62.1181637029,0.194,0.172
0518+211,2016,1,80.4415244067,0.733,21.2142922466,0.36,0.458
0521+793,2016,1,82.5331166198,2.237,79.3483703663,0.374,0.649
0521-365,2016,6,80.7416027116,0.287,-36.4585697934,0.25,0.002
0522-611,2016,7,80.6434393837,0.935,-61.1325371086,0.637,0.5
0524+034,2016,8,81.8862726681,0.198,3.5254213088,0.15,0.152
0524-485,2016,6,81.5694638446,0.261,-48.5102200017,0.354,0.169
0527-053,2016,1,82.4730562368,0.11,-5.3282268401,0.229,0.012
0528+134,2016,7,82.7350697724,0.449,13.5319859151,0.732,0.826
0528-250,2016,4,82.533178265,0.383,-25.058305417,0.472,-0.099
0529+075,2016,2,83.1624941533,3.072,7.5453736076,2.275,-0.499
0529+483,2016,53,83.3161074824,0.127,48.3813355381,0.099,-0.013
0530-727,2016,20,82.3751759236,1.179,-72.7579187079,0.561,-0.005
0532+255,2016,1,83.9581125936,0.442,25.5373685455,0.719,0.692
0534-340,2016,9,84.118468148,0.198,-34.0198522583,0.345,0.387
0534-611,2016,3,83.6490520602,0.346,-61.1019648717,0.23,0.153
0536+145,2016,14,84.9265249482,0.149,14.5626560514,0.152,0.159
0537-286,2016,40,84.9761727892,0.167,-28.6655411194,0.145,0.084
0537-441,2016,109,84.7098397863,0.171,-44.0858163394,0.136,0.121
0544+273,2016,21,86.8922871565,0.122,27.3657895866,0.139,0.056
0548+377,2016,1,87.9945905326,0.186,37.8520652631,0.178,0.126
0548+378,2016,10,88.0747370825,0.136,37.9070229264,0.125,-0.201
0549-575,2016,4,87.5399174608,0.277,-57.5401101502,0.228,0.275
0550-453,2016,2,88.0418338919,0.784,-45.3735198706,0.437,0.698
0552+398,2016,61,88.8783567292,0.089,39.8136569807,0.066,-0.079
0556+238,2016,39,89.8834713757,0.175,23.8983129763,0.286,0.148
0600+177,2016,6,90.7880427616,0.099,17.7046695572,0.179,0.237
0601+245,2016,1,91.2296721963,1.476,24.4986214072,0.2,-0.022
0602+673,2016,57,91.9694650528,0.239,67.3487250936,0.108,-0.141
0603+882,2016,1,100.5255652607,6.46,88.1986155286,0.128,0.277
0605-085,2016,2,91.9987468961,24.811,-8.5805677707,43.42,0.507
0606-223,2016,25,92.2486951618,0.21,-22.3391546339,0.205,0.127
0607-157,2016,8,92.4206230158,0.133,-15.7112979772,0.083,0.263
0610+260,2016,3,93.458912906,0.48,26.0768668704,1.569,0.924
0613+570,2016,20,94.3205107168,0.25,57.0212286867,0.121,0.015
0615+820,2016,1,96.5125369387,39.567,82.0404355613,0.785,-0.747
0621+446,2016,1,96.3261055633,0.278,44.6671183456,0.217,0.351
0621-786,2016,1,94.625663635,6.687,-78.7172616271,1.2,-0.869
0622-645,2016,2,95.7820686347,1.475,-64.60575621,0.651,0.035
0627-199,2016,29,97.3490077054,0.144,-19.9888121341,0.146,0.22
0632-235,2016,5,98.7458375644,0.534,-23.5866548272,0.248,0.352
0636+680,2016,6,100.5177390441,0.307,67.9765613824,0.144,-0.036
0637-752,2016,6,98.9437828136,1.003,-75.2713376573,0.137,-0.046
0639+352,2016,1,100.7422483966,0.142,35.1551051511,0.183,-0.173
0639-032,2016,1,100.4630538888,0.084,-3.3468283155,0.174,-0.133
0641+392,2016,38,101.2237899421,0.315,39.2465372024,0.332,0.277
0642+214,2016,1,101.3504147888,0.224,21.3642223652,0.217,-0.013
0642+449,2016,36,101.6334415793,0.099,44.8546083727,0.067,0.018
0646-306,2016,29,102.0587352285,0.222,-30.7387943763,0.168,-0.128
0648-165,2016,26,102.6024243478,0.16,-16.6277015632,0.117,0.059
0650+239,2016,1,103.3524447417,3.441,23.890488226,7.931,-0.842
0650+371,2016,1,103.492845273,0.193,37.0946132461,0.261,0.17
0656+082,2016,65,104.8249834517,0.209,8.2252648748,0.416,-0.277
0657+172,2016,43,105.0063564664,0.102,17.1560281621,0.096,-0.004
0700-197,2016,31,105.6787527219,0.145,-19.8561209783,0.147,0.013
0707+476,2016,5,107.6921036484,0.131,47.5364285462,0.111,-0.027
0711+356,2016,4,108.6034067117,0.572,35.5777199678,0.576,0.177
0714+457,2016,9,109.4660517896,0.636,45.6342390628,0.577,-0.362
0716+332,2016,1,109.8309153504,0.166,33.1193633849,0.2,-0.498
0716+714,2016,43,110.4727019683,0.181,71.3434342948,0.062,-0.017
0718+792,2016,42,111.5488965544,0.43,79.1919489312,0.069,0.025
0721-071,2016,1,111.0720525876,0.071,-7.2556533603,0.165,-0.111
0722+145,2016,7,111.3200323203,0.115,14.4204851911,0.11,0.141
0723+219,2016,22,111.5594197601,0.131,21.8889205547,0.157,0.165
0723-008,2016,8,111.4609995914,0.122,-0.9157063996,0.107,0.358
0725+219,2016,1,112.085867909,0.142,21.885108414,0.108,-0.363
0727-115,2016,105,112.5796352919,0.087,-11.6868335038,0.067,0.114
0728+281,2016,1,112.9697056089,0.976,28.0758174802,1.772,-0.315
0729+259,2016,8,113.2344802693,0.177,25.8107766057,0.292,0.01
0731+050,2016,1,113.489416223,0.089,4.9373601434,0.18,0.069
0732+237,2016,1,113.999693149,23.485,23.6840008178,122.632,-0.964
0736+017,2016,23,114.8251412156,0.188,1.6179493701,0.203,0.379
0738+313,2016,8,115.2945971288,0.338,31.2000639716,0.261,0.301
0738+491,2016,17,115.5114539793,0.101,49.004335826,0.088,-0.123
0742+263,2016,1,116.2746771015,0.143,26.2360474156,0.182,-0.168
0743+182,2016,1,116.5694478569,99.625,18.1221217921,138.51,-0.205
0743+259,2016,5,116.607809092,0.183,25.8172595716,0.307,0.189
0743+277,2016,16,116.6684679647,0.137,27.5830686495,0.088,0.021
0743-006,2016,6,116.4753429488,0.13,-0.7382055568,0.146,0.178
0745+241,2016,5,117.1504553458,0.103,24.0066972146,0.114,-0.09
0746+483,2016,1,117.5851514307,0.183,48.2482101913,0.105,-0.073
0747+185,2016,5,117.5013747244,0.301,18.3865020063,0.543,-0.008
0747+194,2016,1,117.6663768377,0.294,19.3298170746,0.62,0.52
0748+126,2016,52,117.7168572486,0.069,12.5180078556,0.05,0.135
0749+540,2016,31,118.2557690574,0.165,53.8832325539,0.124,0.162
0751+393,2016,1,118.6544549104,1.866,39.1799438154,2.175,-0.741
0752+258,2016,1,118.9043029435,0.314,25.7108396024,0.624,0.022
0757+477,2016,1,120.3831903578,0.566,47.6044618706,0.375,-0.071
0758-737,2016,3,119.3086541866,2.346,-73.8859364777,0.473,-0.229
0759+183,2016,11,120.7001332437,0.17,18.1636803847,0.219,-0.02
0759+779,2016,1,121.6558605942,1.521,77.7686854256,0.119,-0.256
0800+618,2016,49,121.3257481596,0.247,61.73991683,0.136,-0.024
0804+499,2016,24,122.165276215,0.168,49.8434806641,0.121,-0.324
0805+046,2016,4,121.9897437257,0.142,4.5429253503,0.205,0.028
0805+410,2016,12,122.2360501795,0.15,40.8791358568,0.167,0.116
0805-077,2016,7,122.064733443,0.331,-7.8527463027,0.408,0.197
0807+083,2016,1,122.6723596021,0.458,8.1667540504,0.915,0.134
0808+019,2016,62,122.8612804771,0.115,1.7811722811,0.099,-0.028
0810+812,2016,1,124.851258706,8.833,81.0925460465,0.66,0.076
0812+020,2016,7,123.8456700959,0.154,1.9165224789,0.148,0.191
0812+367,2016,6,123.8581035909,0.096,36.587541355,0.081,0.13
0813+758,2016,1,124.9604948109,5.566,75.6443232378,0.488,-0.186
0814+425,2016,28,124.566665054,0.12,42.3792819344,0.087,-0.044
0820-578,2016,1,125.3355313501,5.048,-58.0052084908,1.577,-0.286
0821+394,2016,41,126.2311827192,0.099,39.2783067066,0.084,0.009
0821+621,2016,1,126.4108839947,0.279,61.9579387224,0.12,-0.007
0823+033,2016,45,126.4597431189,0.159,3.1568111214,0.275,0.353
0823-223,2016,9,126.5065539218,0.781,-22.5075563869,0.701,-0.344
0827+243,2016,25,127.717025805,0.127,24.1832834467,0.116,0.056
0828+065,2016,1,127.7339993239,0.4,6.4035761762,0.652,-0.165
0833+585,2016,3,129.3433742152,0.946,58.4171793181,0.635,0.269
0834+250,2016,4,129.4176903147,0.212,24.9064226909,0.239,0.093
0834-201,2016,90,129.1633968393,0.202,-20.2831956267,0.217,0.138
0836+710,2016,2,130.3515224446,1.103,70.8950481541,0.724,0.48
0838+133,2016,1,130.1982850849,0.117,13.2065454213,0.173,0.179
0838+456,2016,1,130.5639656464,0.261,45.4289391816,0.195,-0.099
0838-090,2016,1,130.1986016826,0.404,-9.1804416274,0.743,0.452
0844+068,2016,1,131.7083677845,2.297,6.6969394449,3.136,0.756
0844-652,2016,2,131.2972279327,1.561,-65.456434118,0.772,0.23
0847-120,2016,22,132.5401484563,0.16,-12.226493358,0.116,0.151
0850+284,2016,1,133.3242850811,0.121,28.2305547397,0.204,0.074
0851+202,2016,112,133.7036455124,0.064,20.1085113427,0.054,0.237
0854-108,2016,14,134.1741839573,0.153,-11.0873417387,0.259,-0.002
0901+237,2016,1,136.1847396058,0.373,23.5650279803,0.52,0.345
0902+210,2016,1,136.309738814,0.807,20.8703630812,1.144,0.307
0903+500,2016,1,136.7146083009,0.551,49.8766525978,0.368,-0.029
0906+015,2016,2,137.2920483203,0.092,1.3598937035,0.204,0.01
0906+163,2016,1,137.2330225309,1.274,16.1652121807,0.645,-0.308
0907+230,2016,1,137.6755546676,0.412,22.8098841864,0.902,0.319
0912+029,2016,69,138.6579726413,0.285,2.7664573285,0.501,0.233
0912+297,2016,2,138.9683403283,0.9,29.5566784969,1.001,0.04
0917+624,2016,2,140.4009631856,0.886,62.2644942019,1.114,-0.014
0918-534,2016,1,139.9334979073,0.584,-53.6684577703,0.366,-0.064
0919-260,2016,6,140.3723077495,0.203,-26.3120517366,0.151,-0.001
0920+390,2016,9,140.8102205908,0.131,38.8277528288,0.108,0.033
0920-397,2016,67,140.6934094449,0.308,-39.9930744572,0.486,-0.009
0923+392,2016,7,141.7625581044,0.129,39.0391254618,0.101,0.139
0925-203,2016,29,141.9659346942,0.232,-20.5808979716,0.289,-0.051
0933+503,2016,1,144.3013640497,0.158,50.147804861,0.105,-0.324
0936-069,2016,1,144.7337678339,0.101,-7.1335049512,0.22,-0.147
0938-133,2016,1,145.2606227462,0.108,-13.5974956072,0.249,-0.131
0943+105,2016,7,146.6461248283,0.13,10.2850373622,0.222,-0.028
0946+181,2016,1,147.415678086,2.328,17.8803956293,1.645,0.253
0948+658,2016,1,148.1341344132,5.797,65.6336711832,1.666,0.102
0949+354,2016,2,148.1334424031,0.283,35.2145564248,0.315,-0.404
0950+326,2016,1,148.3664858253,0.102,32.4309780416,0.15,0.009
0951+268,2016,14,148.6658188696,0.171,26.6568176348,0.142,-0.189
0952+338,2016,1,148.9080793329,0.202,33.5844284819,0.362,0.131
0953+254,2016,6,149.2078142131,0.362,25.2544583531,0.32,0.498
0954+658,2016,9,149.6968545932,0.161,65.5652272454,0.072,-0.094
0955+326,2016,5,149.5872901565,0.266,32.4006137708,0.368,-0.001
0955+476,2016,78,149.5819652015,0.125,47.418845115,0.088,0.039
0958+346,2016,11,150.2997884641,0.136,34.4140164933,0.146,0.269
0959+684,2016,1,150.778192224,2.141,68.2213364321,0.605,-0.546
1004-217,2016,2,151.6933903736,0.136,-21.9890027786,0.28,-0.275
1004-500,2016,8,151.5583721703,0.331,-50.303741887,0.328,0.013
1005+073,2016,1,151.9575656257,0.319,7.1433161376,0.636,0.261
1012+232,2016,2,153.6961061485,0.217,23.0212699781,0.654,0.007
1013+054,2016,3,154.0130687073,0.117,5.217317029,0.163,0.103
1013+127,2016,4,153.9334307468,0.216,12.4519639159,0.331,0.169
1014+615,2016,4,154.3578647539,0.334,61.2743045661,0.12,-0.004
1015+057,2016,9,154.6160345527,0.956,5.5083229347,0.699,0.411
1015+359,2016,8,154.5457837444,0.195,35.7109559179,0.243,0.109
1021-006,2016,3,156.1232780727,0.334,-0.8820823415,0.596,0.897
1022+194,2016,8,156.1867066208,0.214,19.2056709851,0.138,0.179
1022-665,2016,5,155.9313882423,0.713,-66.7801992982,0.301,0.641
1027-186,2016,15,157.3879070527,0.206,-18.8806358004,0.364,-0.245
1030+074,2016,4,158.3917678475,0.119,7.1905966058,0.16,-0.286
1030+415,2016,38,158.2654494146,0.079,41.2683980789,0.066,0.013
1031+567,2016,2,158.7793329591,0.518,56.4796653936,0.273,0.387
1034-293,2016,56,159.3169989017,0.449,-29.5674481294,0.248,-0.154
1034-374,2016,6,159.2226649674,0.234,-37.7375183403,0.42,0.158
1038+064,2016,2,160.3215103966,0.197,6.1713677533,0.119,0.456
1038+528,2016,6,160.4449236077,0.127,52.557842261,0.094,-0.087
1038+529,2016,1,160.4537403579,1.152,52.5654466143,0.558,-0.674
1039+811,2016,26,161.0960939315,0.525,80.910956395,0.071,-0.074
1040+244,2016,21,160.7876490969,0.126,24.143169312,0.12,0.264
1042+071,2016,3,161.2329634775,0.127,6.9272951049,0.187,-0.298
1044+719,2016,4,162.1150830753,0.277,71.7266495644,0.111,-0.108
1045+019,2016,3,162.0952833444,0.544,1.6966983387,0.165,0.591
1045-188,2016,5,162.0275859246,0.167,-19.1599243852,0.198,0.082
1046-409,2016,2,162.1594630147,1.137,-41.2333658776,2.838,0.184
1047+048,2016,1,162.541920004,0.757,4.5469769268,0.408,0.112
1049+215,2016,1,162.9532880526,0.604,21.3311989362,1.038,0.727
1052+023,2016,1,163.821968454,0.262,2.0958063008,0.4,0.314
1053+704,2016,19,164.2234063085,0.815,70.1960876826,0.247,0.069
1053+815,2016,8,164.5480638877,0.977,81.242409765,0.132,0.321
1055+018,2016,11,164.623355042,0.181,1.5663399158,0.102,0.183
1057-797,2016,116,164.6804575045,0.752,-80.0650443771,0.126,0.025
1059+282,2016,7,165.5595352167,0.088,27.9524137671,0.112,0.036
1100+122,2016,3,165.7647076501,0.086,11.9712846435,0.154,0.588
1101+384,2016,28,166.1138080877,0.189,38.2088330986,0.172,0.109
1101-536,2016,3,165.9675903303,0.396,-53.950193589,0.387,0.139
1104+728,2016,6,166.923844001,0.565,72.5433347046,0.156,-0.138
1104-445,2016,70,166.7862254516,0.37,-44.8187828654,0.251,-0.084
1111+149,2016,26,168.4945628213,0.176,14.7074868553,0.259,0.026
1119-069,2016,1,170.4255122716,0.109,-7.1850949727,0.244,-0.155
1121+518,2016,1,171.0548612621,2.869,51.5637101063,0.939,-0.137
1123+002,2016,1,171.4262080167,0.648,0.0170542819,2.576,0.481
1123+264,2016,35,171.4737996041,0.108,26.172216315,0.082,0.068
1124-186,2016,85,171.7683018825,0.133,-18.9548449804,0.122,0.023
1125+366,2016,2,171.9952950978,0.368,36.3412088203,0.357,-0.169
1127+078,2016,1,172.5724264414,0.57,7.5369523366,1.061,-0.102
1127-023,2016,1,172.4705033604,22.929,-2.6688433747,57.623,-0.995
1128+385,2016,38,172.7220108627,0.093,38.2551519569,0.091,0.093
1128+517,2016,1,172.8562033046,1.429,51.4826253072,1.676,0.06
1128-047,2016,3,172.8771531603,0.336,-5.0054603234,0.333,0.371
1130+008,2016,1,173.190075745,9.948,0.5744022483,20.24,-0.892
1130+009,2016,4,173.333565816,0.193,0.6813436434,0.197,0.174
1130+106,2016,1,173.2478699719,0.186,10.3950591587,0.285,0.142
1133+704,2016,1,174.110035181,0.318,70.1575853089,0.096,-0.153
1133-032,2016,41,174.1024038981,0.267,-3.5081935491,0.214,0.326
1138+006,2016,1,175.334455566,1.459,0.3824390019,0.825,0.559
1142+198,2016,1,176.2708709329,0.372,19.6063167013,0.656,0.383
1143-332,2016,5,176.6185489539,0.446,-33.4785091849,0.601,-0.205
1143-696,2016,6,176.4734340439,0.766,-69.9004992838,0.306,0.316
1144+402,2016,54,176.7429079819,0.117,39.9761956678,0.084,0.038
1144-379,2016,97,176.7557112594,0.17,-38.2030621089,0.134,0.092
1145+268,2016,15,176.9990162595,0.109,26.5950922655,0.136,0.15
1145-071,2016,5,176.9648084444,0.193,-7.4114281038,0.118,0.121
1147+245,2016,5,177.5800507345,0.2,24.2982875887,0.157,-0.004
1148-001,2016,3,177.6827949638,0.466,-0.3983902007,0.505,0.134
1149-084,2016,39,178.0717062862,0.162,-8.6842538957,0.126,-0.065
1156+295,2016,47,179.8826412644,0.108,29.2455074389,0.08,-0.014
1156-094,2016,3,179.8029654609,0.195,-9.6811247581,0.249,0.543
1156-663,2016,1,179.8262724249,1.36,-66.594285366,1.759,-0.111
1157+014,2016,4,179.9367827536,0.291,1.2019400696,0.21,0.637
1158+007,2016,1,180.3468781174,0.102,0.4745322331,0.237,-0.242
1200+028,2016,1,180.7303284248,94.288,2.5907555766,194.519,0.528
1201-068,2016,1,181.0694361521,0.18,-7.1691681176,0.325,0.08
1205-008,2016,1,181.9236567493,0.101,-1.1101917675,0.223,-0.105
1212+171,2016,2,183.7665796275,0.885,16.9105431062,1.493,0.723
1213-172,2016,47,183.9447990098,0.156,-17.5292786461,0.111,-0.053
1215+303,2016,6,184.4670081758,0.192,30.1168433021,0.126,0.068
1215-002,2016,1,184.4947042855,0.091,-0.4961944952,0.201,-0.096
1219+044,2016,41,185.5939567802,0.129,4.2210489245,0.254,0.046
1221+809,2016,4,185.9187240919,0.525,80.6678723596,0.085,0.022
1221-829,2016,6,186.226594307,2.445,-83.2194728188,0.319,-0.065
1222+037,2016,2,186.218424849,0.414,3.5139701404,0.363,-0.647
1226+023,2016,5,187.2779158925,0.567,2.0523887537,0.768,0.266
1226+373,2016,28,187.1975986527,0.181,37.1033599491,0.185,0.145
1228+126,2016,85,187.7059307661,0.122,12.3911232391,0.105,-0.043
1236+077,2016,5,189.8524514033,0.138,7.5047747283,0.133,-0.218
1239+376,2016,2,190.5408848986,0.191,37.3349141709,0.267,0.171
1240+381,2016,4,190.7140378197,0.22,37.8500071203,0.168,0.153
1243-072,2016,38,191.5176337883,0.214,-7.5129374226,0.176,-0.008
1243-160,2016,29,191.4739261456,0.148,-16.2793625586,0.099,0.026
1244-255,2016,27,191.6950084837,0.215,-25.7970247725,0.186,0.105
1245-062,2016,1,192.0957319569,0.071,-6.5360604816,0.159,-0.154
1251-197,2016,3,193.6552316726,0.272,-20.015668488,0.449,-0.203
1251-713,2016,4,193.7496728955,0.657,-71.6384546194,0.219,0.566
1252+119,2016,9,193.6593984048,0.087,11.684970859,0.088,0.019
1253-055,2016,7,194.0465273944,0.121,-5.7893126043,0.126,0.371
1253-590,2016,1,194.0203793605,7.635,-59.3288931268,5.008,0.16
1255-177,2016,11,194.6595904393,0.092,-18.0008678255,0.159,-0.116
1255-316,2016,93,194.4960868233,0.218,-31.9213476548,0.191,0.249
1300+580,2016,45,195.7186053728,0.131,57.8104470695,0.075,-0.057
1306+360,2016,2,197.0987880061,0.07,35.7769900298,0.057,0.428
1307+433,2016,1,197.3563598188,0.454,43.0848829026,0.339,0.094
1307-556,2016,2,197.6806483023,1.57,-55.8698693461,1.258,0.208
1308+326,2016,6,197.6194327191,0.111,32.3454952196,0.093,-0.234
1308+328,2016,39,197.7475113868,0.115,32.559569331,0.102,0.001
1308+554,2016,5,197.7633782844,1.167,55.2317563647,0.507,0.389
1309+355,2016,1,198.0739693768,1.157,35.2558573298,0.862,-0.296
1310-041,2016,1,198.212088479,0.071,-4.4138589263,0.169,-0.238
1313-333,2016,8,199.0332747983,0.347,-33.649770144,0.398,-0.444
1317-005,2016,1,199.911525772,0.483,-0.8277609269,0.245,0.375
1318+225,2016,1,200.2966773062,0.061,22.2700300999,0.094,0.02
1319-093,2016,1,200.6538026431,0.081,-9.6271668305,0.189,-0.121
1321-105,2016,1,201.1074712815,0.08,-10.8230928696,0.174,-0.077
1323+321,2016,1,201.5688007449,2.507,31.9026441561,2.129,0.173
1323-165,2016,1,201.5366859585,0.555,-16.8511643134,1.533,0.226
1324+224,2016,57,201.7535888231,0.165,22.1806007704,0.149,0.208
1325-558,2016,3,202.2547705111,0.292,-56.1340736906,0.248,0.493
1327+504,2016,17,202.2741779447,0.208,50.1573336341,0.135,-0.002
1328+307,2016,1,202.7845312227,12.216,30.5091462934,40.399,0.998
1330+022,2016,7,203.221960565,0.106,2.0126942349,0.119,0.012
1330+476,2016,5,203.1885268529,0.225,47.3729631864,0.161,-0.234
1333-152,2016,4,204.1420382993,0.435,-15.4966865931,0.442,-0.548
1333-337,2016,2,204.1626353222,0.472,-33.965853737,0.977,-0.086
1334-127,2016,58,204.4157615675,0.107,-12.9568592679,0.091,0.014
1336-180,2016,1,204.8231015196,0.751,-18.3180277518,0.291,0.608
1338+381,2016,1,205.0956327947,0.763,37.9121762573,1.095,0.794
1338-164,2016,1,205.2536373491,5.456,-16.7203951355,1.997,0.98
1339-287,2016,2,205.5639400424,0.172,-29.0116199385,0.427,0.137
1341-171,2016,1,206.0600102597,0.119,-17.3945543259,0.277,0.34
1342+662,2016,17,205.9414980567,0.242,66.0404847501,0.127,-0.077
1342+663,2016,6,206.0361649649,0.34,66.1032343659,0.112,0.147
1344-180,2016,1,206.7690419753,1.06,-18.3332546842,0.26,0.505
1345+125,2016,1,206.8890075272,1.31,12.2900653099,1.753,-0.83
1345-164,2016,1,207.1662867323,2.615,-16.6670886412,1.476,0.844
1348+308,2016,4,207.7197343066,0.22,30.5815529645,0.135,0.017
1349-439,2016,6,208.2355622216,0.615,-44.2112189029,0.838,0.576
1351-018,2016,66,208.5287305185,0.121,-2.1008862067,0.304,0.209
1352-104,2016,7,208.6938279279,0.529,-10.6840711537,0.29,0.455
1354+195,2016,1,209.2684861361,0.596,19.3187140544,1.108,-0.221
1354-152,2016,11,209.2968541693,0.272,-15.4579963129,0.246,0.229
1357+769,2016,26,209.4807147108,0.542,76.7225141342,0.129,-0.063
1400-181,2016,1,210.690648659,1.364,-18.4323405845,0.526,0.861
1404+286,2016,6,211.751643174,0.399,28.4540803792,0.318,0.145
1406-076,2016,33,212.2353383807,0.178,-7.8740740202,0.143,0.017
1406-267,2016,46,212.4590408058,0.621,-26.9602723747,0.449,0.211
1407-188,2016,1,212.5820636764,1.428,-19.0528340075,0.643,0.889
1413+135,2016,18,213.9950729692,0.22,13.3399203111,0.149,-0.002
1413+487,2016,1,213.9033338449,2.079,48.5084581652,3.732,0.562
1417+385,2016,31,214.9442240175,0.266,38.3634652924,0.243,-0.028
1418+546,2016,46,214.9441558413,0.088,54.3874408618,0.055,-0.033
1418-198,2016,1,215.4308143196,1.194,-20.0288565329,0.384,0.716
1420+044,2016,1,215.6770437869,0.284,4.2442000683,0.569,-0.55
1420+326,2016,1,215.6265787115,1.053,32.386233503,0.558,0.4
1420-679,2016,5,216.2314891994,0.36,-68.1328040547,0.211,0.159
1423+146,2016,3,216.4542416773,0.409,14.4158059447,0.481,0.155
1424+240,2016,5,216.7516323746,0.136,23.8000104136,0.131,-0.056
1424-418,2016,120,216.9845731833,0.165,-42.1053993429,0.141,0.065
1425-156,2016,1,217.1187848267,1.126,-15.885788783,0.409,0.481
1426-206,2016,1,217.393596597,4.189,-20.9204447928,1.508,0.963
1428+370,2016,5,217.6690986321,0.591,36.8177469232,0.362,-0.429
1429+249,2016,1,217.8578529813,0.178,24.7057514278,0.272,-0.281
1430-178,2016,3,218.2403776717,1.175,-18.0264579142,1.407,-0.002
1432+200,2016,6,218.6658057313,0.129,19.8668710967,0.125,0.161
1434-185,2016,1,219.2365344911,0.675,-18.7761477406,0.311,0.648
1435-218,2016,3,219.5394558825,0.326,-22.0818745859,0.347,0.255
1437+374,2016,1,219.8357409782,0.157,37.2007878044,0.223,0.067
1440-220,2016,2,220.8038748999,1.371,-22.2546108434,3.428,-0.154
1441+252,2016,29,220.9870508331,0.154,25.0290251908,0.156,0.044
1442-087,2016,1,221.2429500853,1.643,-8.9951454593,5.772,-0.53
1443-162,2016,6,221.4724012797,0.09,-16.4837831174,0.169,-0.2
1445-161,2016,1,222.0627253706,3.524,-16.340151849,4.273,-0.759
1448+762,2016,6,222.119912893,0.397,76.0198881143,0.103,0.02
1448-648,2016,3,223.165329439,1.563,-65.0342870412,0.718,0.511
1450-218,2016,1,223.2690731017,0.629,-22.0748008849,0.296,0.409
1451+270,2016,1,223.4733361025,0.122,26.8092804819,0.18,-0.167
1451-375,2016,4,223.6142073685,0.207,-37.7925402769,0.655,0.461
1451-400,2016,4,223.6371348399,0.555,-40.2090318788,0.663,0.041
1454-060,2016,1,224.1724693721,0.252,-6.2953345196,0.12,0.239
1456+044,2016,3,224.7473174986,0.474,4.2705054751,0.294,-0.263
1458+718,2016,4,224.7815994602,0.331,71.6721853157,0.145,-0.113
1459+480,2016,5,225.2027259797,0.096,47.8543161706,0.079,-0.098
1502+036,2016,46,226.2769881813,0.169,3.4418923868,0.116,0.005
1502+106,2016,8,226.1040824096,0.114,10.4942218229,0.115,0.154
1504+377,2016,29,226.5397082837,0.125,37.5142034927,0.134,0.071
1505+428,2016,1,226.721007702,0.12,42.6563987291,0.094,0.139
1505-496,2016,1,227.1622703093,1.376,-49.8839751783,0.722,0.422
1508+572,2016,1,227.5121767823,1.156,57.0453821675,0.381,0.457
1510-089,2016,11,228.2105539107,0.183,-9.0999526908,0.178,0.373
1511-100,2016,8,228.4370559452,0.084,-10.2000735816,0.087,0.056
1514+004,2016,1,229.167579401,0.085,0.2505303003,0.17,-0.186
1514+197,2016,31,229.2366506985,0.074,19.5369421917,0.082,0.1
1514-241,2016,1,229.4242143588,57.146,-24.3720879441,58.955,0.359
1519-273,2016,84,230.6569833561,0.144,-27.5029959827,0.116,-0.105
1519-294,2016,10,230.606192934,1.041,-29.6070085456,0.704,0.513
1520+319,2016,20,230.5416321828,0.182,31.7373283373,0.182,0.228
1520+437,2016,33,230.4567244845,0.176,43.6109078615,0.158,-0.065
1522+155,2016,2,231.1733811996,0.196,15.3558473262,0.543,-0.234
1523-172,2016,1,231.6046578276,1.068,-17.4327456834,0.376,0.585
1527-196,2016,1,232.6202665081,0.267,-19.8442201561,0.729,0.147
1534-128,2016,1,234.3231477781,0.806,-12.9952375215,0.365,0.239
1535+231,2016,1,234.310420295,0.163,23.0112531859,0.353,-0.12
1538+149,2016,30,235.2062146833,0.123,14.7960790469,0.118,-0.101
1538+477,2016,1,234.8950432157,0.76,47.5920176939,0.552,0.04
1539-164,2016,1,235.511993684,1.687,-16.5752016485,0.85,0.892
1546+027,2016,28,237.3726535382,0.124,2.6169897723,0.129,-0.063
1548+056,2016,9,237.6469551904,0.161,5.452902334,0.139,0.199
1548-199,2016,1,237.735580408,4.004,-20.0709153494,1.361,0.963
1550-242,2016,1,238.3817825685,0.154,-24.3683432506,0.357,0.067
1552-249,2016,1,238.9374324877,0.67,-25.1366320978,0.333,0.593
1554-272,2016,1,239.2680779898,1.208,-27.4127099638,0.527,0.859
1554-643,2016,1,239.7095180993,1.522,-64.5415659495,2.195,-0.342
1555+001,2016,17,239.4643082232,0.151,-0.0306704937,0.149,-0.055
1555-140,2016,2,239.5914492933,0.942,-14.1664041019,1.433,0.166
1557+032,2016,4,239.8790525972,0.201,3.0800712509,0.172,0.16
1601+112,2016,9,240.9247135748,0.097,11.0968553155,0.131,0.487
1602-115,2016,7,241.3230486238,0.116,-11.6574529895,0.258,-0.082
1604-333,2016,4,241.894842943,0.922,-33.5191427735,0.49,0.52
1605-205,2016,1,241.9871957532,0.845,-20.6617697969,0.441,0.545
1606+106,2016,21,242.1925132727,0.158,10.4854932727,0.182,-0.092
1606-398,2016,4,242.591162921,0.205,-39.9828692625,0.359,0.005
1607+268,2016,1,242.3055029122,0.326,26.6913988937,0.287,-0.248
1608+243,2016,12,242.6751115357,0.205,24.2469476596,0.167,0.038
1610-277,2016,1,243.4313612452,3.254,-27.8491269804,1.48,0.933
1610-771,2016,5,244.4553189213,1.119,-77.288463255,0.259,-0.305
1611+343,2016,11,243.4211009383,0.17,34.2133080085,0.104,0.221
1611-710,2016,3,244.1276729248,0.983,-71.1420705844,0.39,0.376
1612-243,2016,1,243.7983004825,0.348,-24.5165584935,0.99,-0.438
1614+051,2016,4,244.1564867828,0.193,4.9924268066,0.114,0.104
1614-195,2016,1,244.3628877776,0.15,-19.6922263299,0.33,-0.004
1615+029,2016,15,244.4579504283,0.194,2.7786401407,0.435,0.157
1616+063,2016,7,244.7653653389,0.081,6.2172896487,0.181,-0.2
1617+229,2016,28,244.8117691658,0.16,22.7966252302,0.17,-0.112
1619-680,2016,4,246.0768210467,0.478,-68.153471403,0.268,-0.045
1622-253,2016,68,246.4453818445,0.186,-25.4606463207,0.147,0.051
1623+578,2016,38,246.1033649212,0.494,57.6878558149,0.245,-0.002
1624-617,2016,4,247.2278740404,0.338,-61.8767772738,0.246,0.027
1629-228,2016,1,248.128171125,1.587,-22.9824077009,0.584,0.848
1632-188,2016,1,248.8780627072,180.175,-18.9937263677,194.6,-0.189
1633+382,2016,6,248.8145541186,0.4,38.1345834932,0.081,0.617
1633-810,2016,2,250.7389408277,2.669,-81.1430749577,0.736,0.215
1636+473,2016,18,249.4380439135,0.138,47.2927308834,0.119,-0.104
1637+574,2016,6,249.5560679098,0.117,57.3399941406,0.064,-0.02
1637+826,2016,14,248.1332080003,0.835,82.5378888711,0.098,-0.461
1638+398,2016,54,250.1234698977,0.112,39.7794523767,0.082,-0.089
1639+230,2016,68,250.3551148491,0.113,22.9511202295,0.139,-0.069
1639-062,2016,41,250.5090738358,0.101,-6.3565819552,0.091,0.056
1639-200,2016,1,250.522045545,0.203,-20.1235693172,0.455,0.368
1641+399,2016,6,250.7450417158,0.227,39.8102762226,0.232,0.362
1642+690,2016,5,250.5327021598,0.311,68.9443767454,0.111,-0.012
1644-193,2016,1,251.9740767661,1.847,-19.4387349774,1.99,0.509
1644-291,2016,1,251.9911450473,0.615,-29.2123485154,0.284,0.654
1646-506,2016,2,252.569279692,0.942,-50.7467252686,1.496,-0.155
1651+391,2016,5,253.2437899001,0.167,39.0471728281,0.154,0.159
1652+398,2016,5,253.4675694961,0.117,39.7601691915,0.124,0.098
1656+053,2016,1,254.6393622232,62.859,5.2545608057,197.365,0.784
1656-075,2016,17,254.6835914472,0.186,-7.6549151621,0.198,0.075
1657-261,2016,67,255.2214752567,0.195,-26.1810348144,0.161,-0.384
1657-562,2016,4,255.4369090344,0.311,-56.3655287397,0.342,0.162
1659+399,2016,5,255.3526450562,0.137,39.9103032074,0.151,0.1
1659-241,2016,1,255.559343109,3.72,-24.2524287985,1.384,0.906
1659-621,2016,4,255.9022550645,0.525,-62.2111135385,0.252,0.595
1705+018,2016,23,256.8933969388,0.143,1.8126942386,0.127,0.093
1705+135,2016,1,256.9401552227,0.22,13.5181202445,0.214,-0.055
1705+717,2016,1,256.1957370963,2.333,71.6382240857,0.381,-0.394
1706-174,2016,16,257.393105805,0.183,-17.4814903456,0.227,-0.253
1711-208,2016,1,258.6354710907,0.195,-20.8984139798,0.401,-0.308
1714+231,2016,1,259.2235679198,0.45,23.0981441131,0.512,-0.048
1717+178,2016,7,259.8043686507,0.094,17.7517881029,0.102,0.085
1718-259,2016,1,260.4832468344,0.891,-25.9779700481,1.916,-0.084
1718-649,2016,1,260.9209560458,0.576,-65.0101697309,0.235,-0.247
1722+119,2016,1,261.268086988,0.195,11.8709644775,0.364,-0.492
1722+330,2016,13,261.0591576046,0.227,33.0510942124,0.265,-0.037
1722-554,2016,1,261.7067791784,4.292,-55.4945732237,1.935,-0.169
1725+123,2016,6,262.0293800594,0.084,12.2609682054,0.116,0.018
1725-795,2016,3,263.4195844004,1.363,-79.598810277,0.584,0.223
1726+455,2016,29,261.865211626,0.081,45.5110364698,0.061,0.038
1728+774,2016,1,261.4610327487,3.36,77.4399373839,0.843,-0.356
1732+389,2016,10,263.5857438507,0.126,38.9642897682,0.094,-0.032
1734+363,2016,1,263.9503611179,0.852,36.2793365232,0.766,-0.842
1736+324,2016,12,264.6687576315,0.221,32.4025070704,0.195,0.047
1738+476,2016,5,264.9880377242,0.177,47.6328781945,0.141,-0.119
1738+499,2016,4,264.8641270868,0.429,49.9176024205,0.236,0.214
1739+522,2016,5,265.154074373,0.13,52.195390993,0.081,-0.022
1739-152,2016,1,265.5485952461,0.194,-15.2914331668,0.465,0.495
1741-038,2016,102,265.9952339333,0.107,-3.8346157468,0.086,-0.024
1742+724,2016,1,265.3452400327,2.036,72.4144360498,0.275,-0.585
1742-078,2016,1,266.3629373132,0.136,-7.8844300505,0.293,0.338
1743+173,2016,3,266.3967008432,0.409,17.3337289428,0.33,0.285
1746+470,2016,1,266.8610293795,3.929,46.9808105901,14.393,0.604
1749+096,2016,89,267.8867440538,0.065,9.6502023402,0.058,0.102
1749+701,2016,1,267.136875697,84.251,70.0974234948,24.893,-0.214
1750+472,2016,1,267.8818031513,2.403,47.2229179575,1.356,-0.531
1751+288,2016,90,268.4269735071,0.069,28.8013719475,0.057,0.121
1752-225,2016,1,268.8595183185,4.508,-22.5362802979,5.253,-0.448
1754+155,2016,12,269.2212589186,0.157,15.5891184895,0.222,-0.082
1754+159,2016,1,269.1405233704,0.743,15.8955091102,0.25,-0.108
1758+388,2016,8,270.1031889796,0.125,38.8085271052,0.128,-0.01
1758-651,2016,22,270.84790279,0.525,-65.1268781231,0.251,0.272
1759-396,2016,86,270.6778335611,0.332,-39.6688633982,0.372,0.038
1800+440,2016,8,270.3846450387,0.173,44.0727501249,0.148,0.173
1803+784,2016,35,270.1903496262,0.236,78.467782881,0.047,0.047
1806+456,2016,45,272.0911911829,0.1,45.7057962805,0.091,0.001
1806-458,2016,3,272.4911322182,0.344,-45.8780596019,0.428,0.33
1807+698,2016,40,271.7111694482,0.189,69.8244745766,0.064,0.07
1815-553,2016,3,274.9391647061,0.506,-55.3557625735,0.373,0.486
1817-254,2016,4,275.2410363231,0.093,-25.4701622649,0.207,-0.02
1821+107,2016,1,276.0118970392,1.6,10.7399375023,3.22,0.543
1823+568,2016,7,276.0294515159,0.155,56.8504141006,0.094,-0.002
1823+689,2016,6,275.8868912169,0.291,68.9646145918,0.127,-0.011
1824-582,2016,4,277.3016765205,0.585,-58.2319893535,0.305,0.472
1825-214,2016,1,277.081182815,10.697,-21.394098053,4.427,-0.762
1826+670,2016,1,276.6564090846,4.159,67.1124210278,1.201,0.612
1826+796,2016,1,275.8087873501,1.81,79.6469449036,0.257,0.048
1831-711,2016,6,279.3696457621,0.546,-71.1454318166,0.238,0.208
1835-293,2016,1,279.765013312,0.873,-29.3468399803,0.434,0.777
1838+575,2016,1,279.7440076818,0.502,57.5942459069,0.22,-0.037
1839+548,2016,1,280.2390695345,0.37,54.87108632,0.182,-0.199
1841-205,2016,1,281.187974654,2.177,-20.4956126181,3.825,-0.525
1842+681,2016,14,280.6401737205,0.19,68.157007738,0.079,-0.039
1846+322,2016,57,282.0920357281,0.125,32.3173899411,0.12,0.073
1847-259,2016,1,282.7129605882,7.887,-25.9285257105,3.6,-0.889
1849+670,2016,36,282.3169678652,0.118,67.0949111612,0.05,0.004
1851+488,2016,1,283.1189491598,0.118,48.9298559332,0.117,-0.263
1852-534,2016,1,284.251884766,1.218,-53.4167718468,0.685,0.252
1854-210,2016,1,284.3153145219,0.319,-20.9746689635,0.618,-0.002
1858-177,2016,1,285.275105068,3.528,-17.6447554565,5.22,0.051
1901+155,2016,3,286.0598380546,0.118,15.6106809624,0.178,0.245
1901+319,2016,1,285.7330787751,1.252,31.9949165844,0.945,0.046
1908+484,2016,3,287.4440112166,0.428,48.5755056504,0.264,-0.025
1908-201,2016,53,287.7902204284,0.186,-20.1153080814,0.215,0.262
1909+161,2016,15,287.9927391797,0.159,16.196351473,0.238,0.547
1910-298,2016,1,288.5151417263,1.059,-29.7957701732,0.44,0.003
1910-451,2016,2,288.4437957351,0.884,-45.0532137041,0.434,0.04
1919-166,2016,1,290.6448602994,1.274,-16.5482074794,2.821,-0.641
1920-211,2016,19,290.88412422,0.179,-21.075925906,0.163,-0.037
1921-293,2016,78,291.2127331538,0.162,-29.2417002461,0.182,0.265
1923+210,2016,44,291.4983557425,0.199,21.1072673126,0.161,0.221
1925-610,2016,6,292.5256670831,0.467,-60.9358844456,0.268,0.348
1927-209,2016,1,292.5435509352,0.905,-20.8848598571,1.534,0.42
1928+154,2016,1,292.7198624298,0.089,15.5428965259,0.124,0.033
1928+738,2016,1,291.9520628464,0.512,73.9671028208,0.213,-0.253
1929+226,2016,29,292.8538198673,0.106,22.725349639,0.117,-0.015
1929-457,2016,2,293.1870321394,0.837,-45.6105357436,0.724,-0.325
1932+174,2016,1,293.7091847855,0.272,17.5372605183,0.364,0.274
1933-400,2016,7,294.3175723435,0.155,-39.9670980774,0.268,-0.02
1935-692,2016,3,295.1063671951,0.581,-69.1324922789,0.403,0.317
1936+046,2016,1,294.6277897103,0.127,4.8032262136,0.242,0.343
1936-155,2016,40,294.8610739969,0.118,-15.4286273281,0.117,-0.071
1936-623,2016,1,295.3406994278,7.004,-62.1891817797,1.786,-0.964
1941-554,2016,1,296.3509532244,1.229,-55.3468991763,1.61,0.822
1946-200,2016,1,297.4725841527,0.198,-19.9537027061,0.426,0.613
1947+079,2016,1,297.5230845636,3.38,8.1205547664,5.986,0.953
1949-052,2016,1,297.9477851959,0.13,-5.1622118929,0.274,0.381
1950-207,2016,1,298.2591376648,0.784,-20.6090374508,0.422,0.646
1953-200,2016,1,299.0995740319,1.127,-19.9616967473,0.603,0.906
1953-325,2016,1,299.247730317,0.114,-32.4294463646,0.246,-0.241
1954+513,2016,8,298.9280760641,0.137,51.5301517082,0.096,0.02
1954-388,2016,82,299.4992470433,0.196,-38.7517655496,0.165,0.021
1955-210,2016,1,299.7032217172,0.305,-20.8797256959,0.696,-0.143
1958-179,2016,25,300.2378768136,0.193,-17.8160201791,0.142,0.074
2000+148,2016,2,300.674996711,0.493,15.0207148398,1.271,0.863
2000+472,2016,36,300.5434094164,0.13,47.4246593711,0.105,0.039
2002-375,2016,5,301.479462118,0.336,-37.3948549381,0.315,0.287
2005+403,2016,2,301.9372723273,7.798,40.4968373947,8.229,0.653
2007+777,2016,1,301.3791619335,3.745,77.8786795373,1.462,-0.858
2008-159,2016,74,302.815462203,0.137,-15.7778482241,0.119,-0.036
2013+163,2016,47,304.0577501307,0.188,16.5428091946,0.181,0.009
2016-053,2016,3,304.7406663098,0.379,-5.1581592504,0.173,0.618
2019-202,2016,1,305.5753470133,1.209,-20.1172990731,0.74,0.865
2019-221,2016,1,305.5062630433,2.549,-22.0284082657,1.082,0.816
2021+614,2016,2,305.5278408099,0.317,61.6163346733,0.114,-0.493
2023+335,2016,2,306.2951755605,0.446,33.7167262149,0.352,0.202
2024-217,2016,1,306.7682793832,0.657,-21.6052852039,0.476,-0.003
2029+024,2016,1,307.9468774004,6.544,2.6603596429,8.89,-0.999
2029+121,2016,3,307.9791427583,0.191,12.3281500439,0.084,-0.033
2037+511,2016,103,309.6543113317,0.088,51.3201840309,0.058,0.075
2047-266,2016,1,312.6028908185,0.154,-26.4716826353,0.389,-0.005
2048+196,2016,1,312.8027752295,0.659,19.8350841656,2.071,-0.396
2052-474,2016,110,314.068165881,0.238,-47.2465632345,0.194,0.12
2054-377,2016,3,314.4233479339,0.189,-37.5674971955,0.352,0.03
2059+034,2016,66,315.4118089746,0.141,3.6920335782,0.139,0.014
2101-490,2016,2,316.2548251129,0.869,-48.8129228941,0.366,0.037
2103+213,2016,1,316.545075811,0.198,21.593332296,0.295,-0.132
2106+143,2016,3,317.1709673117,0.221,14.5075035408,0.16,-0.073
2106-413,2016,7,317.3882858398,0.432,-41.1723903812,0.519,0.113
2113+293,2016,82,318.8725560484,0.17,29.560657572,0.222,0.018
2116-068,2016,1,319.680175789,0.159,-6.6049996138,0.357,0.023
2121+053,2016,5,320.9354892453,0.198,5.5894703122,0.211,-0.245
2123-463,2016,4,321.6279343508,0.296,-46.0966367094,0.37,0.46
2126-158,2016,64,322.3007328613,0.196,-15.6447339671,0.29,-0.13
2127-096,2016,5,322.5795343135,1.123,-9.4603986323,0.27,0.285
2128+048,2016,3,322.6369891383,0.838,5.038187911,0.799,-0.398
2128-123,2016,7,322.8969240976,0.329,-12.1179989599,0.642,0.584
2128-208,2016,1,322.7561484594,1.172,-20.6155942844,2.913,-0.534
2131-021,2016,8,323.5429566254,0.142,-1.8881219141,0.107,-0.153
2134+004,2016,7,324.160776108,0.265,0.6983922336,0.313,-0.227
2135-184,2016,1,324.6746950102,3.038,-18.178994311,3.715,-0.222
2136+141,2016,5,324.7554553197,0.23,14.3933311717,0.128,0.314
2141+175,2016,28,325.8981023605,0.113,17.7302188136,0.107,-0.011
2142+110,2016,6,326.3282294367,0.076,11.2575867815,0.113,-0.017
2142-048,2016,1,326.389111832,2.885,-4.5775521427,4.528,0.527
2142-758,2016,7,326.803044575,0.772,-75.6036735737,0.196,0.164
2143-156,2016,10,326.5957472621,0.124,-15.4288571225,0.186,-0.176
2144+092,2016,28,326.7923457284,0.155,9.4962978504,0.127,0.103
2144-065,2016,3,326.8412070976,0.53,-6.3403725737,0.199,0.62
2145+067,2016,7,327.0227444016,0.173,6.9607234451,0.228,0.148
2145+082,2016,5,326.9800807541,0.3,8.5033047834,0.464,0.39
2149+056,2016,23,327.9078145837,0.244,5.8702651509,0.392,-0.009
2149-307,2016,4,327.9813498199,0.26,-30.4649161254,0.218,0.262
2150+173,2016,5,328.1034141303,0.128,17.5771653422,0.105,-0.12
2154-135,2016,1,329.2624013585,8.14,-13.3174913502,18.999,-0.933
2155+312,2016,16,329.3700995573,0.244,31.4503754924,0.193,0.298
2155-152,2016,18,329.5261744572,0.169,-15.0192579737,0.168,0.368
2155-304,2016,2,329.7169380881,0.581,-30.2255883553,2.088,-0.032
2200+420,2016,3,330.680380578,0.258,42.2777721778,0.161,-0.227
2201+315,2016,5,330.8123990509,0.217,31.7606304429,0.172,0.163
2204-007,2016,1,331.6803440445,0.154,-0.5173597654,0.296,-0.074
2204-540,2016,4,331.932222138,0.26,-53.7760611283,0.258,0.295
2205+166,2016,2,331.9702737027,0.763,16.8716154442,1.786,0.492
2208-137,2016,3,332.8504144202,0.099,-13.4693675891,0.205,-0.598
2209+236,2016,43,333.024859723,0.103,23.927928896,0.086,0.123
2214+350,2016,51,334.0833745715,0.132,35.3039388277,0.166,-0.046
2215+006,2016,1,334.5278208769,0.193,0.8732277606,0.366,0.137
2215+150,2016,19,334.54547461,0.097,15.3432548635,0.081,0.172
2220-351,2016,6,335.7747106622,0.289,-34.9297716437,0.504,0.493
2223-052,2016,60,336.4469136747,0.109,-4.9503862598,0.081,0.02
2227-088,2016,70,337.4170180671,0.095,-8.5484542921,0.08,-0.036
2227-399,2016,1,337.6678274317,0.484,-39.7144627613,0.471,0.414
2229+695,2016,90,337.6519573135,0.21,69.7744658218,0.066,-0.001
2230+114,2016,8,338.1517037884,0.169,11.7308067022,0.147,0.171
2232-488,2016,10,338.8051522941,0.233,-48.5996651384,0.245,0.134
2233-148,2016,4,339.1420297968,0.128,-14.5561637523,0.294,-0.385
2234+282,2016,6,339.0936284761,0.184,28.4826147029,0.172,0.44
2236-572,2016,4,339.8003162221,0.256,-57.0168998906,0.168,0.257
2239+096,2016,6,340.4571555073,0.154,9.8979014288,0.138,0.245
2243+047,2016,4,341.4735586933,0.278,5.0158232083,1.268,-0.605
2243-123,2016,5,341.5759665525,0.236,-12.1142437395,0.303,0.371
2244-372,2016,6,341.7663221776,0.214,-36.9628622738,0.305,0.224
2245-128,2016,1,341.9693376273,0.104,-12.6221448278,0.262,-0.239
2245-328,2016,5,342.1611906429,0.242,-32.5978300721,0.203,0.34
2251+158,2016,5,343.4906155836,0.173,16.1482113073,0.087,-0.491
2254+024,2016,3,344.323179618,0.415,2.7215308707,0.371,-0.059
2254+074,2016,28,344.3220963307,0.118,7.7200840826,0.13,0.175
2255-282,2016,108,344.5248453425,0.239,-27.97257129,0.245,0.362
2300+345,2016,1,345.8401113769,0.376,34.7801314644,0.398,0.263
2300-683,2016,10,345.9315193549,0.562,-68.1270675788,0.362,-0.302
2302+232,2016,2,346.1518184654,0.396,23.5187806624,0.542,-0.65
2306-052,2016,1,347.3215300651,0.624,-4.9779092439,2.667,0.095
2306-312,2016,3,347.3097142364,0.21,-30.9868290804,0.413,-0.035
2307+106,2016,7,347.6188239015,0.151,10.9251935415,0.215,-0.341
2309+454,2016,54,347.9475373678,0.176,45.7322268362,0.134,-0.244
2314-409,2016,4,349.1954995317,0.393,-40.6891906623,0.448,0.197
2315-172,2016,1,349.5473392426,0.164,-16.9914414072,0.39,-0.127
2318+049,2016,46,350.1869024614,0.109,5.2305424122,0.11,-0.051
2319+317,2016,49,350.478983274,0.221,32.0687840508,0.238,-0.027
2319+444,2016,5,350.5848253673,0.634,44.7617649468,0.508,-0.063
2320+506,2016,1,350.6082601098,2.01,50.9644341859,0.746,0.534
2320-078,2016,1,350.7170465687,0.198,-7.6182272513,0.168,0.045
2321-375,2016,3,351.0296328199,0.507,-37.2395710062,0.483,0.042
2325+093,2016,6,351.8899190028,0.164,9.6692952435,0.109,0.021
2326-477,2016,5,352.3237681795,0.238,-47.5053095976,0.237,0.503
2328+107,2016,1,352.670217589,0.792,11.0051973464,1.008,-0.942
2329-384,2016,5,352.9978172709,0.256,-38.1965697508,0.306,0.195
2329-415,2016,2,353.079367944,0.753,-41.3104393485,1.378,0.825
2331-240,2016,3,353.4801575887,0.275,-23.7279606925,0.351,0.15
2333-415,2016,6,354.1416044775,0.275,-41.2561066468,0.396,-0.1
2333-528,2016,1,354.0506024162,0.513,-52.6060975776,0.356,0.011
2335-027,2016,29,354.4889127905,0.238,-2.5160081257,0.188,0.069
2337+264,2016,1,355.120955973,0.223,26.6991124816,0.218,0.026
2344+092,2016,2,356.6534938677,0.422,9.5126430702,0.272,0.431
2344-514,2016,5,356.8327671417,0.761,-51.1766847757,0.346,0.14
2345+061,2016,1,357.1323777979,0.132,6.416606117,0.266,-0.031
2346+385,2016,1,357.3367772646,0.114,38.8215440912,0.116,-0.048
2348+021,2016,1,357.7395119584,1.462,2.4612226694,2.364,0.459
2351-154,2016,6,358.6258131473,0.255,-15.2197813597,0.176,-0.086
2353+816,2016,7,359.0949748228,0.76,81.8811819444,0.102,-0.124
2353-686,2016,9,359.0028393351,0.52,-68.3342977712,0.227,0.038
2355-106,2016,74,359.5453433207,0.123,-10.335725377,0.122,-0.121
2355-534,2016,6,359.4719419248,0.302,-53.1871358498,0.225,0.466
2356+385,2016,34,359.8882532989,0.158,38.8450884983,0.187,-0.138
2356-069,2016,1,359.8825671213,9.152,-6.6620413536,30.377,-0.98
2357-318,2016,20,359.8978814621,0.271,-31.5621735108,0.353,-0.08
2358+189,2016,9,0.2859232316,0.52,19.2427227074,0.547,0.208
