iers_name,year,num_ses,ra,ra_err,dec,dec_err,ra_dec_corr
0002+051,2019,1,1.3342312847,0.41,5.4030009146,0.18,0.494
0003-066,2019,24,1.5578870322,0.083,-6.3931487094,0.086,0.044
0008-264,2019,29,2.7551947096,0.22,-26.2092714102,0.284,-0.264
0008-421,2019,1,2.7188230254,1.106,-41.8863275994,2.61,0.014
0010+405,2019,4,3.3797091135,0.299,40.8603178852,0.204,-0.079
0010-401,2019,1,3.2496243583,0.251,-39.9072375266,0.393,0.012
0013-005,2019,1,4.0462022265,0.246,-0.2534570367,0.431,-0.652
0014+813,2019,6,4.2853123336,0.666,81.5855932202,0.106,0.043
0016+453,2019,1,4.8709492339,0.376,45.6286372902,0.276,-0.07
0016+731,2019,81,4.9407763087,0.045,73.4583382537,0.011,-0.053
0017+200,2019,47,4.9077270485,0.055,20.3626790708,0.06,0.044
0019+058,2019,28,5.6351717213,0.101,6.1345191527,0.108,-0.023
0020+015,2019,1,5.6592712267,0.136,1.7840074272,0.306,-0.168
0023-354,2019,1,6.5682795045,1.604,-35.2135536908,0.454,0.486
0025+197,2019,19,7.1242436695,0.178,20.0074288966,0.167,-0.031
0026+324,2019,1,7.3875588248,0.325,32.7474428122,0.407,-0.181
0027+056,2019,2,7.4412346251,0.268,5.9113091164,0.437,0.587
0033+098,2019,3,9.0990298384,0.225,10.1329073436,0.16,-0.111
0034+078,2019,1,9.3841548607,0.221,8.1369604309,0.179,-0.016
0035+413,2019,2,9.6035147422,0.588,41.6183334183,0.342,0.097
0035-037,2019,1,9.5866431242,0.394,-3.4997115985,0.185,0.402
0035-252,2019,2,9.5613979588,0.13,-24.9839543343,0.32,-0.668
0038-326,2019,1,10.1277285279,1.087,-32.4223132623,2.925,-0.063
0039+568,2019,1,10.5810485554,0.283,57.1434961251,0.368,-0.142
0039-407,2019,2,10.5051020984,0.558,-40.5110394365,0.267,0.502
0041+047,2019,1,10.9447111589,0.127,5.0488992641,0.271,-0.254
0047+023,2019,2,12.4301497367,0.072,2.6177162464,0.155,0.13
0047-579,2019,4,12.4978040609,0.448,-57.6409276344,0.46,-0.069
0048-097,2019,39,12.6721557318,0.091,-9.4847806566,0.112,-0.028
0048-427,2019,19,12.7895908753,0.28,-42.4425814862,0.443,-0.199
0049+162,2019,1,13.150685263,0.324,16.5501229413,0.613,-0.49
0054+161,2019,32,14.2303930217,0.094,16.4203725104,0.112,-0.123
0054-006,2019,1,14.3208426312,0.253,-0.4092158669,0.169,0.173
0055+300,2019,1,14.4536805108,0.076,30.3524478619,0.082,-0.322
0055-059,2019,9,14.5211096012,0.081,-5.664521715,0.194,-0.213
0056-001,2019,2,14.7729789108,0.136,0.1143391084,0.347,-0.361
0059+581,2019,97,15.69067651,0.027,58.4030935075,0.013,0.014
0100+151,2019,1,15.8583404946,0.292,15.4401849391,0.594,-0.569
0103+127,2019,2,16.638985236,0.34,13.0007236587,0.251,-0.458
0104-275,2019,2,16.6086752081,0.099,-27.3032848088,0.26,0.134
0104-408,2019,78,16.6879498775,0.184,-40.5722112117,0.195,-0.37
0106+013,2019,6,17.1615462948,0.165,1.5834215107,0.141,0.176
0107+069,2019,2,17.6375795435,0.245,7.2450671611,0.624,-0.009
0107-045,2019,1,17.6287616013,0.751,-4.2586186049,0.625,0.035
0107-610,2019,2,17.3144800371,0.432,-60.8301276434,0.282,0.057
0109+026,2019,1,18.0710219181,0.394,2.9605601823,1.01,0.087
0109+224,2019,13,18.0242696433,0.118,22.7441073369,0.136,0.059
0110+495,2019,4,18.3625283533,0.192,49.8066787573,0.127,-0.319
0111+021,2019,16,18.4297706174,0.118,2.371476731,0.147,0.164
0112+131,2019,1,18.719903617,0.278,13.4270916907,0.724,-0.01
0112+13A,2019,1,18.7961130347,0.171,13.4128946165,0.436,-0.196
0113-118,2019,3,19.0521750202,0.195,-11.604287207,0.133,0.325
0114+140,2019,1,19.355012857,0.327,14.3034502198,0.136,0.312
0115-214,2019,12,19.4532505706,0.177,-21.1851759018,0.272,-0.213
0116-219,2019,2,19.7385923871,0.176,-21.6917055831,0.117,-0.152
0118+111,2019,1,20.3708298967,0.251,11.4501396696,0.237,-0.046
0119+041,2019,42,20.4869237275,0.017,4.3735370317,0.084,-0.118
0119+115,2019,57,20.4233127817,0.022,11.8306704632,0.048,-0.066
0121+560,2019,1,21.1076127109,0.293,56.3144206495,0.149,0.351
0127+145,2019,1,22.4806130389,0.418,14.7799546916,0.645,-0.489
0130+242,2019,1,23.3526165139,0.217,24.4614736062,0.442,-0.52
0130-171,2019,2,23.1811978019,0.215,-16.9134783653,0.123,0.439
0131-522,2019,61,23.2740104075,0.261,-52.0010958868,0.23,-0.054
0133+476,2019,81,24.2441450425,0.021,47.8580833599,0.015,-0.127
0133-410,2019,1,24.0119021722,0.514,-40.7473052071,0.269,0.366
0134+311,2019,22,24.2863901289,0.128,31.3766265871,0.136,0.172
0134+329,2019,6,24.4220818584,0.248,33.1597436574,0.194,0.028
0137+012,2019,5,24.9887740495,0.279,1.5294830288,0.235,0.017
0138-097,2019,5,25.3576340816,0.19,-9.4787984708,0.151,0.404
0139-097,2019,1,25.4080821748,0.182,-9.5004962219,0.454,-0.007
0149+218,2019,5,28.0752460439,0.159,22.1188055307,0.143,-0.011
0150-144,2019,1,28.1333621215,189.85,-14.2109455049,23.36,1.0
0151+474,2019,22,28.7345411643,0.136,47.7240388248,0.118,0.026
0152+043,2019,1,28.7655226247,3.285,4.641763746,4.201,-0.985
0153-149,2019,1,28.8885103994,0.514,-14.7215101636,1.23,-0.368
0153-410,2019,2,28.9044137959,0.408,-40.8117660138,0.231,0.411
0156+128,2019,1,29.7344740268,0.4,13.117428164,0.185,0.376
0158+031,2019,1,30.1700687447,0.352,3.3804186819,0.468,-0.523
0158-404,2019,1,30.0493290605,0.571,-40.1828626193,0.276,0.479
0159+723,2019,3,30.8891040248,0.292,72.5482409586,0.073,-0.051
0159-062,2019,1,30.5286030486,0.74,-5.983367375,0.814,-0.629
0201+113,2019,10,30.9444044003,0.152,11.5792804859,0.262,-0.247
0202+145,2019,1,31.3046551601,0.223,14.742329426,0.182,0.235
0202+149,2019,4,31.2100579277,0.118,15.2364008741,0.137,-0.108
0202+319,2019,77,31.2705223515,0.05,32.2083598606,0.049,0.079
0202-172,2019,5,31.240309651,0.2,-17.0221778618,0.126,0.145
0206+136,2019,12,32.3999930253,0.073,13.8668755167,0.132,-0.12
0208+106,2019,1,32.8049057357,0.221,10.8596664276,0.193,-0.113
0208-512,2019,9,32.692501887,0.316,-51.0171921893,0.281,0.123
0211+171,2019,2,33.6871368447,0.433,17.3804199592,0.428,0.597
0212+735,2019,8,34.3783890426,0.385,73.8257282657,0.106,0.009
0213+432,2019,1,34.1743082515,0.484,43.5261621934,0.287,0.146
0214+083,2019,1,34.3213542014,0.36,8.6177495316,0.479,-0.646
0214-522,2019,1,34.0133244484,0.486,-52.0034652864,0.914,-0.269
0215+015,2019,19,34.4539781216,0.079,1.7471386004,0.088,-0.011
0216+011,2019,2,34.7792687317,0.202,1.3499627887,0.195,-0.277
0218-132,2019,1,35.3010521109,0.234,-13.0466169493,0.702,-0.744
0220+427,2019,2,35.7975470548,0.949,42.9920517313,0.337,0.273
0221+067,2019,12,36.1184507852,0.142,6.989817143,0.131,-0.039
0222+310,2019,2,36.3201262475,0.211,31.3160639298,0.258,-0.012
0225-306,2019,1,36.9189028304,0.335,-30.4343413957,0.32,0.191
0227+403,2019,1,37.6904616364,0.618,40.5480746887,0.733,-0.312
0227+448,2019,1,37.70799726,0.732,45.035414504,0.593,0.345
0227-369,2019,7,37.3685377036,0.164,-36.7324508117,0.328,0.063
0227-542,2019,3,37.3032721839,0.383,-54.0566764098,0.527,0.146
0229+131,2019,57,37.9412255815,0.021,13.3818655666,0.04,-0.086
0229-479,2019,2,37.7991837263,0.164,-47.7698840149,0.248,-0.062
0232-042,2019,1,38.7805906523,0.206,-4.0348104634,0.492,0.141
0233-133,2019,1,39.0401285658,0.365,-13.1331618062,1.005,-0.781
0234+285,2019,8,39.4683569892,0.161,28.8024973034,0.131,0.162
0234+301,2019,2,39.3410068826,0.237,30.3832828163,0.263,-0.121
0235+164,2019,5,39.6622087013,0.198,16.6164651766,0.255,-0.18
0235-266,2019,1,39.3198416051,3.097,-26.3980962542,0.739,-0.844
0237+040,2019,1,39.963596079,0.366,4.2726146098,1.134,0.36
0237-027,2019,43,39.9394677691,0.078,-2.5780317984,0.151,-0.187
0238-084,2019,1,40.2699938111,0.096,-8.2557643484,0.174,-0.173
0239+175,2019,4,40.6011177482,0.079,17.7163471237,0.134,-0.193
0240+110,2019,1,40.8235811834,0.14,11.2615852123,0.258,-0.289
0241+622,2019,6,41.2404026819,1.835,62.4684766546,0.777,-0.067
0241-564,2019,1,40.8605379023,5.078,-56.2117896581,1.541,-0.773
0242+131,2019,2,41.1903888268,0.43,13.3353393008,0.15,0.262
0243+339,2019,1,41.6299275415,0.18,34.1907361248,0.276,-0.017
0244-470,2019,2,41.5004915503,0.155,-46.8547868878,0.229,0.554
0246+061,2019,1,42.3250671169,0.238,6.3310965686,0.209,-0.339
0248+373,2019,2,42.996541565,0.235,37.5717022669,0.225,-0.166
0250+178,2019,1,43.3953426293,0.25,18.0951455461,0.265,0.319
0252-549,2019,3,43.3715849842,0.282,-54.69762114,0.247,0.071
0253+133,2019,1,44.1457695148,0.641,13.5764839256,1.767,-0.812
0254+185,2019,1,44.4401185414,0.31,18.7848223469,0.356,0.16
0256-005,2019,24,44.8688173413,0.142,-0.3333264818,0.188,-0.111
0256-393,2019,1,44.5585204805,0.344,-39.161301114,0.131,0.458
0258+011,2019,1,45.3483635497,3.809,1.3099991167,0.697,0.957
0300+470,2019,12,45.8968425776,0.126,47.2711876479,0.091,-0.151
0302+625,2019,3,46.6777481146,0.335,62.7172288546,0.208,-0.049
0302-437,2019,1,46.1216758177,0.52,-43.5544522158,0.22,0.303
0302-623,2019,5,45.9609636191,0.35,-62.19043052,0.18,-0.016
0304+124,2019,1,46.7522190722,0.455,12.6905345199,0.779,0.153
0305-491,2019,1,46.8924678648,1.799,-48.9532028104,0.697,-0.426
0306+102,2019,3,47.2650978761,0.093,10.4878725162,0.108,-0.194
0306-061,2019,1,47.3470369057,0.283,-5.989014187,0.623,0.291
0307+380,2019,24,47.7078329763,0.126,38.2482883198,0.108,0.075
0308-611,2019,96,47.4837464141,0.281,-60.9775156219,0.19,0.096
0309+411,2019,3,48.2581755163,0.087,41.3336620628,0.048,-0.259
0312+100,2019,6,48.8380826135,0.29,10.2119677838,0.162,-0.011
0312-770,2019,3,47.9802087004,0.799,-76.8641244165,0.205,0.231
0316+162,2019,1,49.7408471406,0.44,16.4757396165,0.239,0.352
0316+413,2019,2,49.950667187,0.173,41.5116955725,0.209,-0.108
0317+188,2019,1,49.9635695973,0.232,19.0253586981,0.307,-0.227
0322+222,2019,63,51.403393156,0.083,22.4001015849,0.089,0.038
0325+395,2019,2,52.2096335435,0.307,39.6790461145,0.311,-0.469
0332+078,2019,14,53.7221528234,0.099,8.0040052821,0.134,-0.153
0332-403,2019,19,53.5568936302,0.221,-40.1403882702,0.271,-0.025
0333+321,2019,1,54.1254465777,2.688,32.3081507778,0.431,0.241
0334-131,2019,1,54.1459825295,3.209,-13.0346277492,0.529,0.764
0334-546,2019,2,53.974686967,0.292,-54.5069762883,0.255,0.084
0335-364,2019,1,54.22509781,0.662,-36.2683958991,1.435,-0.534
0336+133,2019,1,54.9326923352,0.166,13.4843965534,0.348,0.178
0336-019,2019,70,54.8789073637,0.023,-1.7766122992,0.071,0.009
0338-214,2019,7,55.1483660456,0.17,-21.3253256458,0.23,0.573
0340+362,2019,9,55.8706350283,0.118,36.3701193929,0.107,0.14
0341+065,2019,1,55.9957466829,0.22,6.7322763676,0.455,-0.547
0341+158,2019,1,56.0965504727,1.044,15.995380712,1.362,-0.01
0342+147,2019,4,56.2767354675,0.16,14.8970995354,0.176,0.05
0344+235,2019,1,56.9879654303,0.207,23.6653680637,0.225,0.196
0345+085,2019,1,57.0434005764,0.239,8.7024613833,0.529,-0.495
0345+460,2019,8,57.3280898009,0.146,46.1665716972,0.104,-0.042
0346+800,2019,1,58.6921889269,5.398,80.1580139042,1.282,-0.57
0346-279,2019,15,57.1589356856,0.169,-27.820434935,0.218,0.256
0347-211,2019,30,57.4909445007,0.046,-21.0465949777,0.19,-0.118
0350+465,2019,1,58.6250484735,0.422,46.7218751454,0.268,0.212
0351+390,2019,1,58.8191270734,0.207,39.1527236755,0.249,0.18
0352+123,2019,1,58.9399991485,0.296,12.5294669395,0.407,-0.307
0354+000,2019,1,59.226175595,0.685,0.225384066,1.765,0.38
0354-405,2019,2,59.0872822626,0.307,-40.3581080678,0.142,0.382
0355+508,2019,55,59.8739469395,0.556,50.9639339388,0.327,0.043
0355-669,2019,2,58.9495139115,1.161,-66.7593935652,0.834,-0.071
0357-263,2019,1,59.890341294,0.399,-26.2587029189,0.836,-0.75
0358+210,2019,7,60.4381920322,0.108,21.1746074248,0.173,-0.285
0400+258,2019,2,60.7732751109,0.545,26.0004180965,2.204,-0.382
0400-319,2019,9,60.5886083649,0.351,-31.7905403982,0.314,0.043
0402-362,2019,16,60.9739579148,0.237,-36.0838647794,0.238,0.229
0403-132,2019,25,61.391680754,0.084,-13.137136355,0.149,-0.093
0405-015,2019,1,62.0772218426,32.507,-1.3763590088,7.147,-0.999
0405-123,2019,2,61.9517957426,0.273,-12.1935164146,0.175,0.456
0405-385,2019,14,61.7459805892,0.205,-38.4411228252,0.276,-0.055
0406-127,2019,1,62.274040754,2.43,-12.646705968,7.465,-0.627
0407-199,2019,1,62.4189846275,130.999,-19.8004782815,159.096,0.889
0409+229,2019,1,63.1819456899,1.576,23.0848475755,2.329,-0.917
0410+110,2019,6,63.4180875245,0.263,11.2041072458,0.202,-0.327
0414-189,2019,13,64.1522684434,0.288,-18.8523166391,0.258,0.372
0415+211,2019,1,64.6678513607,0.394,21.2753200608,0.846,-0.673
0415+398,2019,15,64.8439563178,0.185,39.924716047,0.14,-0.134
0418+532,2019,2,65.684995326,0.225,53.4072952165,0.426,-0.425
0420+022,2019,47,65.7175610513,0.014,2.3241475433,0.054,-0.161
0420-014,2019,24,65.8158363706,0.037,-1.3425182503,0.103,-0.056
0422+004,2019,5,66.195175196,0.081,0.6017580864,0.189,-0.153
0422+224,2019,1,66.4247740271,0.262,22.5853472862,0.543,-0.073
0422-380,2019,7,66.1760180502,0.347,-37.9391073961,0.611,0.47
0422-389,2019,2,66.1404841907,0.303,-38.8115674887,0.141,0.492
0423+233,2019,3,66.7322283595,0.075,23.4610093031,0.112,-0.218
0425+174,2019,1,67.148473682,0.486,17.5398853289,0.356,-0.429
0426+181,2019,2,67.3714735762,0.377,18.2644940897,0.421,0.071
0426+273,2019,2,67.4706698956,0.133,27.4105211091,0.181,-0.164
0426-380,2019,1,67.168435329,1.038,-37.9387720052,0.422,0.497
0429+174,2019,2,67.9890802156,0.427,17.5266042107,0.614,-0.338
0429+448,2019,1,68.1682556367,0.29,45.003822551,0.305,0.105
0430+052,2019,1,68.2962312562,1.185,5.35433877,0.381,0.045
0430+289,2019,5,68.4076243633,0.152,29.0987437048,0.242,-0.125
0430-332,2019,1,68.1856908768,109.726,-33.1533040153,163.882,0.999
0432-253,2019,1,68.5860686129,0.71,-25.2426418836,0.866,-0.861
0433-101,2019,2,69.0474680325,0.114,-10.0483798074,0.268,-0.29
0433-422,2019,2,68.6888072582,0.39,-42.1855392685,0.172,0.498
0434-188,2019,8,69.2561775399,1.204,-18.7468373834,1.633,-0.322
0436-129,2019,1,69.6459208385,0.075,-12.8509330097,0.179,-0.282
0437+273,2019,1,70.1155805518,0.585,27.4779668438,0.964,-0.076
0437-454,2019,8,69.7535611731,0.368,-45.3729341806,0.458,-0.058
0438+040,2019,2,70.3702577633,0.135,4.1443449536,0.273,-0.197
0438-436,2019,3,70.0715831809,0.275,-43.5523898934,0.526,-0.133
0439+186,2019,1,70.7131720663,0.172,18.7274837535,0.335,-0.083
0439+283,2019,1,70.6832672157,0.172,28.4273463522,0.331,-0.165
0440+209,2019,1,70.9065033466,0.143,21.0857412134,0.224,0.161
0440+345,2019,1,70.8818130767,0.84,34.6851847002,1.909,-0.093
0440-003,2019,7,70.66108641,0.155,-0.2953945741,0.149,-0.1
0442+389,2019,8,71.5478917431,0.157,39.0047499423,0.196,0.084
0444+634,2019,1,72.3471272595,0.272,63.5359540013,0.13,-0.098
0445-221,2019,1,71.905340999,4.643,-22.0602320148,14.641,-0.925
0446+074,2019,1,72.3382110765,0.283,7.4863046966,0.624,0.095
0446+112,2019,55,72.2819629247,0.026,11.3579434237,0.072,-0.111
0448-392,2019,2,72.4260612097,0.226,-39.185963968,0.108,0.284
0451-078,2019,2,73.4821360879,0.115,-7.7575212039,0.276,-0.401
0451-282,2019,5,73.311028295,0.177,-28.1270350723,0.18,-0.231
0454+844,2019,13,77.1765146154,0.643,84.5345956186,0.073,0.125
0454-234,2019,88,74.2632467849,0.047,-23.4144500769,0.088,-0.15
0454-463,2019,7,73.9615523204,0.306,-46.2662999385,0.234,-0.068
0454-810,2019,8,72.5226672769,1.099,-81.0172865616,0.18,0.011
0458+138,2019,2,75.4386284337,0.063,13.9353389129,0.124,-0.098
0458-020,2019,82,75.3033745188,0.013,-1.9872935474,0.048,-0.043
0500+019,2019,1,75.8383216485,0.129,2.0512991785,0.145,0.124
0501-215,2019,1,75.9503739773,1.018,-21.4753711474,0.29,-0.59
0503-163,2019,1,76.4881696137,3.386,-16.2661138872,4.582,-0.997
0506+056,2019,2,77.3581852174,0.269,5.693148177,0.189,0.238
0506+101,2019,15,77.3644045009,0.111,10.1957223227,0.121,-0.088
0506+398,2019,1,77.4534060027,0.225,39.8651732707,0.299,0.362
0506-612,2019,2,76.6832866138,0.394,-61.1613871002,0.217,0.191
0507+179,2019,5,77.5098713251,0.09,18.011550504,0.123,0.147
0508+138,2019,1,77.9096652094,2.084,13.9553315224,0.714,0.709
0511-220,2019,1,78.4546423497,1.404,-21.9878031313,0.614,-0.627
0513+714,2019,1,79.8703416718,1.47,71.5510347106,0.431,0.23
0513-459,2019,2,78.6831660061,0.612,-45.9098806806,0.303,0.353
0514-161,2019,1,79.066372268,0.1,-16.0521204175,0.176,0.014
0514-459,2019,1,78.9385423549,1.291,-45.9453330377,0.923,-0.743
0515+208,2019,3,79.515935498,0.175,20.9145826858,0.201,-0.034
0516-340,2019,1,79.5144660463,0.815,-34.041560537,1.697,-0.784
0516-621,2019,3,79.187192237,0.496,-62.1181636362,0.254,0.116
0521-365,2019,7,80.7416026409,0.175,-36.4585697667,0.181,0.161
0522-611,2019,6,80.6434394829,0.8,-61.1325371375,0.528,0.353
0524+034,2019,5,81.8862726332,0.057,3.5254212716,0.122,-0.352
0524-237,2019,1,81.7016058266,0.609,-23.7155174649,1.186,-0.858
0524-485,2019,4,81.5694638005,0.261,-48.5102200324,0.322,0.101
0528+134,2019,2,82.7350697059,0.355,13.5319857844,0.785,0.523
0528-250,2019,6,82.5331782411,0.213,-25.0583053326,0.216,0.079
0529+483,2019,66,83.3161074812,0.015,48.3813355529,0.014,-0.06
0529-355,2019,1,82.876732524,0.71,-35.5591180822,1.391,-0.805
0530-727,2019,72,82.3751757321,0.639,-72.7579187613,0.197,-0.028
0534-201,2019,1,84.092921132,1.409,-20.0920525726,0.43,-0.646
0534-340,2019,4,84.1184681397,0.099,-34.0198523703,0.235,0.215
0534-611,2019,3,83.6490522009,0.758,-61.1019648987,0.499,-0.665
0536+145,2019,20,84.9265249829,0.255,14.5626559805,0.174,0.096
0537+392,2019,1,85.1851604273,0.196,39.2700651494,0.27,0.377
0537-286,2019,40,84.9761728088,0.078,-28.6655411303,0.182,-0.197
0537-441,2019,72,84.7098397625,0.228,-44.0858163946,0.281,0.125
0544+273,2019,32,86.89228717,0.095,27.3657896092,0.112,-0.011
0548+378,2019,5,88.0747371821,0.074,37.9070229312,0.061,-0.284
0549+201,2019,1,88.0291723416,0.125,20.1221632999,0.187,0.17
0549-575,2019,3,87.5399174958,0.435,-57.5401100328,0.283,-0.01
0550-452,2019,1,87.9212402778,0.639,-45.2615112976,0.293,0.516
0550-453,2019,2,88.0418342159,0.459,-45.3735197787,0.336,0.093
0552+398,2019,60,88.8783568016,0.011,39.8136569665,0.013,-0.141
0553+261,2019,1,89.0952014331,0.234,26.1744754283,0.297,0.109
0556+238,2019,16,89.8834713786,0.072,23.8983129414,0.109,-0.183
0557-454,2019,1,89.7981012991,0.458,-45.4945298251,0.246,0.372
0558+234,2019,2,90.4473209903,0.157,23.4148569938,0.262,0.232
0559-276,2019,1,90.453000931,2.507,-27.6061222238,5.319,0.665
0600+177,2019,2,90.7880427811,0.184,17.7046695442,0.385,0.072
0601+242,2019,1,91.1666705035,0.249,24.2538600819,0.709,-0.121
0601-172,2019,2,90.990551826,0.077,-17.2745051836,0.179,-0.304
0602+405,2019,2,91.4618974049,0.122,40.5022509978,0.094,0.045
0602+673,2019,38,91.9694650836,0.133,67.3487250762,0.058,-0.198
0605-085,2019,8,91.9987468044,0.177,-8.5805495028,0.109,0.145
0605-153,2019,1,92.0063832231,0.39,-15.3436052986,0.476,-0.627
0606-223,2019,30,92.2486951527,0.173,-22.3391546605,0.141,0.036
0607-157,2019,8,92.4206230521,0.191,-15.7112979629,0.127,0.104
0611-001,2019,1,93.3996437132,0.182,-0.1427067111,0.436,-0.605
0613+570,2019,54,94.3205107541,0.056,57.02122868,0.033,-0.046
0615+820,2019,1,96.5125266218,0.68,82.040435502,0.107,-0.07
0615-365,2019,1,94.3847032139,1.311,-36.5707940257,3.73,-0.302
0618-252,2019,1,95.1338205983,0.623,-25.2548572018,0.297,0.712
0620-069,2019,2,95.7418580815,0.219,-6.9477695773,0.235,-0.356
0622-645,2019,1,95.7820678923,0.345,-64.6057562129,0.217,-0.214
0623+264,2019,1,96.7287494416,0.331,26.3888367343,0.652,0.101
0623-115,2019,2,96.4555707042,0.179,-11.5567639557,0.197,-0.391
0627-199,2019,18,97.3490077715,0.093,-19.9888121514,0.183,-0.118
0629+159,2019,1,98.1396491591,0.156,15.9062728009,0.273,-0.348
0630-261,2019,1,98.0270917761,2.766,-26.2372314975,0.605,0.945
0632-235,2019,13,98.7458374407,0.157,-23.5866548119,0.153,0.124
0633-26B,2019,1,98.8309016826,1.721,-26.3488111098,0.431,-0.72
0636+680,2019,4,100.5177391668,0.191,67.976561364,0.068,-0.077
0637-128,2019,1,100.0299223209,120.618,-12.8876344636,163.447,0.899
0637-752,2019,4,98.9437835274,1.314,-75.2713376167,0.209,-0.068
0638-411,2019,2,99.9399559372,0.338,-41.2255964631,0.156,0.372
0639-032,2019,1,100.463053754,0.292,-3.3468287155,1.008,0.47
0641+392,2019,27,101.22378997,0.339,39.2465371779,0.335,0.441
0642+214,2019,2,101.3504149062,0.158,21.3642222036,0.237,0.409
0642+449,2019,31,101.6334414685,0.067,44.8546083489,0.046,0.088
0643+548,2019,1,101.8168572927,0.392,54.7702089624,0.22,0.031
0646-306,2019,35,102.0587352329,0.133,-30.7387944096,0.168,-0.034
0647-410,2019,2,102.3087950972,0.839,-41.1480632911,2.793,-0.674
0648-165,2019,39,102.6024243864,0.092,-16.6277015281,0.092,-0.05
0648-287,2019,1,102.6371992244,0.434,-28.8216261703,0.349,0.331
0650+371,2019,1,103.4928449789,0.415,37.0946127699,0.504,0.592
0651+410,2019,1,103.7917696978,0.237,41.0028222355,0.378,-0.433
0653+139,2019,1,104.0341006307,0.192,13.9146682394,0.323,-0.396
0656+082,2019,47,104.8249834674,0.094,8.2252648788,0.22,-0.304
0657+172,2019,9,105.006356491,0.112,17.156028148,0.152,-0.249
0700-007,2019,2,105.8295275857,0.276,-0.8508772694,0.193,0.413
0700-197,2019,41,105.6787527727,0.023,-19.8561210616,0.128,-0.368
0700-465,2019,1,105.3939392785,6.184,-46.5768419789,3.809,0.217
0705-412,2019,1,106.6794186919,1.701,-41.3732739518,5.936,0.031
0707+476,2019,3,107.6921036024,0.71,47.5364284994,0.332,-0.392
0708-139,2019,1,107.7505833443,115.544,-13.9920150458,164.636,0.921
0708-204,2019,1,107.6942611199,0.578,-20.5566487926,2.089,0.108
0709-387,2019,2,107.6818182824,0.279,-38.8436213088,0.165,0.532
0710+439,2019,1,108.4090047168,78.176,43.8214249598,81.239,-0.655
0714+457,2019,3,109.4660517245,0.082,45.6342391365,0.07,-0.398
0716+714,2019,73,110.4727019633,0.037,71.3434342996,0.016,-0.024
0717-393,2019,1,109.9136634448,1.081,-39.4801951171,3.744,-0.302
0718+792,2019,35,111.5488965599,0.35,79.1919489356,0.049,0.034
0722+145,2019,6,111.3200323091,0.166,14.4204852122,0.15,-0.221
0723+219,2019,18,111.5594197642,0.11,21.8889205682,0.155,-0.115
0723-008,2019,5,111.4609996259,0.119,-0.9157065941,0.094,-0.086
0725-381,2019,1,111.7505448278,1.476,-38.2198391191,4.733,-0.265
0727+409,2019,1,112.7139441371,0.097,40.830785147,0.088,-0.209
0727-115,2019,98,112.5796353015,0.016,-11.6868334879,0.061,-0.026
0727-365,2019,1,112.2725489654,0.406,-36.6625642513,0.36,0.168
0729+259,2019,4,113.2344803034,0.431,25.8107765344,0.288,0.225
0729+562,2019,1,113.3692324228,3.978,56.0949264984,3.199,-0.392
0732+207,2019,2,113.9697620863,0.214,20.6107935188,0.312,-0.141
0733+261,2019,1,114.241973326,0.768,26.080540499,0.475,0.194
0736+017,2019,31,114.8251412383,0.075,1.6179493874,0.112,0.11
0736-332,2019,1,114.57061912,0.363,-33.3702163158,0.803,0.381
0736-397,2019,1,114.4826680322,0.723,-39.9094603068,3.051,-0.706
0737-242,2019,1,114.8499374333,0.341,-24.3485934593,0.708,0.109
0738+313,2019,6,115.2945970666,0.111,31.2000641727,0.12,0.014
0738+491,2019,15,115.5114539539,0.061,49.0043358169,0.053,-0.118
0741-379,2019,2,115.9367524684,0.346,-38.0656669704,0.298,0.057
0741-444,2019,2,115.8864947193,1.781,-44.5680895365,6.462,-0.597
0742-562,2019,1,115.8353543339,1.966,-56.3258217298,0.639,-0.539
0743+259,2019,5,116.6078090959,0.333,25.8172595965,0.224,-0.217
0743+277,2019,35,116.6684679641,0.085,27.5830686265,0.101,-0.123
0743-006,2019,5,116.4753430272,0.183,-0.738205512,0.177,0.222
0743-247,2019,1,116.2927643986,0.21,-24.8621572186,0.456,0.402
0745+241,2019,7,117.150455298,0.084,24.006697186,0.113,0.145
0747+087,2019,2,117.493893219,0.177,8.6252038515,0.349,-0.398
0747+185,2019,3,117.5013747639,0.183,18.3865020075,0.196,-0.039
0747+194,2019,1,117.6663765639,0.944,19.3298161159,1.623,-0.476
0748+126,2019,60,117.7168572018,0.016,12.5180078411,0.037,0.098
0749+540,2019,21,118.2557690709,0.267,53.8832325383,0.181,0.411
0751+095,2019,2,118.4664349837,0.17,9.4054902695,0.327,-0.572
0755+379,2019,1,119.6171171867,0.126,37.7866133548,0.14,0.081
0759+183,2019,11,120.7001333377,0.181,18.1636803637,0.214,-0.126
0759+252,2019,1,120.6732809414,0.519,25.1530269642,0.36,0.335
0800+618,2019,60,121.325748126,0.036,61.7399168004,0.024,-0.035
0802+212,2019,1,121.4105593523,0.257,21.114331308,0.221,0.098
0802-010,2019,1,121.3037020355,0.754,-1.1871653393,0.162,0.389
0804+499,2019,36,122.1652762693,0.092,49.8434806462,0.058,-0.078
0804-153,2019,1,121.7721228687,7.076,-15.5237199836,9.775,-0.998
0804-267,2019,1,121.5530109215,0.395,-26.8759192926,0.536,0.291
0805+046,2019,3,121.989743448,0.124,4.542925569,0.219,-0.326
0805+410,2019,30,122.2360502267,0.042,40.8791358383,0.054,0.039
0805-077,2019,4,122.0647335182,0.219,-7.8527462315,0.178,-0.19
0808+019,2019,40,122.8612804276,0.056,1.7811723137,0.108,-0.008
0810+247,2019,1,123.4464072815,0.411,24.5997638956,0.299,0.081
0810+258,2019,1,123.2659750208,0.339,25.7030644656,0.252,0.214
0812+367,2019,5,123.8581036057,0.132,36.5875413213,0.106,-0.044
0814+201,2019,1,124.2728887369,0.41,19.9785829611,0.528,0.598
0814+240,2019,1,124.2939487909,0.336,23.8733203749,0.296,0.156
0814+425,2019,27,124.5666650721,0.081,42.37928192,0.057,0.044
0818-128,2019,1,125.239365017,0.063,-12.9831025324,0.136,-0.343
0819+258,2019,1,125.5602273338,0.895,25.6423504644,1.346,-0.449
0821+394,2019,27,126.2311827416,0.142,39.2783067024,0.101,-0.049
0821+621,2019,1,126.4108839823,0.631,61.9579386641,0.293,-0.385
0823+033,2019,51,126.4597430937,0.021,3.1568111171,0.076,-0.07
0823-223,2019,6,126.506553929,0.289,-22.5075563353,0.687,-0.984
0823-500,2019,1,126.3619515382,1.693,-50.1773574965,1.181,0.172
0824+131,2019,3,126.7269811416,0.243,12.9505819719,0.579,-0.67
0826+707,2019,1,127.9906590714,0.62,70.5934038074,0.199,0.267
0826-373,2019,2,127.0199177469,0.526,-37.5184114318,0.999,-0.103
0827+243,2019,13,127.7170258454,0.065,24.1832833958,0.07,-0.117
0830+160,2019,1,128.205821219,0.364,15.9023953537,0.176,0.235
0831+668,2019,1,128.9327627259,1.486,66.6724258536,0.562,-0.049
0833+240,2019,1,129.1929565685,0.357,23.9254558207,0.625,-0.184
0834+250,2019,5,129.4176904115,0.172,24.9064225869,0.159,0.278
0834-201,2019,47,129.1633969811,0.096,-20.2831958206,0.205,0.172
0836+710,2019,1,130.3515333715,101.891,70.8950326203,40.682,-0.455
0838+235,2019,1,130.4752357715,0.281,23.3318731469,0.508,-0.065
0842-375,2019,1,131.2180050142,0.311,-37.7026045798,0.188,0.198
0844-652,2019,2,131.2972291124,0.539,-65.4564339947,0.315,-0.629
0847-120,2019,12,132.5401484566,0.069,-12.2264934035,0.103,0.072
0851+202,2019,122,133.7036454718,0.01,20.1085113611,0.022,0.097
0854-108,2019,13,134.1741839836,0.11,-11.0873417455,0.179,-0.272
0855+133,2019,1,134.462361201,0.438,13.1168895003,0.725,0.225
0855+143,2019,1,134.6726959378,0.125,14.162433987,0.264,-0.209
0859+681,2019,1,135.9714792671,0.565,67.9563015125,0.208,0.382
0859-140,2019,2,135.5701286836,0.235,-14.2585765535,0.173,0.456
0902-350,2019,1,136.1765780934,0.306,-35.2400971742,0.468,-0.503
0903+031,2019,2,136.4683531961,0.485,2.9920875019,1.163,0.343
0903-573,2019,2,136.2215796344,0.342,-57.5849396283,0.265,0.339
0906+015,2019,5,137.2920484167,0.333,1.3598939063,0.227,0.236
0907+230,2019,2,137.6755546109,0.277,22.8098837797,0.142,0.097
0912+029,2019,31,138.6579726394,0.086,2.7664572163,0.218,0.321
0912+211,2019,2,138.7865868697,0.404,20.9353795546,0.297,-0.388
0917+449,2019,1,140.2435593792,182.679,44.6982963486,151.74,-0.417
0917+624,2019,3,140.4009639644,3.646,62.2644942782,1.238,-0.341
0917-185,2019,1,139.9460677028,0.477,-18.7854631777,1.646,-0.847
0918-363,2019,1,140.1091714358,0.322,-36.5298654908,0.187,-0.108
0918-534,2019,2,139.9334978489,1.374,-53.6684574869,0.604,0.489
0919-260,2019,5,140.3723078102,0.173,-26.3120517561,0.206,0.129
0920+390,2019,14,140.8102205418,0.23,38.8277527307,0.138,-0.049
0920-397,2019,42,140.6934094615,0.227,-39.9930745156,0.362,-0.239
0923+392,2019,7,141.7625584054,0.161,39.0391254883,0.104,0.157
0923-355,2019,1,141.4419125213,1.784,-35.7840930666,4.426,-0.959
0925-203,2019,18,141.9659347646,0.122,-20.5808980973,0.231,-0.303
0926-181,2019,1,142.259428139,34.312,-18.3460451988,7.842,-0.999
0930-080,2019,1,143.3212307124,0.235,-8.3196807967,0.186,-0.029
0930-200,2019,1,143.081615831,20.231,-20.2770030187,4.658,-0.998
0931-446,2019,1,143.3312402816,4.197,-44.9063446627,7.547,-0.924
0934-053,2019,2,144.1528024874,0.277,-5.5979116838,0.391,0.005
0936-172,2019,1,144.8299678314,44.008,-17.5266022618,10.073,-0.999
0936-853,2019,2,142.6357024923,5.461,-85.5665820383,0.442,0.103
0940+618,2019,1,146.0851738735,0.426,61.5972760364,0.188,-0.191
0943+105,2019,9,146.6461248215,0.085,10.2850373439,0.169,0.076
0946+181,2019,2,147.4156777145,0.287,17.8803914138,0.201,0.196
0946-096,2019,1,147.2572066067,3.705,-9.9262173015,7.519,0.04
0947-138,2019,1,147.3848334329,1.272,-14.113165276,2.825,-0.738
0949+354,2019,1,148.1334424365,0.098,35.2145562912,0.118,-0.202
0950-084,2019,1,148.2612896438,0.458,-8.6717661901,1.232,-0.498
0951+268,2019,5,148.6658188218,0.091,26.6568175987,0.112,0.055
0952+179,2019,2,148.736764964,0.313,17.7253396061,0.263,0.132
0952-408,2019,2,148.5794199506,0.793,-41.1368999282,0.643,-0.011
0953+254,2019,6,149.2078141022,0.219,25.2544582936,0.178,0.544
0954+658,2019,5,149.6968546031,0.206,65.5652272085,0.097,-0.004
0955+326,2019,4,149.5872901742,0.072,32.4006137328,0.076,-0.142
0955+476,2019,95,149.5819652025,0.018,47.4188451019,0.015,0.015
0956-359,2019,1,149.6287225835,0.53,-36.2113344887,0.262,0.413
0956-409,2019,2,149.6595664685,0.419,-41.1758820176,0.225,0.305
0958+346,2019,4,150.2997884691,0.197,34.4140164708,0.142,-0.151
0958+559,2019,1,150.4908471244,1.789,55.6797897227,1.023,-0.076
0959+105,2019,1,150.4905622792,0.578,10.2638071136,0.648,-0.007
0959-443,2019,1,150.499616662,0.828,-44.6335007814,0.468,-0.078
1002+483,2019,1,151.3166136488,1.595,48.0925906696,1.408,-0.083
1004-217,2019,3,151.693390234,0.085,-21.9890027931,0.197,-0.194
1004-500,2019,6,151.5583722317,0.305,-50.3037418561,0.321,0.233
1005+073,2019,2,151.9575655898,0.204,7.1433161736,0.105,0.145
1007+716,2019,1,152.8859092925,1.199,71.4115535598,0.32,0.286
1008-017,2019,1,152.7152777657,0.237,-2.0054374213,0.416,0.117
1009+747,2019,1,153.3777692233,0.815,74.4574614088,0.203,-0.178
1010+553,2019,1,153.5610214917,0.481,55.0566674647,0.224,-0.35
1010-255,2019,1,153.3046044882,0.253,-25.7818593121,0.29,-0.443
1011+250,2019,1,153.4725910906,122.668,24.8212024624,117.93,-0.422
1011+677,2019,1,153.9083813044,0.58,67.4790151842,0.191,0.309
1011+765,2019,1,154.0350263567,5.18,76.2880061848,1.371,-0.025
1012+091,2019,1,153.7037933948,2.257,8.8828298181,2.358,-0.017
1012+232,2019,1,153.696106111,0.077,23.0212697464,0.119,-0.259
1012-448,2019,1,153.7098125328,0.726,-45.14476518,0.702,-0.764
1013+054,2019,4,154.0130686671,0.066,5.2173170167,0.104,-0.058
1013+127,2019,10,153.9334307835,0.097,12.4519639885,0.137,-0.008
1014+615,2019,5,154.357864954,0.317,61.2743046225,0.139,0.086
1015+359,2019,7,154.5457837862,0.068,35.7109557982,0.066,0.101
1021-006,2019,4,156.1232780159,0.091,-0.8820823793,0.175,0.082
1022+194,2019,4,156.1867066882,0.215,19.2056710027,0.213,0.115
1022-665,2019,2,155.9313883313,0.536,-66.7801992631,0.229,0.252
1024+091,2019,2,156.6825340816,0.276,8.8765146555,0.562,0.05
1025+031,2019,1,157.0850053065,0.354,2.9229090005,0.247,0.348
1027-186,2019,3,157.3879070739,0.115,-18.8806360882,0.304,-0.405
1030+074,2019,2,158.3917678733,0.172,7.1905965203,0.359,0.441
1030+415,2019,28,158.2654492529,0.045,41.268398094,0.039,-0.065
1031+567,2019,1,158.779333379,1.454,56.4796636595,1.647,0.496
1032-199,2019,1,158.7589805502,2.17,-20.1928774253,0.515,0.456
1034+574,2019,1,159.4346158189,0.269,57.1987857025,0.203,-0.168
1034-293,2019,68,159.3169988637,0.111,-29.5674481609,0.267,-0.435
1034-374,2019,2,159.2226649832,0.256,-37.7375181568,0.492,0.278
1035+140,2019,1,159.593623328,0.445,13.7826160923,1.069,-0.609
1035-281,2019,1,159.4269059892,0.266,-28.3844743267,0.298,-0.44
1036+054,2019,1,159.6949160012,0.4,5.2080794793,0.3,0.259
1036-529,2019,4,159.6694047819,0.301,-53.1953529383,0.246,0.436
1038+064,2019,1,160.3214472135,95.053,6.1714253952,115.882,-0.621
1038+528,2019,6,160.4449236657,0.243,52.5578424139,0.168,0.119
1039+811,2019,12,161.0960939237,0.352,80.9109563824,0.058,0.035
1039-474,2019,3,160.4360412076,0.283,-47.6666849384,0.337,0.316
1040+080,2019,1,160.7399497042,0.186,7.8140399919,0.337,0.072
1040+244,2019,49,160.7876490936,0.012,24.1431693452,0.024,-0.009
1040-414,2019,1,160.6850007123,0.831,-41.7238189845,0.426,0.125
1041-452,2019,2,160.964259776,0.465,-45.502655969,0.878,-0.314
1044+719,2019,4,162.1150830945,0.391,71.7266496256,0.163,0.099
1045-188,2019,4,162.027585904,0.231,-19.1599242318,0.416,0.479
1045-620,2019,4,161.9289677315,0.413,-62.2873984022,0.209,0.145
1046+867,2019,1,163.5928125998,9.482,86.4933717431,0.93,-0.588
1050+024,2019,1,163.2099095262,0.142,2.1570652405,0.335,-0.212
1053+704,2019,88,164.2234062466,0.122,70.1960876679,0.044,0.018
1053+815,2019,32,164.5480642122,0.094,81.2424097653,0.016,0.144
1055+018,2019,10,164.6233549749,0.101,1.5663399205,0.073,-0.024
1055+201,2019,2,164.5745867722,0.148,19.8641305222,0.353,-0.428
1057+411,2019,1,164.9662752285,0.36,40.8539444645,0.566,-0.092
1057-797,2019,94,164.6804574583,0.693,-80.0650444082,0.117,0.005
1059+282,2019,29,165.5595352846,0.083,27.9524137552,0.088,0.021
1100+122,2019,9,165.7647076382,0.066,11.9712846063,0.133,-0.172
1101+384,2019,11,166.1138081116,0.102,38.2088330557,0.1,-0.202
1101-536,2019,1,165.9675904765,0.264,-53.9501934207,0.311,0.263
1103+023,2019,2,166.412470028,0.221,2.0492982298,0.098,0.199
1103-006,2019,1,166.6323931061,0.175,-0.8812170828,0.426,-0.175
1104+728,2019,6,166.9238440352,0.489,72.5433346693,0.141,-0.278
1104-445,2019,47,166.7862256006,0.576,-44.8187829639,0.349,-0.43
1109+027,2019,1,167.9652964304,1.393,2.4804135342,1.042,-0.048
1109+076,2019,1,168.0398273523,0.429,7.4136439396,0.466,-0.262
1109-567,2019,2,168.0302895992,1.361,-57.0610412311,0.505,-0.076
1111+149,2019,9,168.4945628561,0.072,14.7074868672,0.126,-0.447
1112-025,2019,2,168.6652663061,0.107,-2.7921507746,0.268,-0.416
1113+087,2019,1,169.0415557604,0.345,8.4894534389,0.157,0.16
1115-039,2019,2,169.5518985587,0.087,-4.2234440609,0.188,-0.357
1116+128,2019,1,169.7387559704,0.232,12.5782549531,0.197,0.016
1116-462,2019,5,169.6123234013,0.247,-46.5708339464,0.235,-0.129
1117+044,2019,1,169.928434394,0.312,4.1744244708,0.281,0.129
1117-270,2019,1,170.0674650146,0.614,-27.3184349824,0.695,0.392
1120+807,2019,1,170.9307292604,1.781,80.5064742227,0.181,0.104
1123+002,2019,2,171.4262081489,0.218,0.0170550102,0.104,0.14
1123+203,2019,1,171.4947579092,0.301,20.098426917,0.212,0.194
1123+264,2019,15,171.4737996616,0.075,26.172216268,0.072,-0.067
1124-186,2019,95,171.7683018795,0.031,-18.9548449537,0.115,-0.216
1125+213,2019,1,172.1480887774,0.693,21.0437097002,0.462,0.504
1125+366,2019,7,171.9952951559,0.176,36.3412087596,0.143,-0.053
1127-023,2019,2,172.4704963327,0.231,-2.6688259238,0.133,0.197
1127-145,2019,2,172.5293856717,0.171,-14.8242745644,0.113,0.463
1128+385,2019,16,172.7220108705,0.095,38.2551518958,0.082,-0.049
1129-580,2019,1,172.9303667655,0.287,-58.3148453124,0.23,0.377
1130+005,2019,2,173.2626250974,0.251,0.2636055342,0.471,-0.152
1133-032,2019,26,174.102403906,0.068,-3.5081935649,0.144,-0.142
1134-051,2019,2,174.1582397684,0.102,-5.3870044222,0.226,-0.329
1140+188,2019,1,175.8586237486,0.281,18.5773224377,0.248,0.228
1142-225,2019,1,176.341861371,1.281,-22.8420395415,0.652,-0.771
1143+052,2019,1,176.6322557025,0.193,4.9720246271,0.4,-0.494
1143-245,2019,1,176.5337643963,7.493,-24.792478022,7.229,-0.621
1143-332,2019,2,176.6185489091,0.732,-33.4785089553,0.573,-0.485
1143-696,2019,2,176.4734341305,0.602,-69.9004993483,0.25,0.417
1144+402,2019,87,176.7429079898,0.014,39.9761956517,0.016,-0.017
1144-379,2019,62,176.7557112489,0.192,-38.2030621526,0.179,-0.293
1145+268,2019,11,176.9990162539,0.077,26.5950923339,0.102,-0.099
1145+321,2019,1,177.0786666823,0.206,31.9027824607,0.337,-0.056
1145-071,2019,17,176.9648084202,0.215,-7.411428117,0.16,-0.029
1145-676,2019,1,176.8891647052,0.323,-67.8949360559,0.13,0.432
1147+245,2019,4,177.5800507499,0.113,24.2982875458,0.092,0.274
1148+387,2019,1,177.8723394097,0.584,38.431215258,0.753,0.397
1148-001,2019,1,177.6827950027,0.395,-0.3983902866,0.297,-0.055
1148-671,2019,2,177.8059439897,0.393,-67.4697481551,0.174,0.053
1149+324,2019,1,178.1145344959,0.72,32.1664921988,1.121,-0.302
1149-084,2019,55,178.0717062928,0.017,-8.684253857,0.071,-0.052
1150+497,2019,1,178.3519444545,0.232,49.5191195803,0.175,0.249
1150+812,2019,1,178.3020905755,198.082,80.9747701023,62.77,-0.334
1150-834,2019,1,178.2217589221,4.607,-83.7359559332,0.521,-0.158
1154+815,2019,1,179.3031761163,11.246,81.3066612427,1.151,0.241
1155+186,2019,1,179.5845198724,0.449,18.363681946,0.825,-0.589
1156+295,2019,49,179.8826413085,0.012,29.2455074282,0.019,-0.04
1156-214,2019,1,179.8393017237,0.792,-21.7124755674,0.69,-0.637
1156-663,2019,2,179.8262738398,3.255,-66.5942852352,2.464,-0.161
1200+115,2019,1,180.8040881514,0.199,11.3048165288,0.36,-0.497
1205-043,2019,1,182.0099249182,0.26,-4.5925067494,0.626,-0.481
1206-202,2019,1,182.310879201,0.332,-20.544163987,0.273,0.564
1206-238,2019,2,182.2601879835,0.241,-24.1057664801,0.183,-0.291
1209-220,2019,1,183.0154066103,0.485,-22.3643089204,0.484,-0.685
1212+171,2019,9,183.766579781,0.083,16.9105436139,0.111,0.046
1212-092,2019,1,183.6583107697,0.316,-9.5597503968,0.22,0.211
1213-172,2019,27,183.9447990723,0.103,-17.5292786778,0.13,0.012
1215+303,2019,6,184.4670082118,0.143,30.1168433088,0.107,-0.001
1215-457,2019,1,184.526045929,3.635,-46.0080521285,2.397,0.09
1217+023,2019,2,185.0495190995,0.192,2.0617287988,0.322,0.328
1217-088,2019,2,185.0402048987,0.416,-9.1598242711,0.361,0.206
1217-266,2019,1,185.071604895,1.407,-26.896493565,17.88,0.865
1218-082,2019,1,185.1889744939,0.239,-8.5190293471,0.251,0.013
1219+044,2019,17,185.5939567691,0.128,4.2210488593,0.205,0.458
1219-036,2019,1,185.4545510262,0.195,-3.9690992084,0.545,-0.66
1221+809,2019,6,185.918723811,0.601,80.6678723161,0.108,0.004
1225-083,2019,2,187.0848114413,0.279,-8.6368580316,0.192,0.312
1226+023,2019,3,187.2779161456,0.464,2.0523885853,0.11,0.061
1226+373,2019,8,187.1975986833,0.502,37.1033599706,0.369,0.205
1227+255,2019,2,187.5587055841,0.215,25.3019822308,0.147,0.574
1228+126,2019,87,187.7059307789,0.04,12.3911231973,0.066,-0.116
1228-008,2019,1,187.7304012618,0.548,-1.1472361488,1.574,-0.552
1229-099,2019,2,188.0660827483,0.245,-10.2569916738,0.144,0.212
1230-101,2019,1,188.3048536686,0.716,-10.421788105,0.736,0.309
1236+077,2019,5,189.8524513756,0.203,7.5047747687,0.183,-0.472
1236-066,2019,1,189.6603596825,0.158,-6.9367147639,0.38,-0.379
1236-684,2019,1,189.944380241,3.031,-68.7585805404,2.113,-0.871
1238-110,2019,2,190.1555919185,0.22,-11.3568909234,0.139,0.358
1239+376,2019,2,190.5408848409,0.485,37.3349142889,0.459,-0.216
1240+381,2019,2,190.7140376816,0.295,37.8500071435,0.159,-0.132
1243-072,2019,47,191.5176338085,0.092,-7.5129373874,0.103,0.066
1243-160,2019,48,191.4739260969,0.024,-16.2793626241,0.1,-0.116
1244+324,2019,1,191.8365428408,0.337,32.1501870145,0.477,-0.069
1244-255,2019,27,191.6950084857,0.109,-25.7970247762,0.109,-0.18
1248-017,2019,1,192.8265952096,0.101,-2.0354088487,0.269,-0.372
1248-170,2019,1,192.8103132229,0.301,-17.2869889761,0.317,-0.428
1249-116,2019,1,193.1101694007,0.176,-11.9687546991,0.424,-0.261
1249-673,2019,1,193.1800503256,0.184,-67.6274296156,0.091,0.452
1251-197,2019,6,193.6552316466,0.431,-20.0156685724,0.288,0.418
1251-713,2019,4,193.7496725348,0.557,-71.6384546115,0.185,0.031
1252+119,2019,6,193.6593983923,0.169,11.6849708041,0.148,0.19
1253-055,2019,7,194.0465274333,0.101,-5.7893125105,0.073,0.087
1255-177,2019,3,194.6595904729,0.182,-18.0008679418,0.156,0.443
1255-316,2019,75,194.4960867876,0.149,-31.9213476374,0.204,0.224
1256-015,2019,1,194.7775632657,0.277,-1.8495450017,0.556,0.303
1256-220,2019,2,194.7269949125,0.251,-22.3253125237,0.161,0.37
1257-127,2019,2,195.0780837888,0.774,-13.0482455959,0.802,-0.082
1300+580,2019,39,195.7186053152,0.192,57.8104470714,0.136,0.247
1300-554,2019,2,195.9550664608,0.627,-55.6754467135,0.556,-0.22
1302-034,2019,1,196.1818423367,0.257,-3.7673754324,0.122,0.134
1305-104,2019,2,197.0516324008,0.247,-10.7213059379,0.36,0.158
1306+075,2019,1,197.3716063329,0.316,7.282309014,0.581,-0.491
1306+360,2019,9,197.0987880574,0.06,35.776990002,0.067,-0.21
1306-095,2019,1,197.1631565311,0.177,-9.8423381309,0.443,-0.312
1308+326,2019,4,197.6194327033,0.277,32.3454952407,0.257,-0.108
1308+328,2019,12,197.7475113985,0.071,32.5595693319,0.076,-0.12
1308+554,2019,3,197.7633783532,0.13,55.231756287,0.089,0.03
1311+107,2019,1,198.4235309288,0.2,10.4539929336,0.354,-0.381
1312+240,2019,1,198.6825255696,0.215,23.8074393121,0.449,-0.381
1312-533,2019,2,198.7674213794,0.47,-53.5766318443,0.531,0.604
1313-333,2019,5,199.0332747697,0.239,-33.6497702113,0.373,0.066
1316-120,2019,1,199.8003002532,0.24,-12.2922580699,0.171,0.249
1316-123,2019,1,199.8819566971,0.32,-12.6569656481,0.268,0.326
1317+143,2019,1,199.8822604273,0.599,14.0925329082,1.272,-0.321
1317+520,2019,2,199.9424922164,0.114,51.8016048757,0.057,-0.257
1318+225,2019,1,200.2966782975,3.189,22.2700300824,0.281,-0.058
1318-263,2019,2,200.3084871945,0.238,-26.6029068886,0.601,-0.667
1319+006,2019,1,200.41485839,0.302,0.3993445123,0.617,-0.171
1319+270,2019,1,200.562391594,2.551,26.7628553272,2.105,-0.055
1319-140,2019,1,200.6274325123,0.388,-14.3151367179,0.489,0.195
1322-110,2019,1,201.3050815972,0.245,-11.2941893734,0.187,0.283
1323+321,2019,1,201.568798219,0.434,31.9026445481,0.531,-0.236
1323-165,2019,1,201.5366860415,0.513,-16.8511639235,0.682,0.12
1323-527,2019,2,201.7051212742,0.619,-52.9398981534,0.707,-0.144
1324+224,2019,70,201.7535887943,0.032,22.1806007866,0.055,-0.153
1324-168,2019,2,201.7122043432,0.168,-17.1429002769,0.111,0.371
1325+126,2019,1,201.9778456683,7.808,12.38588281,0.738,-0.851
1325-133,2019,1,201.9250987956,0.213,-13.6000447729,0.146,0.363
1325-558,2019,2,202.2547704643,0.355,-56.134073634,0.212,0.236
1326-697,2019,1,202.5461533635,1.296,-70.0536327301,0.433,-0.134
1327+482,2019,1,202.2885277707,1.645,48.0193469013,1.346,-0.748
1327+504,2019,17,202.2741779976,0.081,50.157333546,0.063,-0.066
1328+130,2019,1,202.8505954107,0.997,12.7457248573,1.466,-0.3
1328+307,2019,4,202.7845332691,1.605,30.5091555085,1.177,0.253
1329-126,2019,1,203.1635474321,0.404,-12.93759555,0.261,-0.234
1330+022,2019,4,203.221960586,0.312,2.0126941529,0.258,0.357
1330+075,2019,1,203.177267806,3.934,7.3272391443,5.633,0.329
1330+476,2019,6,203.1885267714,0.155,47.372963245,0.121,-0.004
1331+512,2019,1,203.4740996176,0.918,50.9599768867,0.658,-0.216
1331-109,2019,1,203.4593092083,0.218,-11.2143541443,0.156,0.446
1331-115,2019,1,203.5174614895,0.295,-11.8372976351,0.141,0.37
1332+317,2019,1,203.70720073,1.192,31.4733481466,3.295,-0.173
1333-049,2019,1,203.9853197397,0.977,-5.1949047879,2.789,-0.857
1333-152,2019,2,204.1420382278,0.447,-15.4966864613,0.338,0.138
1333-170,2019,3,204.1485195397,0.167,-17.2908614114,0.103,0.323
1333-337,2019,3,204.1626356366,1.341,-33.965853703,0.729,-0.9
1334-127,2019,33,204.4157615735,0.077,-12.9568592688,0.087,-0.174
1334-179,2019,2,204.406475592,0.691,-18.1947053468,1.123,0.392
1334-649,2019,2,204.4685216306,2.408,-65.1569161987,1.881,-0.373
1335+552,2019,2,204.4568426353,0.189,55.0172548257,0.167,-0.228
1336-180,2019,1,204.823096211,29.7,-18.3180193475,43.92,-1.0
1336-260,2019,1,204.8328786017,0.324,-26.3418048534,0.658,-0.866
1338+303,2019,1,205.1749389251,0.319,30.1430048805,0.475,0.249
1339+373,2019,1,205.4996320956,0.727,37.119482767,0.941,0.617
1339-287,2019,2,205.5639400502,0.117,-29.0116198498,0.23,-0.299
1341+576,2019,1,205.8696667957,0.652,57.3630733019,0.423,-0.464
1342+662,2019,15,205.9414981999,0.195,66.0404847274,0.075,0.21
1342+663,2019,3,206.0361651429,0.356,66.1032343474,0.137,0.611
1343+537,2019,1,206.4389801924,0.303,53.5478579697,0.195,-0.163
1345+125,2019,1,206.8890067416,0.639,12.2900663815,1.972,0.582
1345+289,2019,1,207.0181211829,0.295,28.6737129823,0.718,-0.198
1346-109,2019,1,207.2633043785,0.432,-11.1668936131,1.052,-0.069
1346-113,2019,2,207.3810135476,0.242,-11.5482863001,0.227,0.26
1348+308,2019,6,207.7197342311,0.285,30.5815530498,0.228,0.095
1349-145,2019,1,207.969373651,0.218,-14.8207108203,0.102,0.235
1349-439,2019,4,208.2355624099,0.919,-44.2112189887,0.431,-0.013
1351-018,2019,70,208.5287305627,0.021,-2.1008863092,0.105,0.031
1352-104,2019,4,208.6938278624,0.209,-10.684071144,0.228,0.028
1352-632,2019,1,208.9442149663,8.338,-63.4451609775,4.1,0.785
1353-095,2019,1,208.9495622801,0.721,-9.7986665165,0.802,0.396
1353-171,2019,3,209.0289708434,0.215,-17.4088382509,0.122,0.339
1354+195,2019,1,209.2685351195,137.282,19.3187189666,64.341,0.089
1354-107,2019,1,209.1951326278,0.224,-11.0247852872,0.144,0.526
1354-152,2019,17,209.2968540847,0.094,-15.4579963324,0.145,-0.191
1355-381,2019,1,209.5036299983,1.319,-38.3548165335,9.162,-0.247
1355-416,2019,1,209.7507692362,3.987,-41.8812856956,6.628,-0.975
1357+769,2019,5,209.4807146864,0.381,76.7225141783,0.072,-0.032
1400-184,2019,1,210.7021023651,0.32,-18.679858345,0.683,-0.045
1402-144,2019,1,211.3869473061,0.343,-14.6717491381,0.478,-0.483
1403-068,2019,2,211.5450570735,0.154,-7.1173084496,0.076,0.22
1404+286,2019,4,211.7516431779,0.453,28.4540802921,0.562,0.633
1404-342,2019,2,211.9788209518,0.275,-34.5245177697,0.806,-0.028
1405-298,2019,1,212.1241258555,0.674,-30.07325279,1.832,-0.624
1406-076,2019,35,212.2353383476,0.11,-7.8740740405,0.096,0.014
1406-267,2019,7,212.4590407879,0.443,-26.9602723903,0.509,0.396
1409+218,2019,1,212.9785924822,0.096,21.573177062,0.146,-0.494
1409-162,2019,1,213.0865344671,0.224,-16.5246885857,0.141,0.469
1410-279,2019,1,213.312007581,0.694,-28.227053713,1.472,-0.787
1413+135,2019,17,213.9950729346,0.082,13.3399202639,0.092,0.24
1413-168,2019,1,214.1432073094,0.241,-17.0960369365,0.111,0.279
1413-213,2019,1,214.176310686,0.205,-21.5319535712,0.154,0.382
1416+067,2019,2,214.7840839249,0.053,6.4763342847,0.102,-0.193
1416+159,2019,1,214.7113386027,0.341,15.6850946736,0.996,0.18
1416-156,2019,1,214.7497974092,0.15,-15.9270344928,0.347,-0.471
1416-516,2019,2,214.896855355,0.68,-51.9162694811,0.649,0.045
1417+385,2019,65,214.9442240309,0.037,38.3634653352,0.033,-0.039
1417-064,2019,2,215.0748231235,0.213,-6.7022364371,0.112,0.042
1418+546,2019,44,214.9441559531,0.1,54.3874408215,0.065,-0.161
1420-679,2019,5,216.2314891956,0.352,-68.1328040221,0.165,0.073
1423+146,2019,1,216.4542417927,0.426,14.4158060692,0.452,0.283
1424+240,2019,12,216.7516324311,0.192,23.800010468,0.181,0.16
1424+366,2019,1,216.6545313264,0.128,36.4193259418,0.123,-0.039
1424-020,2019,1,216.731183756,0.192,-2.2623002827,0.183,0.116
1424-418,2019,102,216.984573179,0.194,-42.1053993483,0.182,-0.235
1427+543,2019,2,217.3411620056,0.427,54.1030896887,0.294,-0.559
1428-149,2019,1,217.867217855,0.247,-15.1579994315,0.255,0.28
1435+638,2019,2,219.1908485365,33.191,63.6105199933,11.006,-0.148
1435-218,2019,4,219.5394558139,0.189,-22.0818745523,0.119,0.293
1435-311,2019,1,219.54494062,0.223,-31.3745906919,0.464,0.165
1441+252,2019,5,220.9870508486,0.075,25.0290252062,0.101,-0.301
1442-087,2019,2,221.2429502386,0.196,-8.9951447328,0.117,0.138
1442-160,2019,1,221.289896003,0.312,-16.2363268225,0.186,0.465
1443-162,2019,1,221.4724012598,0.106,-16.4837831679,0.261,-0.268
1446-214,2019,2,222.4165589882,0.239,-21.6568709671,0.149,0.399
1448+762,2019,4,222.1199131351,0.641,76.0198881164,0.181,0.1
1448-232,2019,1,222.7604560173,0.241,-23.4919756614,0.29,0.01
1450-131,2019,3,223.2423158197,0.118,-13.3230387842,0.114,-0.071
1451-375,2019,6,223.6142073808,0.16,-37.7925402871,0.439,0.195
1451-400,2019,1,223.6371348845,0.329,-40.2090319235,0.54,0.117
1452-168,2019,2,223.7617110354,0.228,-17.0038760917,0.145,0.321
1452-217,2019,2,223.9082927076,0.521,-21.9912182316,0.362,0.33
1453-109,2019,2,223.9786842135,0.239,-11.1453911803,0.226,-0.035
1454-060,2019,1,224.1724694153,0.351,-6.2953344588,0.357,-0.674
1455+098,2019,1,224.4688651735,104.661,9.6379255214,171.794,0.911
1456+044,2019,7,224.7473175552,0.098,4.2705056718,0.161,-0.15
1456-16A,2019,2,224.8531729391,0.591,-16.6934041033,1.445,-0.114
1458+718,2019,3,224.7815997575,0.52,71.6721850577,0.191,-0.085
1459+480,2019,4,225.2027259175,0.146,47.8543161567,0.101,-0.05
1500+045,2019,1,225.870365586,0.337,4.3302755888,0.421,-0.855
1501+085,2019,1,226.1053603997,0.243,8.3163354662,0.477,-0.352
1502+036,2019,49,226.2769881743,0.113,3.4418923897,0.115,0.002
1502+106,2019,12,226.1040824055,0.11,10.4942218552,0.096,-0.003
1502-159,2019,2,226.3456250488,0.224,-16.1779513861,0.164,0.263
1502-242,2019,1,226.3865963487,0.248,-24.4058700075,0.186,0.273
1504+377,2019,38,226.5397082356,0.106,37.5142034839,0.101,0.1
1504-166,2019,1,226.7699457093,0.157,-16.8750741388,0.111,0.373
1505-156,2019,1,227.1487570412,0.833,-15.8087589768,1.864,-0.723
1505-496,2019,4,227.1622697065,0.441,-49.8839751634,0.428,0.057
1506-288,2019,2,227.4377284637,0.233,-29.0836454554,0.6,-0.427
1506-434,2019,2,227.3989070821,0.308,-43.6755304865,0.707,-0.295
1508+572,2019,1,227.5121764727,0.409,57.0453821834,0.182,-0.166
1508-325,2019,1,227.9600119895,0.475,-32.7160528637,0.605,0.432
1509+022,2019,1,228.0655904895,0.379,2.0547165505,0.491,-0.883
1509-057,2019,1,228.0951556806,0.246,-5.9114772394,0.615,-0.291
1510-089,2019,10,228.2105538953,0.131,-9.099952707,0.113,0.001
1510-319,2019,1,228.3407385691,0.745,-32.1590811925,0.566,0.099
1511-100,2019,6,228.437055911,0.218,-10.2000735338,0.117,-0.004
1511-476,2019,3,228.6667691759,0.305,-47.8082936559,0.384,0.211
1511-558,2019,3,228.8028038383,0.762,-55.9924551106,0.302,0.122
1514+004,2019,1,229.1675793343,0.649,0.2505301138,0.329,0.113
1514+197,2019,23,229.2366506787,0.093,19.536942185,0.106,-0.162
1514-241,2019,5,229.4242214074,0.151,-24.3720767627,0.132,0.58
1519-273,2019,58,230.6569834199,0.082,-27.5029959987,0.254,0.195
1519-294,2019,6,230.6061930554,0.427,-29.6070085565,0.352,0.369
1520+319,2019,22,230.5416322153,0.15,31.7373283324,0.153,0.024
1520+437,2019,7,230.4567245139,0.08,43.6109078697,0.071,-0.089
1520+725,2019,1,230.1985026337,1.315,72.4182142489,0.616,-0.268
1522+669,2019,1,230.7455843955,1.094,66.7518720029,0.288,0.085
1523-042,2019,1,231.5625611275,0.301,-4.4194606172,0.305,-0.68
1526+670,2019,1,231.6786424399,0.665,66.8485115239,0.283,0.674
1527-196,2019,1,232.620266651,0.417,-19.8442202699,0.623,-0.455
1529+697,2019,1,232.3107919652,2.126,69.5831642891,0.604,-0.179
1529-131,2019,1,233.1890614199,0.207,-13.3194682609,0.089,0.24
1529-230,2019,1,233.131368006,0.24,-23.1756840021,0.597,0.11
1531-221,2019,2,233.5980333691,0.252,-22.3150947961,0.175,0.265
1531-225,2019,2,233.5950053314,0.333,-22.7326749381,0.208,0.5
1534-128,2019,1,234.3231479031,0.373,-12.9952376704,0.342,0.018
1535+013,2019,1,234.553097607,0.259,1.1398818591,0.632,-0.511
1536+046,2019,1,234.7921095684,17.886,4.5142636387,104.428,0.999
1538+149,2019,18,235.2062146802,0.114,14.7960790559,0.122,0.08
1540-828,2019,3,237.7464275688,2.337,-82.9685682461,0.502,0.086
1541-230,2019,2,236.0590759206,0.201,-23.2003730007,0.128,0.399
1544+820,2019,1,235.0661582335,34.111,81.9182729995,1.627,-0.777
1545-226,2019,2,237.2072891732,0.342,-22.8506989842,0.215,0.275
1546+027,2019,63,237.3726535626,0.01,2.6169898197,0.041,0.005
1548+056,2019,7,237.6469552717,0.118,5.452902266,0.11,0.046
1549-242,2019,1,238.0230063404,2.453,-24.4224383797,6.232,-0.94
1550-242,2019,2,238.3817824879,0.236,-24.3683433863,0.155,0.463
1555+001,2019,16,239.4643081774,0.065,-0.0306704233,0.12,-0.03
1555-140,2019,1,239.5914493151,0.141,-14.1664042083,0.314,-0.194
1556-245,2019,1,239.9225380558,0.622,-24.7107869524,0.578,-0.085
1557+032,2019,3,239.8790525928,0.077,3.0800712689,0.147,-0.208
1600+335,2019,1,240.5302566275,35.175,33.4480761816,18.561,-0.775
1600-445,2019,1,241.1292531276,0.933,-44.6922147582,0.406,0.043
1600-489,2019,2,240.9611859162,2.368,-49.0681959583,1.282,-0.315
1601+112,2019,3,240.9247135314,0.522,11.09685527,0.195,0.61
1601-222,2019,1,241.0061320893,1.609,-22.3947166831,5.818,-0.738
1602-115,2019,17,241.3230485883,0.067,-11.6574530714,0.169,-0.235
1602-187,2019,1,241.4256620853,0.614,-18.9160075726,0.926,0.607
1603+064,2019,1,241.5286864488,0.218,6.3302052783,0.289,0.205
1603+699,2019,1,240.8275900792,0.921,69.7659562778,0.234,-0.162
1606+106,2019,43,242.1925132435,0.016,10.4854932862,0.048,-0.157
1606-219,2019,3,242.3955528124,0.32,-22.0962788411,0.233,0.107
1606-398,2019,2,242.5911630886,0.165,-39.9828694209,0.384,-0.066
1607+268,2019,1,242.3055029894,0.102,26.6913990204,0.105,0.087
1608+243,2019,4,242.6751115414,0.067,24.2469476984,0.086,-0.117
1609-225,2019,3,243.1185057205,0.322,-22.6629775704,0.198,0.449
1610-771,2019,4,244.4553187849,1.862,-77.2884632512,0.399,0.492
1611+343,2019,8,243.4211010177,0.121,34.2133079856,0.096,0.135
1611-710,2019,4,244.1276730038,1.919,-71.1420707501,0.674,-0.57
1612+797,2019,1,242.3745230237,5.144,79.6652339311,0.892,-0.094
1612-243,2019,2,243.798300579,0.372,-24.5165585496,0.998,0.069
1613-586,2019,1,244.3245464938,0.496,-58.8021837382,0.32,0.795
1614+051,2019,3,244.156486781,0.235,4.9924267715,0.24,-0.316
1615+029,2019,4,244.4579508996,0.968,2.7786403134,0.86,0.306
1616+063,2019,9,244.7653653327,0.068,6.2172897104,0.12,-0.122
1616-181,2019,1,244.8195046728,0.292,-18.2893609485,0.127,0.269
1617+229,2019,33,244.8117691595,0.163,22.7966252376,0.155,-0.119
1619-680,2019,2,246.0768212391,0.456,-68.1534711769,0.152,-0.188
1621+078,2019,1,245.9927162219,0.263,7.6918198209,0.32,-0.776
1622-253,2019,13,246.445381834,0.129,-25.4606463621,0.195,0.217
1622-297,2019,1,246.5250640364,81.181,-29.8574774986,162.594,-0.698
1623+578,2019,22,246.1033648526,0.139,57.6878558538,0.064,0.035
1624-617,2019,3,247.227874102,0.485,-61.8767773459,0.276,0.056
1629-228,2019,2,248.128171242,0.394,-22.982407625,0.238,0.378
1631-208,2019,1,248.6263491411,0.353,-20.9738716266,0.457,0.076
1633+382,2019,3,248.8145539154,1.051,38.1345836338,0.485,0.502
1633-810,2019,3,250.7389406198,4.778,-81.1430749508,0.558,0.363
1636+473,2019,39,249.438043993,0.151,47.2927308501,0.088,0.224
1637+574,2019,4,249.5560679082,0.13,57.3399941717,0.096,0.018
1637+826,2019,31,248.133208023,0.718,82.5378888607,0.081,-0.25
1638+398,2019,68,250.1234698445,0.021,39.7794523475,0.021,-0.032
1639+230,2019,55,250.3551148701,0.107,22.9511202157,0.136,-0.068
1639-062,2019,70,250.5090738469,0.016,-6.3565819645,0.076,-0.015
1639-200,2019,2,250.5220455495,0.299,-20.1235692624,0.203,0.475
1640-166,2019,1,250.944380378,0.316,-16.7631907645,0.193,0.373
1641+076,2019,2,250.9462310864,0.223,7.5381658251,0.43,-0.124
1641+173,2019,1,250.9524988668,0.228,17.2637311333,0.355,-0.376
1641+399,2019,3,250.7450415745,0.267,39.8102762268,0.144,-0.271
1642+690,2019,5,250.5327021564,0.382,68.9443767231,0.163,-0.182
1642-645,2019,1,251.9072558484,1.026,-64.6334079725,0.293,0.451
1646-506,2019,1,252.5692793138,0.936,-50.7467251726,0.347,-0.148
1647-296,2019,1,252.6647670961,0.175,-29.7297097471,0.35,0.283
1650-157,2019,1,253.3925266224,0.391,-15.8583021891,0.367,-0.256
1651+391,2019,2,253.2437898904,0.298,39.047172857,0.566,-0.428
1652+398,2019,10,253.4675695004,0.057,39.7601691523,0.075,-0.034
1654+185,2019,1,254.1420380661,0.457,18.4406517197,0.355,0.263
1655+077,2019,2,254.5375477608,0.388,7.6909838438,1.98,-0.423
1656-075,2019,16,254.6835914848,0.12,-7.65491513,0.218,0.037
1657-261,2019,97,255.2214752977,0.066,-26.1810348641,0.141,-0.23
1657-562,2019,7,255.4369089944,0.376,-56.3655285653,0.323,-0.087
1659+399,2019,3,255.3526450157,0.124,39.9103032595,0.112,-0.004
1659-621,2019,2,255.9022553099,0.339,-62.2111131535,0.15,0.258
1704-178,2019,1,256.819130399,0.411,-17.9378198975,1.121,-0.175
1705+018,2019,36,256.8933969448,0.02,1.8126943085,0.081,-0.174
1705+135,2019,1,256.9401552773,0.356,13.5181201278,0.472,0.527
1706-174,2019,6,257.3931057433,0.172,-17.4814902346,0.181,-0.249
1706-223,2019,1,257.3678640162,0.58,-22.4473719696,1.446,-0.573
1717+178,2019,4,259.8043686609,0.183,17.7517880962,0.228,0.217
1722+330,2019,7,261.0591576429,0.21,33.0510941778,0.257,0.134
1722+401,2019,2,261.0226199534,0.354,40.0767936192,0.256,-0.236
1725+044,2019,2,262.103969706,0.333,4.451364984,0.217,0.245
1725+123,2019,24,262.0293800699,0.083,12.260968208,0.128,-0.119
1725-795,2019,1,263.4195846543,1.431,-79.598810143,0.186,0.185
1726+455,2019,18,261.8652117033,0.075,45.5110365194,0.058,-0.036
1727+771,2019,1,261.373563182,1.536,77.1347824651,0.246,-0.032
1728+004,2019,1,262.6458311303,0.253,0.4107477276,0.278,-0.208
1732+389,2019,28,263.5857438452,0.015,38.9642897326,0.016,-0.118
1733-339,2019,1,264.2409355128,2.632,-34.0084578978,6.718,0.342
1734+063,2019,1,264.3072043115,0.243,6.3509919266,0.598,0.228
1734+363,2019,1,263.950360837,0.275,36.2793365825,0.213,-0.017
1735-162,2019,1,264.4765076336,7.715,-16.2556437433,7.202,0.925
1736+324,2019,4,264.6687576037,0.121,32.4025071022,0.129,-0.14
1738+476,2019,5,264.988037832,0.222,47.6328782544,0.136,-0.099
1738+499,2019,5,264.8641271156,0.178,49.9176023369,0.11,0.117
1738-336,2019,1,265.5153733018,2.663,-33.6928925565,6.356,0.126
1739+522,2019,3,265.1540742886,0.24,52.1953910221,0.17,-0.348
1740-309,2019,1,265.8245312414,7.915,-30.9718472486,8.529,0.311
1740-517,2019,3,266.1060634501,1.405,-51.7454879189,0.525,-0.319
1741-038,2019,111,265.9952339349,0.014,-3.8346157314,0.061,-0.037
1743+173,2019,4,266.3967007493,0.144,17.3337287677,0.265,0.129
1745+030,2019,1,266.913812069,5.273,3.0804951626,5.216,0.547
1745+624,2019,2,266.5584754023,0.108,62.4485383203,0.066,-0.271
1745+670,2019,2,266.4764907175,0.438,67.0636939788,0.177,-0.127
1746+470,2019,7,266.8610302901,0.243,46.9808128273,0.154,-0.016
1749+096,2019,70,267.8867440383,0.008,9.6502022757,0.029,-0.008
1751+288,2019,62,268.426973538,0.047,28.8013719633,0.059,0.08
1754+155,2019,6,269.2212589302,0.059,15.5891184791,0.107,-0.228
1754+159,2019,3,269.1405233094,0.37,15.8955091945,0.328,-0.507
1758+388,2019,5,270.1031890185,0.218,38.8085270383,0.201,0.049
1758-651,2019,33,270.8479027211,0.739,-65.1268781943,0.37,0.236
1759-396,2019,100,270.6778335505,0.271,-39.6688633989,0.274,-0.083
1800+440,2019,7,270.3846449962,0.134,44.0727500803,0.094,0.215
1800-278,2019,1,270.8208008317,0.298,-27.8038821136,0.813,-0.059
1801+010,2019,4,271.0666021595,0.207,1.0256687601,0.429,-0.446
1801+036,2019,1,270.9845104951,0.125,3.6854463407,0.297,-0.154
1801+095,2019,1,270.8902156746,0.187,9.5738636569,0.38,-0.005
1802-141,2019,1,271.3801556911,130.502,-14.1457547877,167.283,0.846
1803+784,2019,40,270.1903495729,0.122,78.4677828847,0.025,-0.021
1806+456,2019,58,272.0911911982,0.075,45.7057962238,0.063,0.135
1806-458,2019,3,272.4911323075,0.414,-45.8780591849,0.532,-0.16
1807+698,2019,60,271.7111695149,0.04,69.8244745881,0.013,-0.024
1810+522,2019,1,272.9878353206,3.115,52.2407644219,2.603,-0.78
1811+062,2019,1,273.3892149403,0.235,6.2616761731,0.499,0.24
1811+093,2019,1,273.5761080935,0.302,9.3479865059,0.666,-0.724
1813+031,2019,2,274.0216829846,0.448,3.1524099978,0.932,0.168
1815-111,2019,1,274.5804766007,1.448,-11.1467540638,1.911,0.31
1815-553,2019,2,274.93916484,0.651,-55.3557625652,0.358,0.734
1817-254,2019,2,275.2410368044,1.248,-25.4701594206,4.028,0.789
1818+551,2019,1,274.7920232158,0.43,55.1857091665,0.326,-0.341
1822+012,2019,1,276.2005978624,0.385,1.32616731,0.4,0.269
1823+568,2019,7,276.0294515602,0.166,56.8504140762,0.12,0.18
1823+689,2019,4,275.8868911874,1.024,68.9646144914,0.476,0.516
1824-582,2019,5,277.3016765676,0.468,-58.2319894542,0.33,-0.321
1826+796,2019,1,275.8087822467,0.647,79.6469447728,0.1,0.201
1831-711,2019,5,279.3696456702,0.709,-71.1454317216,0.252,0.275
1833+087,2019,1,279.0488507695,0.308,8.7717450565,0.606,-0.271
1835-189,2019,1,279.6879546767,2.51,-18.8918582121,5.795,0.379
1837+479,2019,1,279.7048121143,1.433,48.0428541568,1.53,-0.503
1838+249,2019,2,280.0143452779,0.347,24.9614480914,0.438,-0.293
1838+575,2019,1,279.7440076453,0.502,57.5942459555,0.332,-0.374
1839-486,2019,1,280.8109093429,1.758,-48.6064445458,1.474,0.433
1841+323,2019,2,280.8719072789,0.243,32.4243214441,0.301,0.109
1842+015,2019,1,281.2123509895,1.689,1.6215413301,2.405,0.331
1842+681,2019,10,280.6401737136,0.271,68.1570077004,0.11,-0.178
1842-220,2019,1,281.416261818,0.342,-22.0101607603,0.301,0.281
1844-164,2019,1,281.8496987649,1.339,-16.3839853539,3.279,0.655
1846+322,2019,51,282.0920357677,0.11,32.3173899009,0.127,-0.033
1848+283,2019,1,282.6149577587,0.071,28.4203211192,0.096,-0.307
1849+670,2019,31,282.3169678571,0.061,67.094911193,0.025,-0.025
1852-534,2019,2,284.2518848282,1.781,-53.4167721065,0.875,0.08
1853-226,2019,2,284.1519311675,0.38,-22.6046448121,0.405,0.29
1854-210,2019,1,284.3153145802,0.364,-20.9746694906,0.234,0.535
1856-252,2019,1,284.7709921443,0.26,-25.1630857832,0.285,0.191
1858-255,2019,1,285.383859676,0.279,-25.4706188479,0.327,0.32
1901+155,2019,1,286.0598386518,1.849,15.6106809392,0.262,0.549
1901+319,2019,2,285.7330783252,2.241,31.9949174273,0.684,-0.107
1902-257,2019,1,286.2999350263,0.225,-25.634314095,0.198,0.293
1905-297,2019,1,287.1226384936,0.254,-29.7047062836,0.207,0.25
1906-217,2019,2,287.4381438929,0.252,-21.6598331553,0.161,0.467
1907-192,2019,1,287.6510458598,0.846,-19.1919400499,1.592,-0.788
1907-224,2019,2,287.7398215641,0.276,-22.3914783916,0.19,0.504
1907-248,2019,2,287.5646235391,0.285,-24.7959352752,0.215,0.312
1908-201,2019,63,287.7902203739,0.019,-20.1153083073,0.145,-0.03
1908-211,2019,1,287.974738742,0.635,-21.0455006359,0.243,0.157
1909+161,2019,21,287.9927391685,0.069,16.1963514163,0.11,0.119
1909+479,2019,2,287.6424788781,0.251,48.036618301,0.198,-0.043
1910-298,2019,2,288.5151418068,0.375,-29.7957700667,0.165,0.286
1910-451,2019,1,288.443795215,0.196,-45.0532138174,0.294,0.234
1911-259,2019,1,288.74027912,0.221,-25.8671040439,0.189,0.316
1913-272,2019,1,289.0827618394,0.716,-27.1422959631,1.948,-0.86
1917-248,2019,1,290.0601291259,0.194,-24.7516108456,0.158,0.236
1920-211,2019,8,290.8841243133,0.284,-21.0759258415,0.249,0.251
1921-293,2019,42,291.212733374,0.196,-29.241700185,0.343,0.493
1923+210,2019,24,291.4983557389,0.304,21.1072673064,0.19,0.348
1925-206,2019,1,292.0382638188,0.219,-20.5954954158,0.62,-0.387
1925-610,2019,1,292.5256670072,0.38,-60.9358844315,0.208,0.318
1927-223,2019,2,292.7062984539,0.322,-22.233081592,0.373,0.363
1928+738,2019,1,291.9520766235,135.029,73.9671084764,62.246,0.682
1928-698,2019,3,293.3798329162,0.583,-69.7163649674,0.216,0.243
1929+226,2019,19,292.8538197757,0.103,22.7253496236,0.12,-0.078
1929-457,2019,2,293.1870322854,0.505,-45.6105359356,0.449,0.194
1933-400,2019,1,294.3175725641,2.655,-39.9670980555,0.464,0.359
1935-692,2019,1,295.1063666682,1.328,-69.1324922055,0.481,-0.094
1936+046,2019,1,294.6277897173,1.036,4.8032263021,1.172,-0.807
1936-155,2019,45,294.8610740124,0.057,-15.4286273804,0.109,-0.119
1936-623,2019,3,295.3407026107,0.325,-62.1891822063,0.197,0.372
1937-101,2019,1,294.9885690306,1.362,-10.0448670816,0.838,0.337
1938-202,2019,2,295.2387722771,0.33,-20.1141427721,0.327,0.261
1941-554,2019,1,296.3509531968,0.82,-55.3468997218,1.168,0.507
1947+079,2019,1,297.5230830444,0.425,8.1205509437,0.436,-0.275
1948-186,2019,1,297.867455001,0.485,-18.5132443294,0.43,0.002
1948-241,2019,1,297.9444857873,53.443,-24.0636757374,61.01,0.998
1950-613,2019,2,298.7948774753,0.905,-61.2553158243,0.453,0.703
1951+355,2019,1,298.3786487359,0.129,35.6331554071,0.174,0.345
1954+282,2019,1,299.191834378,0.883,28.3494386832,1.13,-0.263
1954+513,2019,3,298.9280761646,0.146,51.5301516587,0.113,-0.025
1954-388,2019,69,299.4992470004,0.277,-38.7517655234,0.283,-0.138
1957+406,2019,1,299.8681524074,0.327,40.7339158232,0.254,-0.054
1958-179,2019,16,300.2378768589,0.126,-17.8160201904,0.171,0.151
1959+067,2019,1,300.5398955954,1.126,6.8542755546,1.031,0.87
1959+332,2019,1,300.425871269,0.694,33.3957682145,0.874,0.096
1959-150,2019,1,300.5389981016,0.526,-14.9254953765,1.369,-0.094
1959-169,2019,1,300.6795350127,0.413,-16.8229740866,0.348,-0.157
2000+148,2019,10,300.6749968269,0.129,15.0207149952,0.191,-0.234
2000+472,2019,56,300.5434094311,0.089,47.4246593703,0.065,-0.036
2002+182,2019,1,301.2850098442,0.169,18.4262281724,0.326,-0.527
2005+372,2019,1,301.9391564306,1.394,37.3673081641,1.02,-0.152
2005+403,2019,2,301.937269367,3.51,40.4968323493,2.07,0.61
2005+642,2019,1,301.5737272352,0.159,64.4126161718,0.077,0.302
2005-044,2019,1,302.1017881151,0.583,-4.3081384993,0.71,0.737
2005-474,2019,1,302.1957107132,2.919,-47.2873164147,0.58,0.122
2005-489,2019,3,302.3557950454,0.453,-48.8315891092,0.567,0.672
2007+073,2019,1,302.481280951,0.302,7.4537965719,0.22,0.064
2007+131,2019,2,302.3634204242,0.2,13.3040085784,0.28,-0.337
2007+150,2019,1,302.534164194,0.269,15.2330041065,0.503,-0.489
2007+777,2019,1,301.3791647937,192.476,77.8786638019,46.812,0.055
2008+355,2019,1,302.490156944,0.881,35.7216673363,0.93,0.311
2008-159,2019,87,302.8154622181,0.017,-15.7778482481,0.097,0.011
2010-249,2019,1,303.3224776015,0.255,-24.8065069223,0.156,0.467
2010-265,2019,1,303.4605061007,0.266,-26.4019806408,0.148,0.466
2013+163,2019,35,304.0577501462,0.093,16.5428092177,0.108,0.016
2013-273,2019,1,304.1934012557,0.286,-27.1467129704,0.203,0.266
2014-254,2019,1,304.4708411964,0.277,-25.2472440981,0.168,0.392
2015+083,2019,1,304.5471332145,0.189,8.5318184519,0.171,0.137
2018-453,2019,1,305.6100543577,0.373,-45.2248749735,1.15,0.527
2019-202,2019,1,305.5753642866,103.204,-20.1172942955,158.661,0.856
2021+614,2019,2,305.5278476141,32.351,61.6163373722,11.796,-0.325
2022+542,2019,1,305.9826834496,0.182,54.4599525241,0.134,-0.225
2023+335,2019,1,306.2951690505,45.957,33.716726819,41.344,-0.473
2024-223,2019,1,306.7786685583,0.434,-22.1365133557,0.229,0.501
2028+368,2019,1,307.6302791329,3.078,37.0100080722,1.779,0.161
2028-264,2019,1,307.7678601331,0.469,-26.258795975,0.574,0.2
2029+024,2019,6,307.9468796168,0.197,2.6603565641,0.157,0.262
2029+121,2019,3,307.9791427237,0.455,12.3281499295,0.269,-0.173
2030+268,2019,1,308.2420020615,1.353,27.0480153768,2.155,-0.745
2030-689,2019,2,308.9536521647,0.361,-68.7760668302,0.147,0.143
2033-219,2019,1,309.2132196138,0.419,-21.7768749204,0.243,0.438
2034-155,2019,2,309.3664056257,0.328,-15.366806348,0.19,0.275
2036-109,2019,1,309.7529605273,0.252,-10.7782954732,0.195,-0.247
2037+216,2019,1,309.8950346197,0.251,21.8693563847,0.271,-0.076
2037+511,2019,98,309.6543115138,0.025,51.3201841572,0.017,0.067
2037-253,2019,1,310.0365537604,0.205,-25.1296289253,0.405,-0.606
2039-231,2019,1,310.726058524,0.278,-22.9333060293,0.126,0.278
2040-225,2019,1,310.7386525539,0.544,-22.3908095877,0.492,0.604
2042-191,2019,2,311.3488942008,0.317,-18.9815354738,0.216,0.346
2044-168,2019,1,311.8319458563,0.243,-16.6516230082,0.529,-0.622
2046-194,2019,2,312.4262234184,0.25,-19.2513197948,0.351,0.081
2049+175,2019,1,312.8982622284,0.304,17.7269169478,0.681,0.112
2052-474,2019,68,314.0681659114,0.528,-47.2465632756,0.41,-0.3
2054-377,2019,1,314.4233477258,0.532,-37.5674961164,2.2,-0.018
2056-149,2019,1,314.6947802447,0.689,-14.7180508216,2.107,0.49
2056-369,2019,2,314.923320504,0.345,-36.7651706244,0.942,-0.394
2059+034,2019,69,315.4118089649,0.079,3.6920335992,0.112,-0.087
2101-490,2019,1,316.2548254052,0.189,-48.8129230647,0.284,0.302
2102-203,2019,1,316.237789711,0.377,-20.1839117767,0.251,0.426
2102-659,2019,1,316.7488415892,1.013,-65.7954406427,0.523,-0.353
2104+248,2019,1,316.6656571644,0.184,25.0159693342,0.254,-0.522
2105+135,2019,1,316.878235341,0.731,13.7940925354,0.446,0.725
2105-489,2019,3,317.2116543043,0.838,-48.7726726433,0.939,-0.266
2106+143,2019,5,317.1709673209,0.189,14.5075035849,0.227,-0.141
2106-413,2019,1,317.3882860431,0.299,-41.1723902305,0.479,0.236
2107+220,2019,1,317.4810601935,0.234,22.2043475064,0.379,-0.506
2111+400,2019,1,318.3728595653,1.34,40.2142748992,1.427,-0.417
2112+202,2019,1,318.7203519406,0.243,20.4408238835,0.376,-0.428
2112-144,2019,1,318.8268149211,0.185,-14.2787144852,0.204,-0.079
2112-556,2019,1,319.124234128,0.439,-55.4556789699,0.469,0.123
2113+293,2019,87,318.8725559784,0.016,29.560657508,0.025,0.075
2117-614,2019,2,320.2669762599,2.195,-61.1901735041,0.953,0.529
2121+053,2019,9,320.9354891611,0.372,5.5894703919,0.359,0.373
2121+547,2019,1,320.7721393243,0.497,55.0075903661,0.223,-0.351
2121-199,2019,1,321.1860008135,0.281,-19.6953817201,0.158,0.552
2123-172,2019,1,321.6272411917,0.203,-16.9882272761,0.153,0.354
2123-463,2019,4,321.627934679,0.382,-46.0966364857,0.285,-0.116
2126-158,2019,53,322.3007329404,0.095,-15.6447338769,0.186,0.212
2127-096,2019,2,322.5795344936,0.612,-9.4603984961,0.476,0.291
2128+048,2019,1,322.6369890738,0.464,5.0381878082,0.455,-0.089
2128-123,2019,6,322.8969240149,0.289,-12.1179989737,0.178,0.571
2128-208,2019,2,322.7561487595,1.327,-20.6156005601,0.715,-0.264
2131-021,2019,4,323.542956656,0.24,-1.8881218966,0.12,0.009
2132-028,2019,1,323.8516082644,0.25,-2.5976203399,0.638,-0.775
2133-069,2019,3,324.0929517696,0.31,-6.731138356,0.163,0.205
2134+004,2019,2,324.1607765818,0.097,0.6983923648,0.07,-0.243
2134+237,2019,1,324.2748592529,6.534,23.9505384788,6.354,-0.281
2135-147,2019,1,324.438315159,35.227,-14.5488041364,8.027,-0.999
2136+141,2019,7,324.755455302,0.117,14.3933312057,0.103,-0.058
2136-190,2019,2,324.6977043958,0.273,-18.8251871297,0.312,0.455
2137-196,2019,1,325.1952506826,0.234,-19.3989018763,0.214,0.276
2141+175,2019,36,325.8981022867,0.019,17.730218836,0.048,-0.105
2142+110,2019,1,326.3282295168,0.304,11.2575870694,1.04,0.587
2142-758,2019,7,326.8030442107,0.864,-75.6036735561,0.216,0.399
2143-156,2019,13,326.5957472031,0.09,-15.4288570858,0.199,-0.081
2143-298,2019,1,326.5239674921,0.162,-29.5865032966,0.425,-0.086
2144+092,2019,21,326.7923457489,0.046,9.4962978567,0.086,-0.041
2145+067,2019,12,327.0227443994,0.167,6.9607234041,0.128,-0.196
2145+082,2019,6,326.9800807034,0.22,8.5033045601,0.148,0.325
2146-783,2019,2,328.0131436736,1.0,-78.1185108276,0.222,0.46
2147-186,2019,1,327.5072320595,0.215,-18.3739335137,0.166,0.334
2149+056,2019,33,327.9078145782,0.064,5.8702651485,0.176,-0.047
2149-307,2019,5,327.9813499037,0.298,-30.4649161775,0.147,0.097
2150+173,2019,5,328.1034141194,0.186,17.5771653372,0.152,0.046
2152-699,2019,2,329.2749188847,0.627,-69.6899124054,0.259,-0.163
2153-204,2019,1,329.1406493768,0.249,-20.2085818219,0.15,0.34
2154-135,2019,3,329.2624013065,0.177,-13.3174902141,0.169,0.269
2154-838,2019,1,330.5801584216,5.917,-83.6366186709,1.189,0.885
2155+312,2019,19,329.3700994846,0.112,31.4503754949,0.11,0.067
2155-152,2019,5,329.5261746677,0.231,-15.0192577888,0.125,0.158
2155-304,2019,6,329.7169380551,0.258,-30.2255883097,0.253,0.033
2158-167,2019,2,330.2286620996,0.234,-16.5424174799,0.185,0.347
2200+420,2019,3,330.6803807067,0.878,42.2777719276,0.382,0.112
2201+315,2019,4,330.8123991046,1.074,31.7606306428,0.519,0.064
2204-540,2019,4,331.9322221753,0.238,-53.7760610346,0.23,0.227
2207+356,2019,2,332.4388930836,0.072,35.9336472353,0.085,-0.14
2207+374,2019,1,332.339271049,0.192,37.7050628426,0.191,0.104
2208-137,2019,7,332.8504144332,0.133,-13.4693677933,0.263,-0.076
2209+236,2019,40,333.0248596193,0.021,23.9279288507,0.04,-0.079
2211+289,2019,1,333.3257262643,1.182,29.1703104114,1.557,-0.681
2211-132,2019,1,333.6107636809,0.221,-12.9617999451,0.148,0.355
2212-299,2019,1,333.8168085845,3.95,-29.7398149864,1.458,0.947
2214+350,2019,50,334.0833745697,0.099,35.303938973,0.132,-0.098
2214-151,2019,1,334.2144703453,0.231,-14.8711687951,0.208,0.277
2215+020,2019,2,334.4509917726,1.414,2.3363089526,0.353,0.338
2215+150,2019,47,334.5454745853,0.015,15.3432548872,0.039,-0.11
2216+178,2019,3,334.8087186355,0.094,18.1098835492,0.15,-0.074
2216-038,2019,2,334.7168238287,0.213,-3.5935774272,0.285,0.37
2216-126,2019,1,334.7811997362,0.196,-12.3610712634,0.166,0.318
2218+110,2019,2,335.3298306871,0.212,11.2949849416,0.383,-0.506
2220-119,2019,1,335.733354461,0.314,-11.7406599606,0.237,0.396
2220-163,2019,2,335.9215529018,0.242,-16.1181035378,0.258,-0.141
2223-052,2019,54,336.446913645,0.05,-4.9503862674,0.071,-0.029
2227-088,2019,73,337.4170180463,0.017,-8.5484542739,0.07,-0.066
2227-136,2019,2,337.5637755095,0.171,-13.4285845202,0.132,0.199
2229+695,2019,91,337.651956948,0.059,69.7744657918,0.019,0.025
2230+114,2019,7,338.1517036359,0.091,11.730806738,0.087,-0.189
2232-488,2019,8,338.8051524823,0.286,-48.5996651084,0.33,0.193
2233-173,2019,1,339.0396782545,0.314,-17.106103587,0.298,-0.429
2234+282,2019,6,339.0936284512,0.2,28.482614738,0.126,0.383
2236-572,2019,5,339.8003163424,0.276,-57.0168998484,0.23,0.057
2237-088,2019,1,340.0558692868,0.342,-8.6079860725,0.259,0.436
2237-110,2019,3,340.1048577183,0.25,-10.7394277723,0.165,0.393
2237-124,2019,1,340.1079236377,0.257,-12.1591684765,0.156,0.609
2239+096,2019,2,340.4571555988,1.207,9.8979014383,0.245,0.588
2240+174,2019,2,340.6998156772,0.162,17.6956010954,0.272,-0.303
2242+821,2019,1,340.6818214948,3.566,82.4130592469,0.921,0.193
2243+047,2019,1,341.473558797,0.085,5.0158228688,0.168,-0.28
2243-123,2019,7,341.5759665544,0.178,-12.1142435735,0.166,0.317
2244-372,2019,1,341.7663223328,0.218,-36.9628617363,0.328,0.115
2245-091,2019,1,341.9674715941,0.295,-8.8394663698,0.184,0.527
2245-128,2019,1,341.9693377017,0.265,-12.6221447852,0.163,0.529
2247-131,2019,2,342.4983853688,0.185,-12.8546734318,0.145,0.314
2251+158,2019,4,343.4906164745,0.07,16.1482114625,0.09,-0.638
2254+024,2019,2,344.3231796146,0.097,2.7215309806,0.236,-0.335
2254+074,2019,8,344.322096319,0.372,7.7200840757,0.151,0.191
2255-282,2019,114,344.5248452797,0.138,-27.9725712289,0.197,0.502
2256-084,2019,1,344.7528701607,0.516,-8.184179439,0.384,0.298
2258+349,2019,1,345.3101630205,0.503,35.2169030737,0.392,0.164
2258-099,2019,1,345.2787131869,0.528,-9.7128902059,0.368,0.402
2300-151,2019,1,345.7480678184,2.237,-14.8838377082,0.525,-0.884
2301+060,2019,1,346.117880442,0.167,6.3356413568,0.28,-0.026
2302+232,2019,2,346.1518184216,0.138,23.5187809547,0.243,-0.221
2302+269,2019,1,346.122518149,0.49,27.1753042635,0.505,-0.301
2303-052,2019,1,346.5638213311,0.212,-4.9967458083,0.14,0.052
2306-312,2019,2,347.3097142604,0.584,-30.9868288937,0.413,-0.226
2307+106,2019,10,347.6188239374,0.148,10.9251935024,0.229,0.124
2308+018,2019,2,347.7553870244,0.352,2.0848131612,0.156,-0.179
2309+454,2019,60,347.9475373611,0.152,45.7322268198,0.115,-0.283
2309-014,2019,2,348.0931722192,0.193,-1.1568726983,0.391,-0.3
2314-409,2019,1,349.1954994812,0.307,-40.6891905166,0.22,-0.651
2315+153,2019,2,349.4443071185,0.121,15.6615723883,0.219,-0.314
2317-007,2019,1,350.1122291796,0.341,-0.4586684912,0.975,-0.436
2318+049,2019,74,350.1869024398,0.032,5.2305424916,0.069,-0.136
2318+886,2019,1,347.649409604,20.312,88.9572121292,0.811,0.33
2319+317,2019,39,350.4789832743,0.163,32.0687840248,0.221,0.111
2319+444,2019,8,350.5848253032,0.113,44.7617649318,0.084,-0.089
2320+506,2019,2,350.6082622747,26.71,50.9644395859,11.399,0.193
2321-065,2019,1,350.9129740283,0.344,-6.2997889024,0.167,0.426
2321-164,2019,1,350.935964492,0.252,-16.2144791256,0.254,-0.532
2322-040,2019,1,351.2927419635,0.164,-3.7463095823,0.364,-0.077
2323+790,2019,1,351.2630524723,3.966,79.2876895642,1.22,0.469
2325+093,2019,3,351.8899190838,0.233,9.6692951995,0.095,-0.175
2326-068,2019,2,352.1633903634,0.289,-6.5744620035,0.314,0.142
2326-477,2019,5,352.323768143,0.243,-47.5053097974,0.302,-0.122
2327-376,2019,1,352.6491491395,0.617,-37.4105454008,0.275,0.678
2329+009,2019,1,353.0000602143,1.125,1.2530271302,0.766,-0.069
2329-384,2019,2,352.9978172959,0.379,-38.1965698287,0.391,-0.249
2329-415,2019,6,353.079367882,0.359,-41.3104394845,0.273,0.349
2331-240,2019,1,353.4801575086,0.184,-23.727960873,0.159,0.113
2333-528,2019,2,354.0506022808,0.323,-52.6060974352,0.314,0.554
2335+031,2019,1,354.5318991376,0.166,3.4469034357,0.41,-0.118
2335-018,2019,1,354.4551467838,0.3,-1.5927772223,0.691,-0.412
2335-027,2019,26,354.4889128067,0.201,-2.5160081176,0.161,0.448
2335-181,2019,3,354.4859490107,0.087,-17.8723360902,0.213,-0.263
2336+598,2019,1,354.8380218763,4.332,60.1699584426,1.121,-0.407
2336-083,2019,2,354.7301629908,0.179,-8.0274930533,0.124,0.45
2337+264,2019,1,355.1209577941,4.455,26.6991125372,1.144,0.944
2337-234,2019,1,354.9732386721,0.828,-23.1775634951,0.652,-0.323
2340-226,2019,1,355.69993188,0.341,-22.3945005784,0.277,-0.254
2343-075,2019,1,356.4270762196,0.326,-7.2910202705,0.755,-0.263
2344+092,2019,1,356.6534938404,0.478,9.5126432122,2.747,-0.432
2345+061,2019,2,357.1323778664,0.271,6.4166060695,0.173,-0.414
2345-167,2019,2,357.0108687273,0.219,-16.5200061263,0.143,0.267
2345-500,2019,1,356.9320218551,1.312,-49.7744087791,12.271,0.929
2346+750,2019,1,357.3072818535,3.06,75.2962651457,4.077,0.534
2346-049,2019,1,357.2923591132,0.231,-4.6342747296,0.111,0.211
2351-154,2019,3,358.6258133111,0.186,-15.2197813947,0.12,-0.074
2352+495,2019,1,358.789409305,0.728,49.8356502365,0.494,0.426
2353+816,2019,5,359.0949744386,0.596,81.8811819846,0.084,-0.041
2353-686,2019,8,359.002839527,0.492,-68.3342979086,0.21,-0.042
2354-117,2019,1,359.3799901191,0.382,-11.4275485562,0.163,0.318
2355-106,2019,84,359.5453433427,0.023,-10.3357254011,0.081,-0.081
2355-534,2019,9,359.4719417986,0.304,-53.1871360533,0.245,0.074
2356+196,2019,5,359.6920212318,0.189,19.9223061577,0.183,0.059
2356+385,2019,28,359.8882533049,0.08,38.8450884854,0.084,-0.143
2357-007,2019,2,359.9034216013,0.915,-0.5202392882,0.226,-0.526
2357-318,2019,13,359.897881426,0.173,-31.5621734973,0.185,0.074
2358+189,2019,6,0.2859231966,0.104,19.2427227087,0.173,-0.206
2358-161,2019,1,0.2722030746,0.261,-15.8519653582,0.315,-0.466
2359-221,2019,1,0.5499223909,0.234,-21.8860736264,0.212,-0.527
