iers_name,year,num_ses,ra,ra_err,dec,dec_err,ra_dec_corr
0003+380,1992,1,1.4882312958,0.664,38.3375412986,0.445,0.057
0003-066,1992,8,1.5578870544,0.64,-6.3931487052,2.757,-0.972
0007+171,1992,2,2.6416275533,0.332,17.4052120968,2.409,0.602
0008-264,1992,1,2.7551950329,0.63,-26.2092705705,2.809,0.786
0010+405,1992,1,3.379709983,2.038,40.8603177821,1.304,0.826
0013-005,1992,2,4.0462014373,5.768,-0.2534563352,5.694,-0.998
0014+813,1992,3,4.2853122109,0.266,81.5855935039,0.267,-0.048
0016+731,1992,109,4.9407766876,0.114,73.4583382087,0.111,-0.036
0026+346,1992,1,7.3093301957,8.288,34.9422883605,3.391,0.644
0039+230,1992,1,10.5189380648,0.378,23.3336279393,0.526,0.412
0047-579,1992,4,12.4978044983,0.337,-57.6409276797,0.665,0.4
0048-097,1992,47,12.6721557831,0.248,-9.4847806137,0.263,-0.245
0056-001,1992,3,14.7729785233,1.853,0.1143388164,2.515,0.866
0059+581,1992,24,15.6906765577,0.155,58.4030935834,0.174,0.058
0104-408,1992,7,16.6879497294,0.309,-40.5722111964,0.696,-0.396
0106+013,1992,12,17.1615462761,0.559,1.583421459,1.372,-0.992
0109+224,1992,1,18.0242693732,0.663,22.7441071628,1.293,0.525
0111+021,1992,6,18.4297705888,0.796,2.3714767637,1.496,-0.996
0112-017,1992,10,18.8212498384,0.799,-1.4512713837,1.478,-0.996
0113-118,1992,7,19.0521747538,0.577,-11.604286499,2.336,-0.863
0116+319,1992,1,19.8958320443,15.589,32.1805708183,8.296,0.28
0119+041,1992,197,20.4869237311,0.278,4.3735373149,0.343,0.139
0119+115,1992,9,20.4233126511,0.286,11.8306704129,1.014,-0.502
0123+257,1992,1,21.678302711,0.276,25.9836946578,0.416,0.282
0131-522,1992,2,23.2740106441,0.34,-52.0010963997,0.746,0.456
0133+476,1992,26,24.2441449942,0.251,47.8580833727,0.333,0.017
0146+056,1992,2,27.3432120181,0.645,5.9315466688,1.361,-0.472
0148+274,1992,2,27.8631090349,0.388,27.7449427036,0.447,-0.059
0149+218,1992,5,28.0752459185,0.287,22.1188057413,0.956,-0.358
0150-334,1992,1,28.2921736886,0.344,-33.1738507199,1.197,0.548
0153+744,1992,2,29.3956865452,0.808,74.7120085329,0.439,0.235
0153-410,1992,1,28.904412274,5.372,-40.8117656777,2.974,-0.475
0159+723,1992,3,30.8891042065,0.334,72.5482410315,0.294,-0.09
0201+113,1992,13,30.9444043684,0.375,11.5792804096,0.861,-0.071
0202+149,1992,23,31.2100578612,0.304,15.2364008946,0.479,-0.061
0202+319,1992,6,31.2705222082,0.62,32.2083597849,0.723,-0.94
0208-512,1992,27,32.6925016855,0.275,-51.0171921806,0.422,0.178
0212+735,1992,137,34.3783890307,0.174,73.8257283174,0.162,-0.028
0215+015,1992,1,34.453978112,0.32,1.7471383303,0.799,0.162
0219+428,1992,3,35.6650477154,0.373,43.0354995473,0.429,0.17
0221+067,1992,5,36.1184507576,0.401,6.9898173635,2.502,-0.839
0229+131,1992,163,37.9412252203,0.222,13.3818656328,0.284,0.265
0230-790,1992,3,37.3956108193,0.362,-78.7960003828,0.555,-0.095
0234+285,1992,159,39.4683569625,0.176,28.8024972588,0.246,-0.021
0235+164,1992,25,39.6622088184,0.222,16.6164651458,0.339,-0.046
0237+040,1992,2,39.963595992,0.451,4.2726142583,1.039,0.108
0237-233,1992,1,40.0340661134,2.328,-23.1543742871,2.283,-0.982
0239+108,1992,8,40.6215452749,0.243,11.01686891,1.492,-0.421
0248+430,1992,2,42.8939032507,0.472,43.2543969177,0.521,-0.057
0252-549,1992,2,43.3715850946,0.3,-54.6976210664,0.833,-0.152
0256+075,1992,7,44.862819234,0.591,7.7943450805,1.567,-0.573
0259+121,1992,3,45.6272783285,0.454,12.3157632136,3.332,-0.536
0300+470,1992,106,45.896842564,0.183,47.271187684,0.226,-0.061
0302+625,1992,7,46.6777480931,0.439,62.7172289993,0.458,-0.353
0302-623,1992,5,45.9609637195,0.335,-62.1904305821,0.403,0.215
0306+102,1992,2,47.2650981422,2.237,10.4878722995,2.087,-0.994
0308-611,1992,17,47.4837464733,0.258,-60.9775156173,0.33,0.106
0309+411,1992,6,48.2581755873,0.341,41.3336620555,0.641,0.032
0312-770,1992,1,47.9802093723,0.425,-76.8641246067,0.391,0.599
0319+121,1992,1,50.4712645001,0.549,12.3538757457,0.976,0.343
0332-403,1992,4,53.556893705,0.374,-40.1403882954,0.572,-0.516
0334-546,1992,1,53.9746867585,0.552,-54.5069760159,1.453,0.537
0341+158,1992,3,56.0965507226,0.386,15.9953808043,2.811,-0.513
0342+147,1992,2,56.276735649,0.449,14.8970993745,0.861,-0.354
0355-483,1992,1,59.3413239745,0.828,-48.2042121259,2.384,0.841
0400+258,1992,7,60.7732751966,0.401,26.0004173591,1.062,-0.376
0400-319,1992,1,60.5886083649,2.665,-31.7905398618,1.502,-0.584
0402-362,1992,10,60.9739580041,0.487,-36.0838649129,0.732,-0.913
0405-123,1992,1,61.9517951486,2.862,-12.1935164454,1.34,-0.219
0406+121,1992,5,62.3417030082,0.914,12.2944021929,1.585,-0.991
0407-658,1992,1,62.0849110051,8.588,-65.7525220104,4.987,-0.234
0420+417,1992,1,65.9833738467,0.459,41.8340867714,0.625,0.328
0420-014,1992,186,65.8158364348,0.25,-1.3425181627,0.276,0.217
0422+004,1992,1,66.1951742749,5.888,0.6017566769,14.038,0.983
0422-380,1992,3,66.1760154525,0.203,-37.9391067007,0.81,0.03
0423+051,1992,1,66.6525170398,0.818,5.3055202413,2.341,0.416
0434-188,1992,16,69.2561780397,0.833,-18.7468370839,0.872,-0.978
0437-454,1992,1,69.7535611483,1.953,-45.3729344198,1.06,-0.382
0451-282,1992,3,73.3110289436,1.415,-28.1270360298,1.269,-0.958
0454+844,1992,9,77.1765145177,0.274,84.5345956179,0.273,0.083
0454-234,1992,156,74.2632467612,0.372,-23.4144500597,0.348,-0.181
0454-810,1992,7,72.5226671162,0.317,-81.0172865304,0.316,-0.022
0457+024,1992,1,74.9668776061,0.564,2.4919933833,1.037,-0.235
0458-020,1992,84,75.3033744804,0.207,-1.9872933779,0.302,0.003
0500+019,1992,4,75.8383216986,0.42,2.0512987484,0.969,-0.456
0502+049,1992,1,76.3466031521,0.922,4.9952014141,1.18,0.043
0506+101,1992,7,77.3644045041,0.299,10.1957220542,2.449,-0.988
0506-612,1992,4,76.6832862363,0.356,-61.1613871407,0.421,0.267
0507+179,1992,2,77.5098709033,0.917,18.0115500821,1.15,-0.119
0516-621,1992,2,79.1871925081,0.251,-62.118163558,0.544,0.48
0517-726,1992,1,79.15716198,4.04,-72.6187410385,3.41,0.676
0521-365,1992,1,80.741602752,0.275,-36.4585690482,1.133,0.356
0522-611,1992,1,80.6434395855,0.232,-61.132537053,0.327,0.527
0528+134,1992,194,82.7350697256,0.195,13.5319859662,0.266,0.147
0528-250,1992,3,82.5331784127,0.927,-25.0583062953,3.515,-0.696
0529+075,1992,3,83.1624955271,7.47,7.5453754142,3.621,0.546
0530-727,1992,3,82.3751758283,0.267,-72.7579187566,0.396,0.052
0536+145,1992,7,84.9265249635,0.283,14.5626561713,1.712,-0.981
0537-286,1992,3,84.976172791,0.603,-28.6655410014,0.639,-0.78
0537-441,1992,43,84.7098397118,0.38,-44.0858163614,0.588,-0.06
0552+398,1992,232,88.8783567209,0.119,39.8136569616,0.16,0.021
0556+238,1992,2,89.8834714896,1.068,23.8983129303,0.961,-0.97
0600+177,1992,5,90.7880431156,1.55,17.7046693314,1.427,-0.982
0605-085,1992,4,91.9987469661,0.606,-8.5805496752,2.361,-0.991
0607-157,1992,3,92.4206227399,0.653,-15.7112979047,1.302,-0.98
0609+607,1992,2,93.5994425639,0.42,60.7727099003,0.78,-0.11
0615+820,1992,4,96.5125255105,0.326,82.0404354855,0.346,0.139
0615-365,1992,1,94.3846799872,36.117,-36.5707766686,26.774,-0.968
0629-418,1992,1,97.7999919796,0.376,-41.9074844174,1.513,0.325
0636+680,1992,5,100.5177390696,0.673,67.9765613158,0.719,-0.3
0637-752,1992,32,98.9437830211,0.196,-75.2713376229,0.193,-0.045
0642+449,1992,12,101.6334416867,0.273,44.8546083293,0.275,0.186
0646-306,1992,1,102.0587345912,2.856,-30.7387941672,1.545,-0.71
0650+371,1992,8,103.49284526,0.285,37.0946130484,0.695,-0.013
0657+172,1992,12,105.0063563917,0.294,17.1560284797,0.711,-0.974
0707+476,1992,2,107.6921038198,0.322,47.5364287188,0.572,0.175
0710+439,1992,3,108.4090171869,0.439,43.8214463002,0.686,0.077
0711+356,1992,2,108.6034071089,0.819,35.577719952,1.551,0.001
0716+714,1992,7,110.4727020658,0.256,71.3434342912,0.383,0.131
0722+145,1992,1,111.320032289,0.425,14.4204851402,0.681,0.237
0723-008,1992,1,111.4610008545,3.66,-0.9157071866,2.0,-0.701
0727-115,1992,229,112.5796353012,0.263,-11.6868335174,0.292,-0.217
0733-174,1992,1,113.9408857296,1.148,-17.5968060712,3.911,-0.762
0735+178,1992,152,114.5308073513,0.19,17.7052773076,0.244,0.309
0736+017,1992,2,114.8251420671,3.701,1.6179485387,3.541,-0.998
0736-332,1992,1,114.5706204463,3.948,-33.3702169957,1.997,0.154
0738+313,1992,2,115.2945972128,0.411,31.2000634816,0.276,0.373
0742+103,1992,17,116.3877478801,0.221,10.1868593746,0.625,0.082
0743-006,1992,1,116.4753426977,0.467,-0.7382051931,0.987,0.062
0743-673,1992,2,115.881714369,0.761,-67.4404295981,0.378,-0.239
0745+241,1992,12,117.1504553292,0.375,24.0066972925,0.707,-0.132
0748+126,1992,2,117.7168572339,0.265,12.5180078789,0.492,0.227
0749+540,1992,4,118.2557690276,0.337,53.8832325951,0.559,0.177
0805+410,1992,1,122.2360502303,0.467,40.8791359534,0.318,0.094
0805-077,1992,8,122.0647335775,0.547,-7.8527463143,2.956,-0.96
0808+019,1992,4,122.8612804395,0.422,1.7811723733,0.926,-0.996
0812+367,1992,1,123.8581036107,0.322,36.5875412546,0.513,0.262
0814+425,1992,12,124.5666650823,0.373,42.3792819187,0.683,-0.67
0820+560,1992,1,126.1968183117,0.366,55.8785193619,0.281,-0.08
0821+394,1992,1,126.2311827321,0.218,39.2783067693,0.328,0.434
0823+033,1992,77,126.4597431947,0.207,3.1568111428,0.314,0.008
0823-500,1992,1,126.361952132,1.974,-50.1773574791,1.178,-0.608
0826-373,1992,1,127.0199170498,1.937,-37.5184113455,0.991,-0.635
0827+243,1992,1,127.7170257577,0.296,24.1832833037,0.487,0.146
0828+493,1992,4,128.096736258,0.381,49.2225105554,0.695,0.068
0829+046,1992,1,127.9536539694,0.39,4.4941903742,0.802,0.355
0831+557,1992,3,128.7287664452,1.564,55.572519772,1.537,0.0
0833+585,1992,3,129.343373564,0.719,58.4171789384,1.003,0.592
0836+710,1992,1,130.3515216958,0.315,70.8950482129,0.498,0.133
0839+187,1992,2,130.5212257759,0.544,18.5947192721,0.888,0.404
0850+581,1992,1,133.6749850634,0.772,57.9583162472,0.832,-0.356
0859+470,1992,10,135.7666254693,0.335,46.8511493026,0.665,-0.2
0859-140,1992,4,135.570128698,0.671,-14.2585767354,1.567,-0.984
0906+015,1992,1,137.292045488,6.491,1.3598966842,6.412,-0.999
0912+297,1992,1,138.9683395403,0.951,29.5566776548,1.462,0.772
0917+449,1992,10,140.2435770095,0.338,44.6983291799,0.682,-0.48
0917+624,1992,1,140.4009630745,0.41,62.2644944511,0.346,-0.108
0919-260,1992,15,140.3723078498,0.522,-26.3120516564,0.974,0.354
0920-397,1992,2,140.6934094752,0.381,-39.9930743219,3.151,0.298
0925-203,1992,1,141.9659399614,88.463,-20.5808936973,39.613,0.993
0945+408,1992,1,147.2305756677,0.29,40.6623853607,0.347,0.293
0952+179,1992,2,148.7367648673,0.76,17.7253392823,1.129,0.795
0954+658,1992,44,149.6968547436,0.233,65.5652272058,0.285,-0.168
0955+326,1992,1,149.5872900404,0.389,32.4006136867,0.548,0.269
0955+476,1992,39,149.581965276,0.131,47.4188451071,0.167,-0.005
1011+250,1992,3,153.4726196569,0.241,24.8212338622,1.265,-0.253
1012+232,1992,2,153.6961060204,0.691,23.0212699759,0.856,-0.576
1020+400,1992,1,155.7981902891,0.294,39.8042737331,0.505,-0.058
1021-006,1992,2,156.1232775084,0.928,-0.8820830995,1.731,0.666
1030+415,1992,1,158.2654495543,0.656,41.2683977969,0.973,0.525
1031+567,1992,1,158.7793352282,0.996,56.4796661686,1.068,0.477
1032-199,1992,2,158.7589806228,0.999,-20.1928778929,0.437,-0.258
1034-293,1992,73,159.3169988848,0.514,-29.5674481921,0.453,-0.307
1038+064,1992,3,160.3215104723,0.591,6.171368181,2.963,-0.994
1038+52A,1992,12,160.4449236327,0.419,52.5578420264,0.459,0.404
1039+811,1992,11,161.0960942395,0.24,80.9109563709,0.245,0.054
1044+719,1992,1,162.1150816804,0.662,71.7266495423,0.561,-0.041
1049+215,1992,1,162.9532878071,0.304,21.3311982206,0.41,0.147
1053+815,1992,7,164.5480641966,0.364,81.2424096507,0.43,-0.01
1055+018,1992,14,164.6233549951,2.049,1.5663395382,1.69,-0.998
1057-797,1992,33,164.6804574636,0.232,-80.0650443619,0.216,0.154
1101-536,1992,7,165.9675902709,0.291,-53.9501936277,0.504,0.245
1104-445,1992,31,166.7862256718,0.28,-44.8187830035,0.475,0.099
1105-680,1992,1,166.8028919025,2.177,-68.3474245219,1.167,0.113
1111+149,1992,1,168.4945631808,0.366,14.7074873514,0.719,0.259
1116+128,1992,8,169.7387560106,0.4,12.5782550564,0.894,-0.11
1116-462,1992,1,169.6123234028,0.427,-46.5708336999,0.621,0.562
1123+264,1992,29,171.4737998186,0.34,26.1722162166,0.724,0.087
1124-186,1992,8,171.7683018776,0.556,-18.9548450489,1.366,-0.064
1127-145,1992,4,172.5293860603,0.909,-14.8242739996,2.31,-0.946
1128+385,1992,17,172.7220109387,0.236,38.2551519216,0.338,0.148
1130+009,1992,1,173.3335656936,0.75,0.6813432129,1.594,-0.059
1144+402,1992,2,176.7429071869,1.922,39.9761961279,1.468,-0.992
1144-379,1992,10,176.7557113223,0.466,-38.2030622252,0.714,-0.942
1145-071,1992,14,176.9648085961,0.522,-7.4114281423,0.48,-0.044
1147+245,1992,1,177.5800508682,0.802,24.2982875568,0.526,0.204
1148-001,1992,2,177.6827949821,0.715,-0.3983901451,0.581,-0.02
1148-671,1992,1,177.8059450897,0.497,-67.4697482436,0.529,0.462
1150+497,1992,1,178.3519446796,0.475,49.5191193401,0.638,0.4
1150+812,1992,7,178.3020800476,0.215,80.9747651606,0.261,0.06
1155+251,1992,2,179.6074481949,0.955,24.8383231644,0.878,0.474
1156+295,1992,36,179.8826414142,0.221,29.2455073891,0.38,0.233
1213+350,1992,2,183.9816711712,0.559,34.8042281046,0.683,0.295
1215+303,1992,1,184.4670084834,0.702,30.1168431384,1.07,0.611
1216+487,1992,2,184.7767280466,0.434,48.4989346896,0.525,0.095
1219+285,1992,3,185.3820438294,0.608,28.2329166963,0.603,0.072
1221+809,1992,2,185.9187248594,0.496,80.6678722208,0.606,0.102
1222+037,1992,3,186.2184245864,0.812,3.5139701176,1.611,0.657
1226+373,1992,1,187.1975986342,0.625,37.1033598997,0.421,0.006
1234-504,1992,1,189.313497137,8.676,-50.773103584,3.948,-0.658
1236-684,1992,1,189.9443814288,0.923,-68.7585814829,1.096,-0.787
1244-255,1992,10,191.695008558,0.774,-25.797024648,0.741,-0.948
1251-713,1992,9,193.7496726303,0.288,-71.638454653,0.312,-0.06
1252+119,1992,11,193.659398299,0.375,11.6849708402,0.687,0.259
1255-316,1992,2,194.4960867342,0.341,-31.9213478559,0.946,0.66
1257+145,1992,4,195.0871618618,1.545,14.2884811303,2.558,0.421
1302-102,1992,6,196.3875625357,0.85,-10.5553968434,2.608,-0.97
1308+326,1992,138,197.6194327363,0.131,32.3454952117,0.187,0.061
1313-333,1992,12,199.033274782,0.516,-33.6497702262,0.691,-0.925
1320-446,1992,1,200.7676897304,5.065,-44.8760708785,2.212,0.332
1323+321,1992,2,201.5688002993,9.708,31.9026419266,5.028,0.406
1324+224,1992,14,201.7535888119,0.283,22.1806008867,0.977,-0.503
1334-127,1992,199,204.4157616304,0.323,-12.9568592646,0.325,-0.274
1342+663,1992,4,206.0361653214,0.369,66.1032343618,0.324,0.441
1345+125,1992,1,206.8890069147,0.888,12.2900666808,1.42,-0.079
1347+539,1992,3,207.3944025376,0.526,53.6880666559,0.651,0.328
1349-439,1992,5,208.2355623046,0.417,-44.2112186367,0.838,-0.974
1351-018,1992,1,208.5287304379,1.738,-2.1008862646,0.639,0.087
1354+195,1992,14,209.2684861343,0.302,19.3187144409,0.932,-0.472
1354-152,1992,8,209.2968540452,0.404,-15.4579962908,0.442,0.233
1357+769,1992,1,209.4807144664,0.239,76.7225140879,0.289,0.311
1402+044,1992,3,211.2546658601,0.467,4.2599497261,1.214,0.186
1402-012,1992,2,211.1912310716,4.263,-1.5060971912,2.421,0.535
1409+218,1992,1,212.9785916935,1.057,21.5731778253,2.416,-0.738
1413+135,1992,6,213.9950729262,0.305,13.3399200232,3.012,-0.171
1416+067,1992,1,214.7840895579,14.116,6.4763367757,5.534,0.438
1417+273,1992,1,214.9970709474,0.591,27.1070983322,1.205,-0.617
1418+546,1992,8,214.9441558179,0.281,54.3874408831,0.341,0.16
1420+326,1992,1,215.6265785571,2.204,32.3862273662,7.227,0.471
1424+240,1992,1,216.7516330035,0.601,23.8000096401,1.052,-0.643
1424-418,1992,22,216.9845732559,0.334,-42.1053992215,0.622,0.31
1432+200,1992,1,218.6658054025,2.411,19.8668723546,1.098,0.148
1433+304,1992,1,218.8975091845,1.064,30.2068121158,2.938,-0.011
1435+638,1992,2,219.1908421862,0.384,63.6105184584,0.435,0.286
1435-218,1992,2,219.5394561386,1.328,-22.081874669,1.19,-0.96
1443-162,1992,2,221.4724012349,1.255,-16.4837830723,1.147,-0.976
1445-161,1992,2,222.0627255073,1.238,-16.3401523951,1.143,-0.976
1448+762,1992,1,222.1199134102,0.597,76.019888152,0.381,0.336
1451-375,1992,3,223.6142074956,0.457,-37.792539817,1.144,0.776
1451-400,1992,1,223.6371349152,0.291,-40.2090310961,1.038,0.481
1459+480,1992,1,225.2027258288,0.341,47.8543160838,0.614,0.236
1502+036,1992,1,226.276988357,0.52,3.4418919105,1.118,0.064
1502+106,1992,72,226.1040824211,0.239,10.4942218494,0.401,-0.303
1504+377,1992,6,226.5397081937,0.345,37.5142033813,0.756,-0.026
1504-166,1992,5,226.7699456244,1.094,-16.8750744129,0.989,-0.979
1510-089,1992,98,228.2105538725,0.31,-9.0999526595,0.548,0.039
1514+197,1992,1,229.2366508807,0.469,19.5369422933,0.921,0.217
1514-241,1992,2,229.4242213477,0.447,-24.3720768916,1.068,-0.131
1519-273,1992,16,230.6569832865,0.501,-27.5029959595,0.557,-0.782
1532+016,1992,6,233.7185565528,3.725,1.5178350797,4.391,-0.998
1538+149,1992,8,235.2062146649,0.291,14.7960793492,1.875,-0.746
1546+027,1992,7,237.3726535641,1.145,2.6169901569,3.142,-0.988
1547+507,1992,1,237.3227853128,0.432,50.634940879,0.548,0.678
1548+056,1992,16,237.6469551427,0.285,5.4529020637,0.509,-0.124
1549-790,1992,6,239.2452911539,0.183,-79.2345225794,0.21,0.075
1555+001,1992,13,239.4643082745,0.741,-0.0306705788,1.662,-0.999
1600+335,1992,4,240.5302644892,0.221,33.4480755226,0.663,-0.108
1604-333,1992,2,241.894843152,1.19,-33.519142601,0.94,-0.957
1606+106,1992,108,242.1925132314,0.175,10.4854932233,0.253,0.037
1610-771,1992,27,244.4553184312,0.247,-77.2884632625,0.259,0.11
1611+343,1992,174,243.4211010615,0.164,34.2133080162,0.243,0.089
1614+051,1992,8,244.1564867728,0.553,4.99242671,0.729,0.168
1616+063,1992,1,244.7653699038,9.365,6.2172897511,3.812,0.549
1619-680,1992,2,246.0768211755,0.277,-68.1534714067,0.529,0.186
1622-253,1992,93,246.4453818304,0.41,-25.4606463703,0.42,-0.137
1622-297,1992,3,246.5250866989,0.356,-29.8574914151,0.924,-0.559
1624+416,1992,1,246.4902903605,1.43,41.5779525285,1.031,-0.943
1637+574,1992,26,249.5560678573,0.244,57.3399941319,0.306,0.237
1642+690,1992,4,250.5327021504,0.229,68.9443767518,0.236,-0.011
1655+077,1992,1,254.5375477072,0.423,7.6909833323,0.77,0.128
1656+053,1992,6,254.6393638993,0.472,5.2545679175,0.981,-0.912
1657-261,1992,7,255.2214752617,0.457,-26.1810347438,1.052,-0.953
1706-174,1992,3,257.3931053746,2.058,-17.4814898499,1.921,-0.99
1717+178,1992,1,259.8043685892,0.353,17.7517878442,0.593,0.43
1718-649,1992,1,260.9209573948,0.549,-65.0101711816,0.992,0.279
1725+044,1992,2,262.1039697516,0.416,4.4513649265,0.894,-0.072
1726+455,1992,2,261.8652118115,0.409,45.5110364059,0.339,0.103
1727+502,1992,1,262.0776082986,14.755,50.2195754696,6.969,-0.093
1732+389,1992,10,263.585743916,0.318,38.9642897091,0.803,-0.011
1738+476,1992,1,264.9880379048,0.388,47.6328782856,0.587,0.582
1739+522,1992,222,265.1540743887,0.123,52.1953909251,0.139,-0.008
1740-517,1992,1,266.1060417294,3.852,-51.7454976936,2.365,0.711
1741-038,1992,231,265.9952339106,0.232,-3.8346157916,0.302,0.096
1743+173,1992,8,266.3967007279,0.275,17.3337287587,1.117,-0.132
1745+624,1992,3,266.5584755853,0.664,62.4485383836,0.627,0.197
1749+096,1992,139,267.886744058,0.201,9.65020232,0.308,0.196
1749+701,1992,1,267.1368342801,0.769,70.0974359672,0.605,0.42
1751+288,1992,1,268.4269726194,1.604,28.8013725886,1.542,-0.958
1751+441,1992,1,268.3443663403,0.326,44.1626906143,0.386,0.316
1758-651,1992,1,270.8479027669,0.273,-65.12687797,0.401,0.44
1803+784,1992,190,270.1903495125,0.138,78.4677828722,0.137,0.009
1815-553,1992,15,274.9391647134,0.544,-55.3557625789,0.559,0.301
1817-254,1992,1,275.2410315488,8.914,-25.4701621928,2.161,-0.525
1821+107,1992,1,276.0118967279,0.453,10.7399372322,0.899,0.213
1823+568,1992,1,276.0294514233,0.24,56.8504141554,0.311,0.332
1826+796,1992,2,275.8087870379,0.836,79.6469450888,1.061,0.432
1829-718,1992,1,278.9050137767,3.445,-71.832837366,3.142,0.454
1830+285,1992,1,278.209106606,0.869,28.5599877961,1.218,-0.502
1831-711,1992,8,279.3696455659,0.249,-71.1454317949,0.275,-0.013
1842+681,1992,1,280.6401732538,0.287,68.1570077186,0.367,-0.002
1849+670,1992,1,282.3169678723,0.325,67.0949111398,0.256,0.304
1903-802,1992,2,288.1667466277,0.31,-80.1683184177,0.244,0.029
1908-201,1992,8,287.7902204166,0.988,-20.1153081417,0.998,-0.975
1920-211,1992,7,290.8841241629,1.127,-21.0759258098,0.965,-0.979
1921-293,1992,75,291.2127332281,0.296,-29.2417003342,0.35,-0.196
1923+210,1992,27,291.4983556832,0.367,21.1072672066,0.54,0.082
1925-610,1992,1,292.5256667273,0.408,-60.9358843752,0.99,-0.432
1928+738,1992,6,291.9520634314,0.23,73.9671026982,0.238,0.144
1929+226,1992,1,292.853819817,1.159,22.7253497286,1.09,-0.959
1932+204,1992,1,293.7936385452,4.11,20.5317096473,0.821,0.484
1933-400,1992,9,294.3175722585,0.302,-39.9670980951,0.693,-0.939
1934-638,1992,1,294.8542722914,1.968,-63.7126726145,1.222,0.11
1935-692,1992,1,295.1063678009,0.473,-69.1324921602,0.594,0.242
1943+228,1992,2,296.5260510833,7.857,23.0012248409,7.789,-0.151
1947+079,1992,2,297.5230830227,0.464,8.1205496382,0.987,-0.244
1950-613,1992,1,298.7948762535,2.453,-61.2553166497,1.728,-0.025
1951+355,1992,1,298.3786481443,1.329,35.6331546912,3.122,0.737
1954+513,1992,6,298.9280760876,0.211,51.5301517165,0.327,0.012
1954-388,1992,1,299.4992442883,3.023,-38.7517655394,1.185,0.109
1958-179,1992,122,300.2378768352,0.378,-17.8160201584,0.652,-0.449
2000-330,1992,2,300.8504851882,1.089,-32.862534671,2.805,0.211
2005+403,1992,5,301.9372707341,1.319,40.49683463,1.908,0.425
2005-489,1992,1,302.3557946273,0.331,-48.8315892246,0.724,0.309
2007+777,1992,65,301.3791601093,0.126,77.8786798688,0.121,-0.018
2008-159,1992,1,302.8154619693,0.403,-15.7778440603,8.157,-0.902
2021+317,1992,5,305.8292388296,0.315,31.8839736908,0.928,0.89
2021+614,1992,5,305.5278400102,0.351,61.6163346645,0.373,0.22
2029+121,1992,1,307.979142783,0.25,12.3281500777,0.429,0.127
2030+547,1992,1,307.9498268883,0.595,54.9175394187,1.039,0.553
2051+745,1992,1,312.8905620021,1.131,74.6945834365,1.823,0.637
2052-474,1992,4,314.068165936,0.321,-47.2465635586,0.953,-0.498
2059-786,1992,1,316.4373400506,0.382,-78.4262630121,0.383,0.068
2106-413,1992,4,317.3882855992,0.269,-41.1723903317,0.792,0.204
2109-811,1992,1,319.1285250033,0.294,-80.8986732409,0.309,-0.174
2113+293,1992,2,318.872556039,0.195,29.5606574885,0.502,-0.213
2121+053,1992,15,320.9354891887,0.339,5.5894703197,0.234,0.014
2126-158,1992,8,322.3007328455,0.759,-15.6447335797,1.164,-0.428
2128+048,1992,1,322.6369911034,2.607,5.0381878509,3.14,0.66
2128-123,1992,96,322.8969238349,0.464,-12.1179990307,0.938,-0.022
2131-021,1992,7,323.5429567087,0.286,-1.8881219154,0.651,-0.991
2136+141,1992,3,324.7554553098,0.338,14.3933313129,0.616,0.179
2142-758,1992,1,326.8030434572,0.414,-75.6036735921,0.341,0.285
2144+092,1992,2,326.7923456297,0.345,9.4962979868,0.489,0.064
2145+067,1992,220,327.0227444378,0.229,6.9607233992,0.295,0.189
2146-783,1992,2,328.013144189,0.557,-78.1185111342,0.522,0.111
2149+056,1992,2,327.9078143103,0.594,5.8702650234,1.233,-0.501
2150+173,1992,5,328.1034141945,0.424,17.5771653289,0.783,0.34
2152-699,1992,1,329.2749186803,0.717,-69.6899127571,0.849,0.884
2155-152,1992,4,329.5261745496,0.802,-15.019257536,1.951,-0.949
2155-304,1992,1,329.7169353325,4.766,-30.2255874444,1.984,-0.308
2201+315,1992,30,330.8123990444,0.269,31.7606305404,0.353,0.375
2204-540,1992,1,331.9322221525,0.253,-53.7760609935,0.516,0.351
2209+236,1992,1,333.024859629,0.182,23.9279288095,0.296,0.284
2211-388,1992,1,333.6607036905,6.854,-38.5958349651,3.598,0.778
2216-038,1992,55,334.7168238257,0.359,-3.5935775719,0.586,0.378
2227-088,1992,4,337.4170180789,0.924,-8.5484540201,2.113,-0.99
2227-399,1992,1,337.6678273255,0.387,-39.7144632063,0.956,0.759
2229+695,1992,1,337.6519577055,1.09,69.7744656311,0.773,0.535
2232-488,1992,1,338.8051516968,0.333,-48.5996656261,0.686,0.599
2233-148,1992,1,339.1420296815,0.623,-14.5561610273,8.265,-0.845
2234+282,1992,206,339.0936285994,0.233,28.4826148214,0.306,0.23
2243-123,1992,25,341.5759665411,0.566,-12.1142437453,0.884,-0.849
2245-328,1992,7,342.1611902129,1.265,-32.5978297823,0.971,-0.948
2253+417,1992,3,343.9029493884,0.47,42.0479257282,0.726,0.314
2254+024,1992,1,344.3231790516,0.893,2.7215301263,2.052,0.773
2254+074,1992,1,344.3220937855,8.186,7.7200823995,10.111,0.975
2255-282,1992,89,344.5248453625,0.391,-27.9725712833,0.42,-0.066
2312-319,1992,1,348.7020859866,0.456,-31.6443126853,1.651,0.828
2318+049,1992,1,350.1869024337,0.391,5.2305421696,0.817,0.161
2319+272,1992,3,350.499425995,0.539,27.5462343768,1.634,0.546
2320+506,1992,1,350.608258887,0.395,50.9644345276,0.339,0.243
2320-035,1992,8,350.883140636,0.719,-3.284728799,1.419,-0.982
2326-477,1992,3,352.3237676192,0.592,-47.5053095353,1.125,0.338
2328+107,1992,1,352.6702178314,0.475,11.0051967884,0.894,0.033
2329-384,1992,1,352.9978169216,0.338,-38.1965699607,1.24,0.754
2331-240,1992,4,353.4801577848,1.074,-23.7279607634,0.959,-0.97
2337+264,1992,1,355.1209554914,0.619,26.6991119826,0.737,0.614
2344+09A,1992,2,356.6534939736,0.708,9.5126432274,1.323,0.743
2345-167,1992,16,357.0108687502,0.917,-16.5200061138,1.352,-0.974
2351+456,1992,6,358.5903343582,0.495,45.8845101589,0.703,-0.034
2351-154,1992,4,358.6258134139,0.746,-15.2197811287,1.521,-0.977
2352+495,1992,1,358.7894102358,1.343,49.8356499051,1.519,0.164
2353-686,1992,1,359.0028392827,0.247,-68.3342976406,0.249,0.027
2355-106,1992,17,359.545343474,0.568,-10.3357253701,0.703,-0.564
2355-534,1992,4,359.4719420864,0.379,-53.1871357843,0.788,0.399
