iers_name,year,num_ses,ra,ra_err,dec,dec_err,ra_dec_corr
0002+541,1994,1,1.2681810274,0.494,54.4735906885,0.744,0.462
0002-478,1994,1,1.1485647955,0.605,-47.6054452969,0.866,0.179
0003+380,1994,1,1.4882307836,0.28,38.3375412306,0.348,-0.064
0003-066,1994,1,1.5578869609,0.493,-6.3931485602,0.768,-0.424
0005+568,1994,1,1.951952629,1.729,57.1028995772,2.266,0.453
0007+171,1994,1,2.6416274185,0.372,17.4052115494,0.666,0.179
0008-264,1994,1,2.7551949928,0.578,-26.2092714692,0.37,-0.258
0010+405,1994,1,3.3797090855,0.269,40.8603177752,0.32,-0.249
0014+813,1994,19,4.2853120738,0.144,81.5855935062,0.164,-0.02
0015+529,1994,1,4.4656660254,0.327,53.2053115315,0.416,-0.339
0016+731,1994,52,4.9407766478,0.152,73.4583382276,0.143,-0.222
0019+058,1994,1,5.6351715959,0.464,6.1345199263,1.18,-0.066
0022-423,1994,1,6.1791245773,1.323,-42.0344305831,1.003,-0.464
0024+597,1994,1,6.7636936321,1.346,59.981377749,1.147,0.183
0035+413,1994,1,9.6035150795,0.355,41.6183334767,0.379,-0.271
0039+230,1994,1,10.5189379755,0.383,23.3336281513,0.409,-0.017
0039+568,1994,1,10.5810488312,0.229,57.1434961973,0.399,0.509
0044+566,1994,1,11.7517866476,0.148,56.9617764053,0.266,0.04
0046+511,1994,1,12.408296634,0.515,51.4704707394,0.857,-0.388
0048-097,1994,90,12.6721557599,0.142,-9.4847806238,0.251,-0.243
0056-001,1994,2,14.7729788771,0.45,0.114339254,0.789,-0.301
0059+581,1994,123,15.6906765745,0.071,58.403093548,0.075,-0.036
0104-408,1994,12,16.6879498273,0.194,-40.5722111921,0.263,-0.136
0106+013,1994,10,17.1615462433,0.172,1.5834214581,0.249,-0.178
0108+388,1994,1,17.9054864923,0.391,39.1078065927,0.296,-0.013
0109+224,1994,1,18.0242697085,0.299,22.7441072443,0.538,-0.231
0110+495,1994,1,18.362528418,0.301,49.8066786876,0.341,-0.559
0111+021,1994,2,18.4297707226,0.833,2.3714766106,1.089,-0.524
0112-017,1994,1,18.8212501155,0.874,-1.4512709504,2.316,0.793
0113-118,1994,1,19.0521747104,0.498,-11.6042872028,0.331,-0.261
0119+041,1994,166,20.4869236909,0.17,4.3735373037,0.224,-0.031
0121+560,1994,1,21.1076123724,0.502,56.3144216829,0.81,0.174
0123+257,1994,1,21.6783025385,0.268,25.9836946503,0.448,0.143
0129+560,1994,1,23.0851969726,0.27,56.3445473664,0.406,0.29
0133+476,1994,18,24.2441449672,0.164,47.8580833407,0.201,-0.224
0147-076,1994,1,27.5112406846,26.164,-7.4301361696,15.464,-0.928
0148+274,1994,1,27.8631088903,0.379,27.7449426883,0.6,-0.256
0153+744,1994,1,29.3956867185,1.19,74.7120086849,1.056,-0.45
0153-410,1994,1,28.9044143482,1.564,-40.8117654139,0.866,0.06
0159+723,1994,1,30.8891043374,0.41,72.5482406388,0.367,0.058
0200+539,1994,1,30.9444047395,1.864,54.1993405002,2.441,-0.646
0201+113,1994,14,30.9444043979,0.184,11.5792803769,0.349,-0.218
0202+149,1994,23,31.2100579443,0.153,15.236400943,0.168,-0.107
0202-172,1994,2,31.240309866,0.37,-17.0221778303,0.49,-0.013
0208-512,1994,26,32.6925016251,0.244,-51.0171921818,0.334,0.017
0212+735,1994,8,34.3783889759,0.078,73.8257282896,0.074,-0.087
0215+015,1994,3,34.4539780641,0.257,1.7471385914,0.351,-0.493
0219+428,1994,2,35.6650479219,0.412,43.0354997808,0.589,-0.398
0220-349,1994,1,35.7350069586,0.551,-34.69131408,0.444,-0.313
0229+131,1994,156,37.941225205,0.142,13.3818656254,0.173,0.021
0230-790,1994,1,37.3956114686,0.892,-78.7960000049,0.89,0.552
0234+285,1994,4,39.4683569987,0.099,28.8024972202,0.132,-0.122
0235+164,1994,12,39.6622087354,0.164,16.6164652004,0.186,-0.042
0237+040,1994,1,39.9635960935,1.993,4.2726142144,1.409,-0.911
0237-027,1994,1,39.9394677185,0.382,-2.5780314727,0.925,-0.406
0237-233,1994,2,40.0340603138,0.191,-23.1543695988,0.437,-0.146
0241+622,1994,1,41.240403625,3.247,62.4684761614,1.128,0.188
0248+430,1994,4,42.8939032325,0.217,43.254396877,0.372,-0.382
0250+508,1994,1,43.490033225,0.434,51.0490154319,0.623,0.18
0258+533,1994,1,45.5947305057,0.955,53.5295788255,0.979,0.243
0259+121,1994,1,45.6272778358,1.12,12.3157629199,2.197,0.469
0300+470,1994,3,45.8968425587,0.102,47.271187637,0.124,0.109
0302+625,1994,1,46.677748195,0.433,62.7172288851,0.563,-0.088
0302-623,1994,5,45.9609636255,0.8,-62.1904304858,0.585,0.266
0306+102,1994,1,47.2650978084,0.594,10.4878724382,0.791,-0.112
0308-611,1994,12,47.4837464221,0.24,-60.9775156019,0.33,0.022
0319+121,1994,3,50.471264658,0.205,12.3538762207,0.355,-0.065
0334-546,1994,1,53.9746864437,1.531,-54.5069753806,4.215,-0.871
0335+599,1994,1,54.7891374232,1.503,60.1491597633,1.998,0.493
0338-214,1994,2,55.1483659111,0.378,-21.3253253906,0.261,-0.286
0341+158,1994,1,56.0965508342,0.581,15.9953797438,1.315,0.106
0352+605,1994,1,59.1049950897,0.446,60.7327721282,0.687,-0.357
0354+599,1994,1,59.7610000016,0.194,60.0894636939,0.341,0.051
0400-319,1994,2,60.5886083312,0.48,-31.7905404509,0.38,-0.355
0402-362,1994,2,60.9739580126,0.314,-36.0838649996,0.359,-0.354
0405-123,1994,1,61.9517957513,0.287,-12.1935165288,0.185,-0.193
0405-385,1994,1,61.7459804645,0.799,-38.4411225486,0.889,-0.785
0406+121,1994,1,62.3417029049,2.241,12.2944023103,1.519,-0.953
0415+572,1994,1,64.8308876995,0.809,57.3833294854,0.939,0.515
0418+532,1994,1,65.6849953505,1.129,53.4072956622,1.012,0.682
0420+417,1994,1,65.9833742443,0.296,41.8340870564,0.284,0.124
0420-014,1994,76,65.8158363246,0.23,-1.342518208,0.372,-0.033
0422+004,1994,1,66.1951753349,0.536,0.6017578585,1.951,-0.325
0422-380,1994,1,66.1760158139,0.684,-37.9391067883,1.251,0.559
0423+051,1994,1,66.6525168056,0.899,5.3055199176,1.973,-0.224
0425+048,1994,1,66.9482102143,0.786,4.9523136655,3.101,-0.409
0426-380,1994,1,67.1684346939,0.383,-37.9387723468,0.464,0.097
0434-188,1994,8,69.2561780957,0.169,-18.7468371304,0.353,-0.029
0437-454,1994,2,69.7535611403,1.154,-45.3729341651,1.053,-0.272
0438-436,1994,7,70.0715831866,0.506,-43.5523900035,0.709,-0.162
0440+345,1994,1,70.8818134819,0.481,34.6851845791,0.441,0.194
0444+634,1994,1,72.3471267817,0.38,63.5359540394,0.395,-0.126
0446+112,1994,1,72.2819631338,0.326,11.3579434807,0.549,-0.222
0451-282,1994,1,73.3110281714,0.33,-28.1270353571,0.233,-0.188
0454+550,1994,1,74.7284998644,0.728,55.1450160444,0.824,0.553
0454+844,1994,2,77.1765148868,0.393,84.5345955489,0.416,-0.061
0454-234,1994,177,74.2632467721,0.219,-23.4144500302,0.333,-0.089
0454-810,1994,1,72.5226666225,0.57,-81.0172863489,1.067,0.098
0457+024,1994,12,74.9668777553,0.385,2.4919934746,0.471,-0.345
0458-020,1994,184,75.303374552,0.131,-1.9872934251,0.182,-0.133
0459+060,1994,1,75.5643580836,0.408,6.1520814332,0.914,0.269
0502+049,1994,1,76.3466031504,0.385,4.9952018191,0.847,-0.05
0507+179,1994,1,77.5098712903,0.398,18.0115502459,0.706,0.157
0510+559,1994,1,78.5779154207,1.449,56.0364039689,0.897,0.443
0516-621,1994,2,79.1871920538,0.469,-62.1181640269,0.505,0.195
0528+134,1994,166,82.7350697706,0.099,13.5319859856,0.153,0.026
0528-250,1994,3,82.5331783415,0.427,-25.0583054279,0.298,-0.344
0530-727,1994,6,82.3751762532,1.021,-72.75791876,1.848,-0.567
0532+506,1994,1,84.084299658,0.252,50.6406253864,0.306,0.567
0536+145,1994,1,84.9265250718,0.197,14.5626561605,0.522,0.261
0537+531,1994,1,85.3173919555,0.18,53.2068985777,0.281,0.43
0537-286,1994,3,84.9761727193,1.409,-28.6655410552,0.741,0.113
0537-441,1994,75,84.7098397614,0.29,-44.0858164743,0.35,-0.286
0539-057,1994,2,85.4086805955,0.493,-5.6970633617,0.613,-0.159
0544+273,1994,1,86.892287374,0.283,27.3657896494,0.365,0.136
0552+398,1994,190,88.8783567385,0.072,39.8136569463,0.089,-0.013
0554+580,1994,1,89.8058093322,0.677,58.0676240866,0.666,0.478
0600+177,1994,1,90.7880428565,0.469,17.7046698217,1.058,0.011
0601+578,1994,1,91.425949157,2.749,57.88787644,1.957,0.392
0605-085,1994,3,91.9987469044,0.298,-8.5805495125,0.35,-0.215
0607-157,1994,1,92.4206230916,0.329,-15.7112978934,0.219,-0.264
0609+607,1994,2,93.5994424977,0.225,60.7727099461,0.297,0.175
0611+131,1994,1,93.490386383,0.361,13.1126115215,0.687,-0.109
0613+570,1994,1,94.3205108904,0.179,57.0212287574,0.271,0.495
0615+820,1994,3,96.5125258727,0.278,82.0404354525,0.523,0.167
0618+588,1994,1,95.8407468015,0.933,58.8171882103,0.816,0.273
0620+389,1994,6,96.0792554708,0.188,38.9468710729,0.241,-0.23
0627+532,1994,1,97.8945248155,2.329,53.1910434851,1.279,0.781
0632+502,1994,1,99.0458930542,14.842,50.1665650652,4.853,-0.339
0633+595,1994,1,99.5119664065,0.238,59.556170723,0.303,0.486
0636+680,1994,3,100.5177393063,0.435,67.9765613364,0.524,-0.251
0637-752,1994,33,98.9437825986,0.272,-75.2713376,0.251,0.055
0642+449,1994,15,101.6334416542,0.158,44.8546083842,0.17,0.104
0646+600,1994,1,102.6302265833,0.192,60.0290432722,0.264,0.612
0646-306,1994,1,102.0587352175,0.146,-30.7387946739,0.364,0.086
0648-165,1994,1,102.6024244631,0.375,-16.6277018487,0.662,0.078
0650+371,1994,1,103.4928450075,0.385,37.0946127472,0.423,0.486
0657+172,1994,9,105.0063564393,0.167,17.1560281358,0.25,-0.105
0702+612,1994,1,106.7525653428,1.109,61.1698910011,0.916,0.781
0707+476,1994,1,107.6921036085,0.486,47.5364285879,0.503,-0.483
0710+439,1994,2,108.4090173394,0.198,43.8214464183,0.252,0.217
0711+356,1994,1,108.603406517,0.371,35.577720719,0.491,-0.058
0716+714,1994,1,110.4727020938,0.959,71.3434348262,1.192,-0.543
0722+145,1994,1,111.3200321664,0.265,14.4204853444,0.471,0.145
0723-008,1994,1,111.4609999836,0.264,-0.9157066164,0.596,-0.131
0724+571,1994,1,112.2067985539,0.175,57.023437382,0.319,0.086
0727-115,1994,194,112.5796353013,0.152,-11.6868335411,0.194,-0.164
0730+504,1994,1,113.4688357041,0.121,50.3691839628,0.206,0.366
0735+178,1994,112,114.5308072548,0.157,17.7052772854,0.182,0.256
0736-332,1994,1,114.5706212434,1.255,-33.3702159889,0.817,-0.509
0738+548,1994,1,115.6657945187,0.231,54.7401852708,0.371,0.4
0742+103,1994,1,116.3877481131,0.155,10.1868588843,0.237,-0.487
0743+259,1994,1,116.6078093903,0.564,25.8172599311,0.721,0.196
0743-006,1994,1,116.4753427729,0.285,-0.738205379,0.552,0.064
0746+503,1994,1,117.5347655264,6.576,50.2518919675,3.612,0.667
0748+126,1994,2,117.7168572486,0.117,12.518007802,0.135,0.117
0749+540,1994,4,118.2557690904,0.137,53.8832325135,0.168,-0.169
0753+519,1994,1,119.2481136148,13.39,51.8500678548,4.135,0.569
0758+594,1994,1,120.6024633265,6.938,59.3596665839,4.884,0.454
0803+514,1994,1,121.754223361,0.418,51.2940768155,0.535,0.595
0804+499,1994,87,122.1652762114,0.074,49.8434806778,0.09,0.012
0805+410,1994,16,122.2360502266,0.172,40.879135819,0.209,0.082
0805-077,1994,1,122.064733545,0.67,-7.8527458152,4.602,-0.615
0806+573,1994,1,122.7525384213,1.109,57.2368042497,0.733,0.402
0812+367,1994,1,123.858103624,0.527,36.5875412883,0.45,0.273
0814+425,1994,8,124.5666650633,0.166,42.3792818865,0.178,-0.043
0818-128,1994,1,125.2393651985,0.438,-12.983102685,0.324,-0.322
0820+560,1994,34,126.1968181627,0.137,55.8785192763,0.119,-0.029
0821+394,1994,1,126.231182855,0.363,39.2783069313,0.649,-0.036
0821+621,1994,2,126.4108842738,0.401,61.9579386055,0.299,0.452
0823+033,1994,102,126.4597431731,0.12,3.1568111387,0.203,-0.013
0824+524,1994,1,126.9737421162,1.377,52.2995266987,0.984,0.048
0826-373,1994,2,127.0199178776,0.619,-37.5184114917,0.512,-0.089
0827+243,1994,1,127.7170258537,0.215,24.1832834885,0.385,-0.14
0828+493,1994,1,128.0967359803,0.522,49.2225106974,0.5,-0.306
0829+046,1994,1,127.9536541882,0.342,4.4941903832,0.502,-0.037
0830+605,1994,1,128.5731081073,0.46,60.3297407298,0.781,0.388
0831+557,1994,1,128.7287672046,0.698,55.5725197067,0.55,0.151
0833+585,1994,2,129.3433741582,0.421,58.4171791867,0.338,0.146
0834-201,1994,3,129.1633968101,0.454,-20.2831955963,0.699,-0.17
0836+710,1994,2,130.3515220565,0.162,70.895048166,0.121,0.032
0839+187,1994,1,130.5212256973,0.395,18.5947193976,0.924,-0.09
0843+575,1994,1,131.8669157913,5.635,57.3939808508,5.801,0.851
0850+581,1994,3,133.6749849848,0.196,57.9583164886,0.295,0.172
0859+470,1994,1,135.766625833,0.887,46.8511490589,0.702,-0.732
0859-140,1994,1,135.5701288189,0.332,-14.2585766642,0.235,-0.248
0900+520,1994,1,135.9940601175,1.482,51.8501838225,1.558,0.571
0906+015,1994,1,137.2920483999,0.306,1.3598937737,0.462,-0.607
0912+029,1994,1,138.6579725822,0.684,2.7664573529,1.0,-0.396
0912+297,1994,1,138.9683400811,0.308,29.5566783968,0.542,0.051
0917+449,1994,2,140.2435769543,0.321,44.6983292801,0.448,-0.264
0917+624,1994,2,140.4009628217,0.158,62.2644945494,0.226,-0.077
0919-260,1994,68,140.3723078852,0.331,-26.3120517432,0.731,0.321
0925+504,1994,1,142.3143342159,0.127,50.2266639475,0.22,0.043
0925-203,1994,1,141.9659345358,0.309,-20.5808979393,0.228,-0.215
0929+533,1994,1,143.1714617976,0.227,53.1093890367,0.372,-0.094
0933+503,1994,1,144.3013648927,2.005,50.1478051922,1.445,0.576
0941+522,1994,1,146.2173136796,0.255,52.0428379698,0.482,-0.363
0945+408,1994,1,147.2305757588,0.196,40.6623852261,0.206,-0.115
0952+179,1994,1,148.7367703762,5.05,17.7253357198,3.49,-0.911
0952+581,1994,1,149.0943099309,3.06,57.8988621843,1.371,0.312
0954+658,1994,37,149.6968546816,0.218,65.5652272163,0.265,-0.509
0955+326,1994,1,149.5872902591,0.444,32.4006137853,0.576,-0.1
0955+476,1994,137,149.5819652779,0.113,47.4188451084,0.138,-0.007
0955+509,1994,1,149.6575389701,5.26,50.6659672877,2.315,0.332
1004+141,1994,6,151.9229086752,0.167,13.9415557855,0.243,-0.128
1011+250,1994,1,153.4726198839,0.405,24.8212334921,0.473,0.581
1012+232,1994,1,153.6961068413,1.608,23.0212724635,8.152,0.896
1020+400,1994,1,155.7981903465,0.265,39.8042736186,0.276,-0.022
1021-006,1994,2,156.1232776751,0.345,-0.8820826626,0.653,0.304
1022+194,1994,1,156.186706699,0.331,19.2056707691,0.522,-0.011
1028+605,1994,1,157.9364847131,1.205,60.3417678783,0.867,0.122
1030+415,1994,2,158.2654499797,1.423,41.2683979876,1.836,-0.34
1030+611,1994,1,158.4642874406,0.386,60.8520373746,0.778,-0.314
1031+567,1994,3,158.7793340111,1.105,56.4796658654,0.797,0.474
1032+509,1994,1,158.775088769,8.251,50.6683606911,5.904,-0.007
1034-293,1994,80,159.31699887,0.281,-29.5674481711,0.581,-0.394
1038+52A,1994,12,160.4449235731,0.224,52.5578420151,0.307,0.042
1038+52B,1994,3,160.4537403341,1.185,52.5654467351,1.141,-0.3
1039+811,1994,3,161.0960945093,0.246,80.9109563515,0.235,-0.025
1041+536,1994,1,161.0444708276,0.227,53.3723726214,0.445,-0.091
1042+071,1994,1,161.2329635998,0.515,6.9272951342,0.642,-0.093
1043+541,1994,1,161.6001599706,0.879,53.9072878168,0.847,0.484
1044+719,1994,54,162.1150829775,0.155,71.7266495511,0.151,-0.022
1045-188,1994,1,162.0275858258,0.344,-19.1599239399,0.323,-0.123
1049+215,1994,1,162.953287836,0.245,21.3311984018,0.555,0.001
1053+704,1994,6,164.2234063767,0.258,70.196087706,0.238,0.019
1053+815,1994,48,164.5480642316,0.299,81.2424097761,0.294,0.284
1055+018,1994,1,164.6233550112,0.353,1.5663403535,1.193,0.155
1055+567,1994,1,164.6571979852,2.404,56.4697797952,1.098,0.403
1057-797,1994,23,164.680457472,0.318,-80.0650442894,0.312,0.032
1101+384,1994,2,166.1138080892,0.329,38.2088331367,0.384,0.272
1101+609,1994,1,166.223729116,1.25,60.6486984559,2.485,0.055
1101-536,1994,8,165.9675903657,0.313,-53.9501936409,0.383,-0.035
1104-445,1994,40,166.7862256583,0.36,-44.8187830001,0.414,-0.439
1107+607,1994,1,167.554533816,0.615,60.4784907443,1.045,0.52
1111+149,1994,1,168.4945632669,1.351,14.7074867191,0.929,-0.774
1123+264,1994,13,171.4737996968,0.208,26.1722162433,0.254,-0.191
1124+571,1994,1,171.9172294658,1.109,56.8374427923,0.752,0.397
1124-186,1994,2,171.7683019013,0.49,-18.9548451105,0.508,-0.077
1125+596,1994,2,172.0555861846,0.298,59.4207775914,0.393,0.346
1127-145,1994,2,172.5293857427,0.113,-14.8242746128,0.271,-0.083
1128+385,1994,68,172.7220109421,0.095,38.2551519346,0.128,0.007
1128-047,1994,3,172.8771530015,0.5,-5.0054604333,0.462,-0.109
1130+009,1994,1,173.3335658089,0.562,0.6813437623,1.138,-0.314
1143+590,1994,1,176.6121320394,0.388,58.8095173976,0.517,0.273
1144+402,1994,3,176.7429079467,0.172,39.9761957519,0.192,0.036
1144+542,1994,1,176.6841848195,0.342,53.9453009534,1.161,-0.166
1144-379,1994,4,176.755711231,0.299,-38.2030620976,0.448,-0.255
1145-071,1994,12,176.9648085226,0.327,-7.4114281141,0.397,0.033
1147+245,1994,1,177.5800508072,0.317,24.2982873171,0.466,-0.055
1150+497,1994,1,178.3519444224,0.437,49.5191195254,0.392,0.709
1150+812,1994,9,178.3020799522,0.163,80.9747651228,0.183,0.082
1155+251,1994,1,179.607447986,0.661,24.8383233051,1.053,-0.224
1156+295,1994,14,179.8826413756,0.181,29.2455074849,0.236,-0.597
1156-094,1994,1,179.802965528,0.581,-9.6811233567,1.961,-0.573
1205+545,1994,1,182.1145813809,1.44,54.2220881324,1.135,-0.19
1206+549,1994,1,182.2260684668,0.254,54.6994900425,0.556,0.108
1213+350,1994,1,183.9816709179,1.48,34.8042282557,1.037,-0.821
1213-172,1994,1,183.9447991015,0.378,-17.5292786518,0.382,-0.235
1214+588,1994,1,184.295911252,0.222,58.5906242888,0.407,0.044
1215+303,1994,1,184.4670083277,0.314,30.1168433114,0.572,-0.015
1216+487,1994,1,184.7767281122,0.195,48.4989346425,0.173,0.029
1219+044,1994,134,185.593956768,0.151,4.2210489267,0.26,-0.185
1221+809,1994,1,185.9187224782,0.599,80.6678724545,0.647,-0.156
1222+037,1994,1,186.2184247314,0.66,3.5139691042,3.572,-0.434
1226+373,1994,3,187.1975986023,0.237,37.1033599125,0.249,-0.247
1227+587,1994,1,187.529405584,0.71,58.5021563613,1.541,0.486
1236+077,1994,1,189.8524514067,0.389,7.5047746663,0.437,-0.104
1237-101,1994,1,189.9294226475,0.46,-10.3913036196,0.402,0.244
1239+606,1994,1,190.3732906735,9.398,60.3448117781,6.645,-0.547
1240+381,1994,1,190.7140381126,0.445,37.8500069694,0.265,-0.253
1243-072,1994,1,191.5176337546,0.532,-7.5129382055,1.454,-0.285
1244-255,1994,15,191.6950084982,0.34,-25.7970247095,0.358,-0.111
1246+586,1994,1,192.0782695828,0.348,58.3413102187,0.733,0.325
1250+532,1994,1,193.2996685493,1.541,53.0199270509,1.207,0.684
1251-407,1994,1,193.4980570778,1.468,-40.9918563197,4.389,0.648
1251-713,1994,2,193.749673933,1.037,-71.6384546381,0.966,0.235
1252+119,1994,1,193.6593982934,0.249,11.6849707966,0.287,0.125
1254+571,1994,1,194.059308208,0.541,56.8736769922,0.602,0.646
1255-316,1994,1,194.4960868065,0.732,-31.9213479115,0.734,0.55
1257+145,1994,3,195.0871617089,0.638,14.2884808994,0.721,-0.055
1257+519,1994,1,194.879889582,17.433,51.6822936589,12.145,0.837
1258+507,1994,1,195.171863068,0.364,50.49354581,0.864,-0.408
1300+580,1994,3,195.7186055981,0.213,57.8104469627,0.276,0.158
1302-102,1994,3,196.3875625595,0.389,-10.5553968047,0.363,0.065
1303+557,1994,1,196.513962925,1.591,55.4955164349,1.438,0.346
1307+562,1994,1,197.290643444,0.261,55.9606100027,0.689,-0.152
1308+326,1994,195,197.6194327335,0.083,32.3454951975,0.107,-0.038
1308+328,1994,1,197.7475114558,0.162,32.5595693157,0.15,-0.196
1308+554,1994,1,197.7633789866,0.229,55.2317557146,0.429,-0.393
1311+552,1994,1,198.4077206398,5.487,54.9733039314,5.622,-0.259
1312+533,1994,1,198.6826274802,0.436,53.1077029067,0.905,0.103
1313-333,1994,4,199.033274721,0.152,-33.6497702371,0.369,-0.074
1317+520,1994,1,199.9424921075,2.629,51.8016049036,2.368,-0.826
1323+321,1994,1,201.5688016419,0.987,31.9026426768,0.953,-0.118
1324+574,1994,1,201.7107191221,2.579,57.2018748671,3.692,-0.643
1325+504,1994,1,201.8546847845,3.622,50.1469941061,6.359,0.558
1327+504,1994,1,202.2741782346,0.2,50.157333311,0.302,-0.411
1333+589,1994,1,203.8580353468,0.227,58.733414218,0.312,-0.438
1334-127,1994,170,204.4157615886,0.181,-12.9568592466,0.263,-0.166
1335+552,1994,1,204.4568426052,0.43,55.017254958,0.391,-0.241
1342+662,1994,3,205.9414980799,0.325,66.0404846662,0.287,0.105
1345+125,1994,1,206.8890068697,0.174,12.2900664902,0.347,-0.472
1347+539,1994,2,207.39440253,0.277,53.6880667597,0.402,-0.409
1349-439,1994,1,208.2355622194,0.558,-44.2112185869,0.52,-0.112
1351-018,1994,10,208.5287304862,0.226,-2.1008864127,0.415,-0.123
1354+195,1994,7,209.2684860425,0.283,19.3187145316,0.35,-0.214
1354-152,1994,1,209.2968539014,0.681,-15.4579966979,0.563,0.483
1357+769,1994,112,209.4807147907,0.072,76.7225141648,0.075,0.014
1402+044,1994,8,211.2546658956,0.252,4.2599496818,0.505,-0.251
1402-012,1994,1,211.191231173,0.748,-1.506097345,1.126,0.115
1406+564,1994,1,212.0539427173,0.486,56.2256902075,0.694,-0.696
1406-076,1994,1,212.2353385342,1.935,-7.8740736157,7.388,0.974
1409+218,1994,1,212.9785925849,0.883,21.5731768728,1.636,-0.179
1416+067,1994,1,214.7840832203,14.224,6.4763304015,4.979,0.171
1417+273,1994,1,214.9970709756,0.894,27.1070975812,1.576,-0.088
1418+546,1994,1,214.9441556507,0.197,54.3874409898,0.268,-0.514
1420+326,1994,1,215.6265790195,0.595,32.3862332798,0.857,-0.421
1424-418,1994,22,216.9845732443,0.272,-42.1053993766,0.35,0.9
1427+543,1994,1,217.3411615892,0.289,54.1030896897,0.394,-0.687
1430-178,1994,1,218.2403776948,1.868,-18.0264589506,10.041,0.9
1432+200,1994,1,218.6658059413,1.649,19.866871338,1.211,0.451
1435+638,1994,1,219.1908421858,0.204,63.6105184661,0.194,0.002
1435-218,1994,1,219.5394552766,1.153,-22.0818755218,4.084,0.873
1448+762,1994,1,222.1199135065,1.317,76.0198881966,1.038,-0.063
1451-375,1994,2,223.614207431,0.447,-37.7925401748,0.513,-0.302
1451-400,1994,5,223.6371348539,0.573,-40.209031879,0.496,-0.234
1454+510,1994,1,224.0338324087,1.57,50.8100836691,1.212,0.426
1459+480,1994,1,225.2027257748,0.508,47.8543163526,0.539,0.268
1502+036,1994,1,226.2769881225,0.516,3.4418923333,0.816,-0.044
1502+106,1994,2,226.1040824519,0.111,10.4942218587,0.198,0.014
1504+377,1994,3,226.5397081036,0.18,37.5142033928,0.181,0.052
1504-166,1994,1,226.7699454012,1.02,-16.8750744144,4.088,-0.906
1508+572,1994,6,227.5121766038,0.217,57.0453821821,0.313,-0.152
1510-089,1994,5,228.2105539774,0.291,-9.099952745,0.324,-0.255
1511-100,1994,2,228.4370560188,0.501,-10.2000735504,0.761,-0.142
1514+197,1994,1,229.2366509935,0.329,19.5369421444,0.358,-0.045
1514-241,1994,2,229.4242211875,0.541,-24.372076676,0.381,0.315
1519-273,1994,16,230.6569833421,0.262,-27.5029959934,0.29,-0.191
1543+517,1994,1,236.2617653015,0.168,51.5835758045,0.358,-0.11
1547+507,1994,2,237.3227857062,0.173,50.6349411159,0.306,0.073
1548+056,1994,20,237.64695519,0.169,5.4529022608,0.229,-0.175
1549-790,1994,1,239.2452910065,1.073,-79.2345225689,1.158,0.128
1550+582,1994,1,237.9925327149,0.544,58.1123482268,1.074,-0.207
1555+001,1994,1,239.4643082594,0.369,-0.0306707376,0.653,-0.13
1557+032,1994,4,239.8790526106,0.249,3.0800713088,0.412,-0.163
1600+335,1994,1,240.530264531,0.263,33.4480754552,0.409,0.02
1602+576,1994,1,240.9830482311,1.055,57.5151144757,1.22,-0.647
1603+573,1994,1,241.1556444387,0.303,57.2435166888,0.403,-0.503
1606+106,1994,168,242.192513251,0.113,10.4854932612,0.165,-0.116
1607+563,1994,1,242.0864676813,1.452,56.2323247171,2.901,-0.813
1610-771,1994,30,244.4553176912,0.28,-77.2884631249,0.293,0.222
1611+343,1994,70,243.4211010615,0.113,34.2133080731,0.145,0.028
1614+051,1994,8,244.1564867444,0.191,4.992426825,0.305,-0.289
1616+063,1994,1,244.7653655314,0.589,6.2172899438,1.513,-0.355
1619-680,1994,1,246.0768215014,1.643,-68.1534705779,5.409,-0.694
1622-253,1994,139,246.4453818291,0.244,-25.4606463831,0.428,0.023
1622-297,1994,2,246.5250866735,0.758,-29.8574918551,0.617,0.158
1623+569,1994,1,246.1340815536,0.421,56.8744447049,1.166,0.126
1623+578,1994,1,246.1033648449,0.138,57.6878557477,0.184,-0.425
1624+416,1994,1,246.4902905594,0.404,41.5779523873,0.562,0.174
1634+604,1994,1,248.906889985,5.206,60.3324218358,9.614,0.195
1637+574,1994,20,249.5560678829,0.157,57.3399941461,0.198,-0.007
1638+540,1994,1,249.9160122128,0.766,53.9630885674,1.141,0.55
1642+690,1994,9,250.5327021403,0.205,68.9443767522,0.242,0.035
1655+077,1994,1,254.5375477787,0.551,7.6909835296,0.485,-0.234
1656+053,1994,1,254.6393639889,0.158,5.2545677858,0.21,0.135
1656+477,1994,1,254.5115819548,0.559,47.6303421865,0.482,0.31
1656+571,1994,1,254.3362872481,0.351,57.0981954224,0.453,0.021
1657-261,1994,1,255.2214751214,0.573,-26.1810348237,0.503,0.136
1705+018,1994,10,256.8933969641,0.248,1.8126942838,0.373,-0.157
1705+456,1994,1,256.8239719793,1.079,45.602931648,1.232,0.515
1717+178,1994,1,259.8043686912,0.309,17.7517878143,0.646,-0.058
1721+589,1994,1,260.6530259385,2.839,58.9395164984,2.389,0.22
1722+526,1994,1,260.9156089772,1.244,52.6134432311,1.106,-0.709
1724+609,1994,1,261.1725627186,6.178,60.9321448928,8.896,-0.1
1726+455,1994,67,261.8652117068,0.13,45.5110364637,0.148,0.075
1726+552,1994,1,261.8477884868,0.475,55.1815380416,0.802,-0.519
1727+502,1994,1,262.0775988498,1.78,50.2195739982,2.954,0.111
1732+389,1994,1,263.5857437681,0.229,38.9642897195,0.17,-0.189
1734+508,1994,2,263.9541882083,0.141,50.819879364,0.232,0.082
1738+499,1994,2,264.8641272077,0.32,49.9176022956,0.31,-0.196
1739+522,1994,157,265.1540743424,0.121,52.1953909369,0.149,-0.019
1741-038,1994,186,265.9952339112,0.123,-3.8346157837,0.18,-0.113
1743+173,1994,1,266.3967007165,0.164,17.3337288163,0.226,-0.131
1745+624,1994,12,266.5584756145,0.188,62.4485384316,0.193,0.017
1749+096,1994,184,267.8867440486,0.111,9.6502023195,0.162,0.069
1749+701,1994,2,267.1368344784,0.549,70.0974357657,0.459,-0.159
1751+441,1994,2,268.3443663446,0.307,44.1626905446,0.248,0.194
1755+578,1994,1,269.0151180572,2.124,57.8133327147,1.748,0.141
1758+388,1994,2,270.1031889905,0.154,38.8085271105,0.152,-0.196
1800+440,1994,1,270.3846450217,0.269,44.0727502015,0.342,-0.188
1803+784,1994,88,270.1903496142,0.115,78.4677828742,0.12,0.068
1805+616,1994,1,271.5831073232,1.091,61.6884252855,1.327,-0.135
1806+456,1994,2,272.0911912664,0.236,45.705796217,0.279,-0.351
1809+568,1994,1,272.5138299267,0.506,56.8230467502,0.773,-0.64
1815+531,1994,1,274.2378004505,14.325,53.1290283631,5.156,0.053
1815+614,1994,1,273.9033012205,3.475,61.4532364607,2.827,0.339
1815-553,1994,8,274.93916507,1.026,-55.355762557,0.77,-0.772
1817+502,1994,1,274.627163423,0.566,50.2888176697,0.73,-0.303
1817-254,1994,1,275.2410361774,0.462,-25.4701623114,0.352,-0.047
1821+107,1994,2,276.0118969391,0.145,10.7399371114,0.259,-0.327
1823+568,1994,5,276.0294515536,0.139,56.850414066,0.153,0.015
1826+796,1994,2,275.80878525,0.19,79.646945017,0.186,-0.204
1830+285,1994,2,278.2091067251,0.225,28.5599875242,0.206,-0.193
1831-711,1994,3,279.3696458455,0.313,-71.1454317476,0.334,-0.195
1834+612,1994,1,278.8319802174,0.308,61.3277817283,0.57,-0.125
1839+548,1994,1,280.239074361,5.177,54.8710915605,10.134,0.897
1842+681,1994,2,280.640173315,0.402,68.1570076682,0.38,0.072
1849+670,1994,1,282.3169674654,0.243,67.0949113203,0.243,-0.136
1851+609,1994,1,282.9681736,14.039,61.0107620458,13.304,0.307
1908-201,1994,1,287.7902203624,0.368,-20.115307925,0.255,-0.169
1917+552,1994,1,289.5447918734,0.286,55.3440581823,0.366,-0.569
1921-293,1994,89,291.212733132,0.181,-29.2417002402,0.269,-0.195
1923+210,1994,2,291.4983556834,0.4,21.1072672045,0.475,0.106
1924+507,1994,1,291.5263403708,0.316,50.8825051175,0.77,-0.109
1926+087,1994,1,292.17023119,0.302,8.8134478554,0.576,-0.025
1926+611,1994,1,291.8768441108,0.207,61.2924664643,0.259,-0.454
1928+738,1994,1,291.9520636628,0.186,73.9671027736,0.216,0.127
1929+226,1994,1,292.8538198828,0.347,22.7253499015,0.44,-0.042
1932+106,1994,1,293.6459398608,0.478,10.7278792538,1.156,-0.289
1932+204,1994,1,293.7936371246,0.355,20.5317091755,0.642,0.127
1933-400,1994,1,294.317571847,1.181,-39.9670991806,1.671,0.485
1935-692,1994,1,295.1063669402,0.814,-69.132493802,3.837,0.566
1937-101,1994,2,294.988569014,0.4,-10.0448668793,0.291,-0.191
1943+546,1994,1,296.1313025577,0.9,54.8019619352,0.666,0.223
1947+079,1994,4,297.5230831656,0.325,8.1205502803,0.561,-0.107
1948+505,1994,1,297.4312180272,0.43,50.692214517,0.738,0.053
1950+573,1994,1,297.7790938402,1.671,57.4547712163,1.472,0.492
1951+355,1994,1,298.3786488497,0.749,35.6331557332,2.026,0.719
1954+513,1994,4,298.9280760483,0.177,51.5301516765,0.188,-0.418
1954-388,1994,1,299.4992468925,0.468,-38.7517656252,0.384,0.34
1955+335,1994,1,299.4189579383,1.427,33.6410952101,1.529,-0.255
1958-179,1994,88,300.2378768808,0.349,-17.8160201146,0.479,0.12
2005+403,1994,1,301.9372700657,1.434,40.4968345577,0.971,0.419
2005+642,1994,1,301.5737272926,0.278,64.4126161054,0.215,-0.139
2007+777,1994,23,301.3791606955,0.201,77.8786798467,0.174,-0.06
2009+611,1994,1,302.7053691461,0.258,61.2708769691,0.406,-0.343
2013+527,1994,1,303.8298679841,0.988,52.8999221251,1.051,0.61
2021+317,1994,2,305.8292389709,0.146,31.8839739194,0.191,-0.02
2021+614,1994,4,305.5278405501,0.123,61.6163346721,0.137,-0.096
2022+542,1994,1,305.9826832989,0.105,54.4599523511,0.19,-0.279
2023+503,1994,1,306.3540522638,0.611,50.4776488239,0.818,-0.02
2030+547,1994,2,307.9498270181,0.199,54.917539106,0.504,-0.066
2034+581,1994,1,308.8489671531,1.297,58.3552071273,1.071,-0.131
2037-253,1994,1,310.0365535288,0.94,-25.1296283547,0.659,-0.544
2046+535,1994,1,311.9741495556,1.558,53.7256660698,1.241,0.233
2051+745,1994,1,312.8905587015,1.435,74.6945829344,0.817,-0.669
2052-474,1994,1,314.0681670202,1.68,-47.2465635462,1.841,-0.414
2054+611,1994,1,313.9118260745,0.632,61.3668444353,1.349,-0.402
2054-377,1994,1,314.423347824,0.673,-37.5674971587,0.487,-0.415
2059+034,1994,1,315.4118089541,0.402,3.6920335123,0.431,0.076
2100+468,1994,1,315.5710675684,3.677,47.0378485127,2.916,-0.013
2101+600,1994,1,315.6675858492,17.981,60.2527307,11.887,0.755
2106-413,1994,1,317.3882849896,1.286,-41.1723900951,1.744,-0.418
2109-811,1994,1,319.1285241554,0.547,-80.8986735781,1.248,0.127
2113+293,1994,2,318.8725560247,0.193,29.5606574857,0.23,0.252
2115-305,1994,1,319.5441569975,2.058,-30.3198905382,1.652,-0.732
2121+053,1994,19,320.9354892264,0.261,5.5894702789,0.315,-0.215
2121+547,1994,1,320.7721380759,4.5,55.0075918911,7.381,-0.909
2126-158,1994,3,322.3007328221,0.148,-15.644733383,0.427,0.017
2128-123,1994,62,322.8969240158,0.25,-12.1179988178,0.376,-0.019
2145+067,1994,203,327.0227444567,0.114,6.9607233666,0.159,-0.003
2150+173,1994,1,328.10341406,0.701,17.5771652179,0.563,-0.579
2155-152,1994,1,329.5261747494,0.419,-15.0192581291,0.803,-0.579
2155-304,1994,1,329.7169379065,0.519,-30.2255885552,0.362,-0.319
2159+505,1994,1,330.4314051043,0.28,50.8156633119,0.283,-0.537
2201+315,1994,69,330.8123991227,0.123,31.760630561,0.16,0.161
2207+517,1994,1,332.3395286899,1.029,51.9671760301,1.112,0.471
2210-257,1994,1,333.2604081963,1.32,-25.4916892292,4.481,-0.888
2211-388,1994,1,333.6607066194,2.505,-38.5958365333,0.938,0.052
2216-038,1994,2,334.7168238238,0.102,-3.5935775865,0.227,-0.226
2227-088,1994,1,337.4170180133,0.339,-8.5484539176,1.081,-0.648
2229+695,1994,1,337.651957265,0.684,69.7744658089,0.591,0.136
2232-488,1994,1,338.8051524707,0.516,-48.5996650082,0.68,0.541
2234+282,1994,112,339.0936285397,0.164,28.4826147889,0.187,0.116
2238+512,1994,1,340.08282702,1.488,51.5532762507,1.507,-0.549
2243-123,1994,7,341.5759665128,0.134,-12.1142437304,0.24,0.157
2245-328,1994,1,342.1611905728,0.549,-32.5978299064,0.367,-0.275
2248+555,1994,1,342.6785459448,0.269,55.8373835171,0.4,-0.238
2253+417,1994,1,343.9029492737,0.249,42.0479256757,0.327,-0.007
2255-282,1994,82,344.5248452991,0.231,-27.9725713086,0.505,-0.272
2318+049,1994,1,350.1869025492,0.31,5.2305424885,1.588,-0.488
2319+272,1994,1,350.4994258569,1.12,27.5462342177,0.935,-0.604
2320+506,1994,1,350.6082588723,0.173,50.9644342776,0.263,-0.089
2326-477,1994,1,352.3237681166,0.449,-47.50530963,0.671,0.313
2328+107,1994,2,352.6702176817,0.293,11.0051969656,0.529,-0.148
2329-162,1994,1,352.911051897,0.321,-15.9491693007,0.289,-0.147
2331-240,1994,1,353.4801575087,0.518,-23.7279605207,0.348,-0.295
2335-027,1994,1,354.4889127915,3.107,-2.5160073374,16.987,-0.961
2337+264,1994,1,355.1209561817,0.133,26.6991124898,0.178,-0.049
2344+09A,1994,3,356.6534939073,0.445,9.5126431775,0.708,-0.436
2351+456,1994,1,358.5903344314,0.28,45.8845103057,0.286,-0.252
2351-154,1994,1,358.6258129891,1.173,-15.2197803123,4.299,-0.938
2352+495,1994,1,358.7894084102,0.496,49.8356500903,0.63,-0.428
2355-106,1994,12,359.5453433337,0.415,-10.3357253518,0.337,0.001
2356+385,1994,1,359.8882533388,0.532,38.8450884448,0.83,-0.272
