iers_name,year,num_ses,ra,ra_err,dec,dec_err,ra_dec_corr
0002+051,1995,1,1.3342312807,1.379,5.4030002615,1.471,-0.105
0002-478,1995,1,1.1485642651,0.702,-47.6054459341,1.11,0.619
0003-066,1995,2,1.5578870379,0.171,-6.3931488991,0.401,-0.429
0005+683,1995,1,2.139467229,11.303,68.6227910985,6.661,0.602
0008+704,1995,1,2.8829284001,0.15,70.7587849462,0.246,0.023
0008-264,1995,1,2.7551948467,0.652,-26.2092713036,0.388,0.13
0008-421,1995,1,2.71883497,9.173,-41.8863355946,9.306,-0.563
0009+081,1995,1,2.8969566668,0.765,8.3987742892,0.858,-0.051
0010+405,1995,1,3.3797090481,0.124,40.8603177223,0.182,-0.147
0013-005,1995,1,4.0462021369,1.643,-0.2534566412,8.242,-0.947
0014+813,1995,59,4.2853119707,0.11,81.5855934592,0.116,0.027
0016+731,1995,7,4.9407766191,0.112,73.4583381281,0.113,-0.032
0018+715,1995,1,5.261723793,0.712,71.8391030837,1.171,-0.548
0018+729,1995,1,5.3640633775,6.032,73.2116478953,4.894,0.098
0019+058,1995,2,5.6351718364,0.66,6.1345192532,0.456,-0.484
0026+048,1995,1,7.2649677582,1.595,5.1596854901,1.577,-0.514
0026+346,1995,1,7.3093435216,0.413,34.9422907848,0.386,0.281
0027+056,1995,1,7.4412345766,0.155,5.9113089696,0.338,-0.302
0027+703,1995,1,7.5600539929,0.119,70.6277946068,0.213,-0.008
0034+108,1995,1,9.3585058808,0.204,11.1641447435,0.401,-0.314
0040+098,1995,1,10.6848821426,0.405,10.1636686222,0.648,0.456
0047+023,1995,1,12.4301497608,0.138,2.6177161642,0.307,-0.32
0048-097,1995,127,12.672155751,0.147,-9.4847806127,0.23,-0.14
0051+679,1995,1,13.5734232259,0.571,68.1864379972,0.757,-0.111
0051+706,1995,1,13.573686967,0.309,70.8990605848,0.584,0.288
0057+678,1995,1,15.2152648952,1.084,68.1390375341,1.102,0.147
0059+581,1995,125,15.6906765599,0.079,58.4030935563,0.083,-0.062
0104-408,1995,61,16.6879498258,0.395,-40.5722112218,0.525,0.752
0106+013,1995,13,17.1615462891,0.283,1.583421493,0.328,-0.033
0106+678,1995,1,17.5536391983,0.919,68.0947829278,1.076,0.054
0108+388,1995,1,17.9054874761,0.155,39.1078067235,0.196,0.035
0109+224,1995,1,18.0242696395,0.423,22.7441070968,0.782,-0.172
0111+021,1995,2,18.4297705658,0.294,2.3714767823,0.52,-0.426
0116+319,1995,1,19.8958497172,28.08,32.1805648844,16.577,0.098
0118-272,1995,2,20.1319309949,0.945,-27.0235146712,2.042,-0.122
0119+041,1995,51,20.4869237344,0.095,4.3735373067,0.168,-0.242
0119+115,1995,2,20.4233126734,0.136,11.830670207,0.27,-0.373
0122+705,1995,1,21.5326815444,0.904,70.7812183482,2.038,-0.674
0127+084,1995,1,22.6151434393,0.239,8.7128257437,0.549,-0.497
0130+691,1995,1,23.6698325448,3.259,69.4196934184,2.262,0.643
0131-522,1995,1,23.2740107638,0.471,-52.0010963256,2.6,-0.069
0133+476,1995,2,24.2441449779,0.062,47.8580833728,0.066,0.007
0135-247,1995,2,24.4097767766,0.869,-24.5149681831,0.384,-0.262
0138-097,1995,2,25.3576341292,0.286,-9.4787983526,0.76,-0.751
0146+056,1995,1,27.3432121096,0.656,5.9315472795,1.362,0.244
0149+218,1995,1,28.0752465804,1.212,22.1188055202,1.964,0.675
0149+710,1995,1,28.357712731,1.056,71.2517952144,0.902,-0.212
0151+474,1995,1,28.7345411849,0.278,47.7240386223,0.251,0.005
0152+043,1995,1,28.7655231569,0.737,4.6417630091,1.196,-0.136
0153+744,1995,2,29.3956867915,0.237,74.7120083626,0.175,0.041
0159+034,1995,1,30.464619785,0.34,3.7192386918,0.804,-0.302
0159+723,1995,1,30.8891054277,0.762,72.548241152,0.849,0.438
0201+088,1995,2,31.1448303346,0.746,9.0636840502,1.04,-0.09
0201+113,1995,29,30.9444043899,0.207,11.5792804718,0.337,-0.069
0202+149,1995,57,31.2100579043,0.103,15.2364009512,0.125,-0.058
0202+319,1995,1,31.2705222496,0.256,32.2083599465,0.585,-0.271
0202-172,1995,4,31.2403097998,0.582,-17.0221778052,0.524,-0.098
0202-765,1995,1,30.5570537973,9.974,-76.3341815659,9.256,0.712
0208+106,1995,1,32.8049057491,0.264,10.8596663651,0.447,-0.14
0208-512,1995,29,32.6925017072,0.259,-51.0171921504,0.337,-0.027
0212+735,1995,4,34.3783892745,0.094,73.8257282609,0.114,0.099
0215+015,1995,3,34.4539781208,0.123,1.7471386495,0.272,-0.259
0216+011,1995,1,34.7792687731,0.118,1.3499627651,0.272,-0.374
0220-349,1995,3,35.7350068253,0.343,-34.6913140289,0.396,0.084
0221+067,1995,2,36.1184507827,0.193,6.9898171553,0.374,-0.57
0229+131,1995,88,37.9412252127,0.11,13.3818656337,0.155,-0.104
0230-790,1995,1,37.3956126689,0.62,-78.7960005755,0.473,0.177
0234+052,1995,1,39.3084922842,3.278,5.4472136807,3.219,-0.005
0234+285,1995,3,39.4683570213,0.169,28.8024972981,0.259,-0.453
0235+164,1995,14,39.662208767,0.161,16.6164651489,0.208,-0.142
0237+040,1995,2,39.9635960013,0.106,4.2726144265,0.24,-0.463
0237-027,1995,2,39.939467747,0.627,-2.5780320396,2.124,-0.337
0239+108,1995,1,40.6215452738,0.412,11.0168688639,0.429,-0.419
0246+061,1995,1,42.3250671007,0.104,6.331096551,0.224,-0.22
0251+785,1995,1,44.4690238448,6.278,78.7297396184,4.239,-0.642
0252+657,1995,1,44.2555958501,0.415,65.9431741029,0.612,0.104
0256+054,1995,1,44.7105264159,0.643,5.6855663399,1.162,-0.312
0256+075,1995,1,44.8628192442,0.286,7.7943452537,0.414,0.128
0258+011,1995,1,45.3483624133,1.127,1.3099994803,1.396,0.071
0258+058,1995,1,45.3904746431,0.201,6.040911759,0.4,-0.143
0259+121,1995,2,45.6272783217,0.397,12.3157646464,0.54,0.001
0259+681,1995,1,46.0916826057,0.174,68.3604096194,0.234,0.31
0300+470,1995,2,45.8968425635,0.202,47.2711876777,0.287,-0.021
0302+625,1995,3,46.6777479874,0.313,62.7172289004,0.377,-0.156
0302-623,1995,2,45.9609638975,0.353,-62.1904306476,0.461,0.169
0303+051,1995,1,46.450798374,0.643,5.3920912003,1.015,0.402
0307+380,1995,1,47.7078331908,0.935,38.2482881141,0.601,-0.395
0308-611,1995,7,47.4837464105,0.227,-60.9775156731,0.295,0.311
0309+411,1995,1,48.2581753191,0.392,41.3336621392,0.656,-0.009
0310+013,1995,1,48.1816801447,0.125,1.5548790678,0.297,-0.346
0312-770,1995,1,47.9802093538,2.191,-76.8641243317,0.961,0.618
0314+696,1995,1,49.841966898,4.593,69.8237825164,2.335,-0.155
0317+188,1995,1,49.963569787,0.215,19.0253584271,0.371,-0.534
0317+659,1995,1,50.6134531909,2.252,66.174529268,2.794,0.597
0319+121,1995,1,50.4712644767,0.47,12.3538761339,0.386,0.02
0320+015,1995,1,50.7911346617,0.233,1.7640298714,0.485,-0.056
0325+005,1995,1,51.9967313798,0.649,0.7396465018,0.799,0.124
0332+078,1995,1,53.7221528616,0.125,8.0040052682,0.276,-0.108
0332-403,1995,2,53.5568937398,0.527,-40.1403885168,0.514,-0.132
0338-214,1995,1,55.148366265,0.239,-21.3253257611,0.374,-0.097
0341+158,1995,1,56.0965505253,0.608,15.9953798939,0.924,-0.118
0348+049,1995,1,57.7258465973,5.273,5.1058854132,2.563,-0.347
0351+045,1995,1,58.6005371892,0.483,4.6853510099,1.066,-0.629
0355+055,1995,1,59.4421904017,0.768,5.7086826567,1.115,-0.043
0357+057,1995,1,60.0488973922,0.258,5.8453119076,0.457,0.081
0400+258,1995,1,60.7732751632,0.117,26.0004175611,0.192,-0.082
0402+682,1995,1,61.95485567,3.78,68.3587877561,2.661,-0.597
0402-362,1995,26,60.973957937,0.317,-36.0838647305,0.432,0.696
0403+064,1995,1,61.642947072,1.962,6.6208306925,2.018,-0.199
0403-132,1995,2,61.3916808393,0.497,-13.1371367561,2.081,0.386
0405-385,1995,1,61.7459803488,1.134,-38.4411227881,0.874,-0.876
0406+121,1995,1,62.3417029078,0.189,12.2944023414,0.418,-0.423
0406-127,1995,1,62.2740407108,0.74,-12.6467066604,0.528,0.22
0409+000,1995,1,63.1394016569,1.335,0.1801369319,3.487,0.104
0409+045,1995,1,63.159112922,0.914,4.6350101198,1.401,0.557
0411+054,1995,1,63.6573742036,5.699,5.5784460903,13.579,0.812
0414-189,1995,2,64.1522686592,0.418,-18.8523167062,0.31,-0.074
0420+022,1995,1,65.7175610557,0.108,2.324147675,0.239,-0.077
0420-014,1995,12,65.8158363229,0.205,-1.342518177,0.333,-0.429
0421+019,1995,1,66.0356751562,0.15,2.0736012798,0.353,-0.161
0422+004,1995,1,66.1951750956,0.127,0.6017581841,0.259,-0.056
0422-380,1995,1,66.176015427,0.574,-37.9391069808,0.834,0.65
0425+048,1995,1,66.9482105404,0.331,4.9523124838,0.692,-0.386
0430+289,1995,2,68.4076244361,0.137,29.0987435869,0.183,-0.249
0434-188,1995,3,69.2561779129,0.345,-18.7468368562,1.181,-0.001
0437-454,1995,3,69.7535610954,0.321,-45.3729339756,0.77,0.227
0438-436,1995,3,70.0715832625,0.253,-43.5523899593,0.571,0.2
0440+345,1995,5,70.881813339,0.096,34.6851844438,0.128,0.047
0441+106,1995,1,71.0519419888,1.354,10.713128785,3.223,-0.788
0442+071,1995,1,71.2559530126,0.558,7.264975995,1.215,-0.663
0444+634,1995,1,72.3471274768,0.193,63.5359539509,0.481,-0.202
0446+112,1995,1,72.281963094,0.51,11.3579436052,0.39,0.508
0446+113,1995,1,72.2100506025,0.792,11.4651024634,1.339,-0.73
0451-282,1995,1,73.31102811,0.951,-28.1270355267,0.872,-0.626
0454+039,1995,1,74.1965613672,0.303,4.014707399,0.764,0.506
0454+066,1995,1,74.2821247068,0.211,6.7520166782,0.403,0.179
0454-234,1995,127,74.2632467857,0.208,-23.4144500331,0.323,-0.118
0454-810,1995,1,72.5226671252,0.374,-81.0172864426,0.382,0.169
0457+024,1995,3,74.9668778173,0.397,2.4919933753,0.461,-0.574
0458+138,1995,2,75.4386284814,0.346,13.9353387768,0.568,0.088
0458-020,1995,127,75.3033745516,0.155,-1.9872934081,0.207,-0.158
0459+060,1995,2,75.5643580451,0.177,6.1520816618,0.331,0.01
0500+019,1995,1,75.8383189109,1.731,2.0512924632,4.595,0.943
0502+049,1995,1,76.3466030172,0.107,4.9952013555,0.219,0.0
0506+056,1995,1,77.3581852926,0.122,5.6931481351,0.291,-0.227
0506+101,1995,2,77.3644045616,0.733,10.1957223666,0.738,0.288
0507+179,1995,1,77.509871323,0.126,18.0115504938,0.198,-0.001
0509+011,1995,1,77.9900520886,1.247,1.1803986031,2.187,-0.414
0511+009,1995,1,78.4168021688,0.228,1.006015068,0.487,-0.135
0511-220,1995,2,78.4546428726,0.528,-21.9878033273,0.378,-0.338
0514+109,1995,1,79.194359438,0.201,10.9652186334,0.474,0.15
0515+067,1995,1,79.463933986,0.221,6.8008919059,0.413,-0.232
0516-621,1995,6,79.1871922224,0.279,-62.1181636472,0.461,-0.083
0517-726,1995,1,79.1571602055,1.929,-72.6187401601,0.932,-0.74
0519+011,1995,1,80.5727810193,0.227,1.2253295798,0.447,0.063
0521-365,1995,1,80.7416027945,0.583,-36.4585699401,0.935,0.194
0524+034,1995,1,81.8862726546,0.14,3.525421314,0.302,-0.27
0524-460,1995,2,81.3808337793,0.853,-45.9651905029,0.959,-0.036
0528+134,1995,116,82.7350697724,0.105,13.5319859769,0.153,-0.149
0528-250,1995,1,82.5331782157,0.327,-25.0583053214,0.587,0.067
0529+075,1995,1,83.1624935405,0.864,7.5453740522,1.07,0.101
0530-727,1995,14,82.3751759177,0.645,-72.7579188059,0.99,-0.334
0535+677,1995,1,85.3058209343,1.421,67.7564646564,1.843,0.24
0536+145,1995,1,84.9265250196,0.388,14.5626561502,0.468,-0.509
0537-441,1995,53,84.709839733,0.148,-44.0858164489,0.186,0.147
0539-057,1995,2,85.4086807856,0.14,-5.6970636655,0.329,-0.235
0542+112,1995,1,86.2174990861,8.127,11.3138683027,3.708,-0.086
0544+273,1995,1,86.8922871117,0.177,27.365789724,0.213,-0.525
0548+689,1995,1,88.5033618426,10.195,68.9651233522,7.151,0.928
0550+032,1995,1,88.2087562349,0.365,3.224234202,0.529,-0.204
0552+398,1995,141,88.8783567358,0.071,39.8136569479,0.084,-0.084
0554+242,1995,1,89.2696400037,0.162,24.2320274832,0.214,0.252
0556+238,1995,5,89.8834714644,0.15,23.8983130449,0.215,-0.116
0600+177,1995,1,90.7880427565,0.18,17.7046697405,0.305,-0.031
0602+096,1995,1,91.2921379785,0.492,9.6537812457,0.973,-0.055
0602+109,1995,1,91.2057069869,2.082,10.9278815215,1.306,0.004
0602+673,1995,2,91.9694650974,0.172,67.3487249658,0.228,0.12
0604+728,1995,1,92.7036344525,1.021,72.8147743411,0.761,0.222
0605-085,1995,3,91.9987468557,0.382,-8.5805496639,0.511,0.297
0607-157,1995,3,92.4206231478,0.394,-15.7112979787,0.23,-0.342
0609+607,1995,1,93.5994423791,0.247,60.7727099151,0.213,-0.213
0610+260,1995,1,93.4589130819,0.54,26.0768666648,0.372,-0.21
0611+131,1995,1,93.4903866752,0.401,13.1126112829,0.741,-0.058
0614+761,1995,1,95.3283052529,5.838,76.0845993138,2.814,-0.332
0620+389,1995,1,96.0792555987,0.271,38.9468709647,0.424,-0.347
0629-418,1995,1,97.7999921015,1.766,-41.9074850511,1.421,-0.547
0633+734,1995,1,99.8415051461,0.162,73.4161224332,0.22,0.457
0636+680,1995,3,100.5177393381,0.192,67.9765613335,0.204,0.001
0637-337,1995,1,99.8371027802,1.559,-33.7666976188,13.052,-0.66
0637-752,1995,34,98.9437830932,0.165,-75.2713376132,0.181,-0.01
0642+449,1995,59,101.6334416474,0.126,44.8546083821,0.143,-0.084
0648-165,1995,3,102.6024242853,0.319,-16.627702008,1.219,0.272
0650+371,1995,1,103.49284482,0.552,37.0946128675,0.469,0.508
0655+696,1995,1,105.2775687938,1.86,69.6081710121,1.451,-0.157
0656+082,1995,1,104.8249835167,0.138,8.2252648694,0.297,-0.391
0657+172,1995,2,105.0063564746,0.197,17.1560282783,0.291,-0.353
0707+476,1995,1,107.6921037754,0.106,47.5364284666,0.108,-0.016
0716+714,1995,3,110.4727020678,0.165,71.3434342896,0.189,-0.013
0718+042,1995,1,110.3496250063,0.266,4.1122816805,0.541,0.134
0722+032,1995,1,111.2017038138,0.601,3.1403026953,1.36,-0.142
0723-008,1995,1,111.4609997706,0.106,-0.9157066103,0.228,0.027
0727-115,1995,146,112.5796352986,0.139,-11.6868335299,0.176,-0.116
0731+050,1995,1,113.4894161692,0.193,4.9373604052,0.438,-0.191
0732+755,1995,1,114.8049809682,2.606,75.4632530491,2.706,0.108
0733+016,1995,1,113.9943110722,1.612,1.5010107406,1.382,0.488
0733+646,1995,1,114.4957528277,1.921,64.5120401242,1.292,-0.247
0735+178,1995,10,114.530807268,0.144,17.7052773089,0.164,0.056
0735+674,1995,1,115.2224930074,3.454,67.3189526323,6.417,0.867
0736+017,1995,2,114.8251412924,0.236,1.61794951,0.349,-0.155
0738+313,1995,2,115.2945971382,0.181,31.2000635231,0.275,-0.171
0738+491,1995,1,115.5114540035,0.212,49.0043358637,0.192,-0.102
0738-674,1995,3,114.7354010155,0.293,-67.597451632,0.385,0.071
0740+767,1995,1,116.8108648795,0.199,76.6547976727,0.268,0.437
0742+103,1995,5,116.3877481126,0.127,10.1868588107,0.224,-0.598
0742+792,1995,1,117.6802796072,18.78,79.1547203892,7.911,-0.332
0743+744,1995,1,117.3435695006,0.254,74.3448868449,0.457,0.485
0743-006,1995,1,116.4753430018,0.152,-0.7382055968,0.381,-0.306
0749+540,1995,24,118.2557691062,0.073,53.8832325211,0.074,-0.021
0752+639,1995,1,119.2275435481,0.287,63.7997324063,0.6,0.106
0754+100,1995,2,119.2776790169,0.318,9.9430145221,0.258,0.106
0755+117,1995,1,119.5319068358,8.793,11.6127918613,3.617,-0.282
0759+641,1995,1,120.967331916,2.86,64.0539912543,3.918,-0.826
0801+044,1995,1,120.9851849314,0.755,4.3507615044,1.898,-0.591
0802+733,1995,1,122.0687145856,0.335,73.2533306334,0.533,-0.079
0804+499,1995,109,122.1652762371,0.094,49.8434806941,0.106,-0.029
0805+046,1995,1,121.9897441058,0.355,4.5429251683,0.575,0.005
0805+410,1995,22,122.2360501965,0.079,40.879135798,0.087,0.07
0805-077,1995,2,122.064733531,0.307,-7.8527462347,0.305,-0.336
0808+019,1995,2,122.8612804177,0.1,1.781172344,0.208,-0.126
0814+425,1995,1,124.5666650663,0.261,42.3792819156,0.252,-0.232
0818-128,1995,3,125.2393650533,0.605,-12.9831027662,1.065,-0.573
0820+560,1995,4,126.1968180786,0.171,55.8785192879,0.154,0.032
0821+621,1995,1,126.4108837909,0.369,61.9579386337,0.322,0.533
0823+033,1995,63,126.4597431801,0.099,3.1568111385,0.176,-0.235
0823-500,1995,1,126.3619463037,16.945,-50.1773495694,21.931,-0.951
0826-373,1995,2,127.0199175907,0.275,-37.5184114387,0.734,0.104
0829+046,1995,1,127.9536540231,0.104,4.4941905385,0.21,0.026
0829+108,1995,1,128.160321524,0.668,10.6721264556,1.331,-0.403
0830+040,1995,1,128.328804312,0.369,3.8423197948,0.829,-0.173
0830+115,1995,1,128.3098611965,0.298,11.3933988104,0.552,0.38
0831+557,1995,1,128.728766322,0.632,55.5725196918,0.404,-0.117
0833+585,1995,1,129.3433736939,0.207,58.417179196,0.168,0.014
0836+710,1995,1,130.3515222138,0.135,70.8950480711,0.179,0.411
0837+012,1995,1,129.9567125447,0.171,1.0740934876,0.36,0.042
0837+035,1995,1,129.954982613,0.208,3.3316274437,0.376,-0.288
0839+687,1995,1,130.9545990916,8.242,68.5547646195,3.066,-0.744
0842+048,1995,1,131.3214321718,2.265,4.663154052,1.796,0.546
0848+089,1995,1,132.8684396361,3.807,8.754253382,3.436,0.361
0850+625,1995,1,133.7107345164,0.796,62.3139418542,0.964,-0.088
0851+071,1995,1,133.4507917936,0.576,6.9131212323,0.983,0.535
0859+470,1995,1,135.7666254188,0.112,46.8511493461,0.141,-0.088
0859+681,1995,1,135.9714796269,0.129,67.9563017111,0.226,0.455
0903+684,1995,1,136.9706100237,0.745,68.262477927,0.805,0.335
0906+015,1995,2,137.2920483786,0.548,1.3598938333,0.789,0.399
0907+022,1995,1,137.4160328678,0.718,2.0014629811,1.379,-0.504
0912+297,1995,1,138.9683398827,0.424,29.5566787449,0.653,-0.475
0913+786,1995,1,139.9689940839,3.343,78.4240449096,3.639,0.696
0917+624,1995,2,140.4009628635,0.082,62.2644945223,0.085,0.161
0919-260,1995,33,140.3723078886,0.251,-26.3120516855,0.647,-0.042
0920+390,1995,21,140.8102206361,0.245,38.8277527946,0.322,-0.013
0920-397,1995,10,140.6934092729,0.53,-39.9930743016,1.171,0.103
0922+005,1995,1,141.2825626798,0.22,0.3205372672,0.507,0.254
0925+745,1995,1,142.7240943734,1.048,74.3349752449,1.131,-0.345
0928+008,1995,1,142.7177231488,0.268,0.5830392719,0.66,-0.409
0932+075,1995,1,143.7544819407,2.775,7.321832161,5.04,0.702
0932+094,1995,1,143.8068392248,0.435,9.2521757078,0.814,-0.232
0943+105,1995,1,146.6461247614,0.17,10.2850371838,0.373,0.005
0945+408,1995,1,147.2305758124,0.116,40.662385267,0.181,-0.428
0950+748,1995,1,148.6976759489,1.317,74.5992070908,0.939,0.151
0954+658,1995,6,149.696854693,0.126,65.5652272329,0.131,-0.102
0955+476,1995,103,149.581965264,0.101,47.4188451231,0.103,-0.065
0959+105,1995,1,150.4905623759,0.54,10.2638068365,1.851,-0.361
1000+125,1995,1,150.7201883182,4.995,12.2707189679,3.545,0.698
1004+141,1995,6,151.9229087343,0.17,13.9415557015,0.321,0.009
1005+066,1995,1,152.0034007078,0.14,6.3558933106,0.316,-0.412
1013+054,1995,1,154.0130686197,0.115,5.2173169865,0.256,-0.249
1013+127,1995,1,153.9334308467,0.12,12.4519639074,0.254,-0.33
1015+057,1995,1,154.6160345146,0.098,5.5083228101,0.228,-0.262
1020+400,1995,1,155.7981902736,0.119,39.8042736941,0.176,-0.483
1022+194,1995,1,156.1867066719,0.133,19.2056708548,0.222,-0.049
1025+031,1995,1,157.0850052965,0.216,2.9229088742,0.557,-0.537
1027+749,1995,1,157.8417669782,0.678,74.6995404011,1.046,0.597
1032-199,1995,2,158.7589805365,0.586,-20.1928777473,0.369,0.164
1034-293,1995,59,159.3169989361,0.2,-29.5674481939,0.257,-0.166
1036+054,1995,1,159.6949161872,0.102,5.2080794622,0.242,-0.303
1038+064,1995,3,160.3215105037,0.175,6.1713675327,0.333,-0.232
1038+52A,1995,10,160.4449235106,0.168,52.5578419513,0.212,0.141
1038+52B,1995,2,160.4537404405,0.641,52.5654468097,0.659,-0.212
1043+066,1995,1,161.4697220601,0.205,6.4101254925,0.517,-0.647
1044+719,1995,57,162.1150830503,0.083,71.7266495428,0.08,0.0
1045+011,1995,1,162.0322689853,0.607,0.928745063,1.012,-0.535
1045+019,1995,1,162.095282741,2.35,1.6966976733,2.84,0.71
1045-188,1995,2,162.0275859042,0.371,-19.1599239485,1.188,0.458
1048-313,1995,1,162.7699061562,0.656,-31.6373080642,2.14,0.318
1049+215,1995,1,162.9532878411,0.086,21.3311983732,0.138,-0.088
1053+704,1995,3,164.2234063773,0.231,70.1960877517,0.326,0.182
1053+815,1995,11,164.5480641626,0.218,81.24240973,0.194,0.16
1055+018,1995,1,164.6233550627,0.313,1.5663397265,0.505,-0.208
1057-797,1995,22,164.6804575064,0.335,-80.0650443437,0.261,0.221
1058+629,1995,1,165.4727118571,0.289,62.6973905761,0.562,0.47
1058+726,1995,1,165.4533559059,0.141,72.426977331,0.281,0.27
1100+798,1995,1,166.0231691189,13.997,79.5480441596,7.322,0.919
1101+384,1995,2,166.1138081326,0.124,38.208833062,0.178,-0.208
1101-536,1995,7,165.9675903672,0.249,-53.9501934444,0.415,0.243
1104+728,1995,1,166.9238336239,3.432,72.5433349328,3.371,-0.122
1104-445,1995,25,166.7862254703,0.382,-44.8187829287,0.381,-0.518
1113+087,1995,1,169.041555796,0.274,8.4894534705,0.543,-0.462
1116+128,1995,2,169.7387560422,0.131,12.5782550578,0.245,0.234
1117+044,1995,1,169.9284342479,0.213,4.1744241931,0.404,0.098
1118+073,1995,1,170.160182871,3.121,7.0797706668,3.546,0.881
1123+264,1995,2,171.4737996751,0.262,26.1722160644,0.377,-0.095
1124-186,1995,16,171.7683017983,0.204,-18.9548449808,0.243,-0.389
1125+596,1995,1,172.0555861935,0.362,59.4207774416,0.296,0.108
1127-145,1995,1,172.5293859063,0.367,-14.8242745335,0.236,-0.117
1128+385,1995,98,172.7220109468,0.108,38.2551519261,0.135,-0.049
1130+009,1995,3,173.3335659584,0.291,0.6813437768,0.635,-0.475
1131+730,1995,1,173.5475328961,0.637,72.8222371196,1.412,0.686
1136+771,1995,1,174.964744793,0.201,76.9089851682,0.369,0.385
1138+644,1995,1,175.3009510499,0.72,64.1681960482,0.94,-0.185
1140+668,1995,1,175.9233462232,0.541,66.5586747092,0.852,0.391
1142+052,1995,1,176.3388135603,1.044,4.9240804967,1.569,0.78
1143-245,1995,2,176.5337640824,1.121,-24.7924712107,1.47,0.224
1144-379,1995,44,176.7557112994,0.208,-38.203062102,0.235,0.476
1145-071,1995,7,176.9648085787,0.245,-7.4114280888,0.374,0.024
1150+095,1995,1,178.3023005143,0.421,9.2339660171,0.828,-0.088
1150+812,1995,1,178.3020797078,0.084,80.9747651797,0.09,-0.074
1151+102,1995,1,178.4521974372,0.303,9.9319135451,0.735,-0.629
1156+295,1995,4,179.882641361,0.101,29.2455074847,0.176,-0.19
1156-094,1995,2,179.8029659028,0.447,-9.6811245624,0.71,-0.153
1200+068,1995,1,180.7542193218,1.231,6.5782054012,1.036,0.408
1204+057,1995,1,181.7417780514,0.703,5.4978464229,1.753,0.514
1204+124,1995,1,181.8026022865,0.291,12.1960687997,0.504,0.004
1212+087,1995,1,183.7496382537,0.975,8.4895881397,1.215,0.307
1213+350,1995,1,183.9816710569,0.176,34.8042278519,0.207,-0.079
1213-172,1995,3,183.9447990779,0.268,-17.5292786472,0.424,0.238
1216+487,1995,1,184.7767281346,0.258,48.4989346494,0.26,0.086
1217+023,1995,1,185.0495190419,0.474,2.0617289504,0.655,0.243
1217+713,1995,1,185.0151196144,2.963,71.0919819009,1.821,0.199
1219+044,1995,110,185.5939567811,0.14,4.2210489079,0.218,-0.18
1219+285,1995,3,185.3820438297,0.347,28.2329166912,0.271,-0.269
1221+071,1995,1,185.9776007388,3.984,6.8340488314,4.463,0.683
1221+809,1995,1,185.9187241965,0.121,80.6678723162,0.12,-0.124
1226+373,1995,3,187.1975987724,0.335,37.1033598033,0.399,-0.383
1226+638,1995,1,187.2751085242,1.809,63.583605482,2.597,0.03
1228+045,1995,1,187.8649410311,1.013,4.3005249113,0.989,0.107
1235+076,1995,1,189.5101901947,0.185,7.3893937208,0.367,0.013
1236+049,1995,1,189.8864818937,0.186,4.7181203937,0.409,-0.219
1236+077,1995,1,189.8524513042,0.151,7.5047746627,0.298,-0.163
1236-684,1995,1,189.9443808552,0.586,-68.7585813267,0.51,0.1
1237-101,1995,1,189.9294227769,1.352,-10.3913037521,0.709,0.077
1238+702,1995,1,190.1445856561,1.447,69.9751725812,6.222,0.069
1240+381,1995,1,190.714037449,0.674,37.8500068846,0.427,-0.461
1241+749,1995,1,190.9376401549,1.278,74.7103095679,1.705,0.235
1243-072,1995,2,191.5176338699,0.475,-7.5129372326,1.921,0.199
1244-255,1995,3,191.6950084753,0.348,-25.7970247887,1.391,0.231
1251-407,1995,1,193.4980606632,8.767,-40.9918591778,4.656,-0.318
1255-316,1995,11,194.4960867672,0.383,-31.9213477503,0.506,-0.55
1257+123,1995,1,195.0080785652,0.581,12.1061442471,0.845,-0.307
1300+580,1995,19,195.7186053843,0.099,57.810447021,0.107,-0.039
1300+693,1995,1,195.658019923,1.336,69.0476671774,2.611,0.485
1302-102,1995,2,196.3875626259,0.361,-10.5553969405,1.52,0.305
1304+791,1995,1,196.2500591221,1.566,78.9099445151,1.827,-0.281
1307+121,1995,2,197.3913852177,0.168,11.9068201168,0.334,0.049
1308+326,1995,142,197.6194326975,0.081,32.3454952237,0.1,-0.094
1308+328,1995,3,197.7475114542,0.252,32.5595692503,0.35,-0.424
1313-333,1995,3,199.0332748088,0.252,-33.6497701442,0.813,0.24
1317+019,1995,1,200.1116452445,0.194,1.6768920665,0.431,0.104
1320-446,1995,1,200.7676982093,15.238,-44.8760711866,16.713,-0.843
1324+224,1995,2,201.7535888813,0.288,22.1806008781,0.523,-0.221
1334-127,1995,122,204.4157616243,0.14,-12.956859278,0.195,-0.128
1334-649,1995,1,204.468518918,7.285,-65.1569168537,3.487,-0.382
1337+637,1995,1,204.8490960931,0.749,63.4828958737,0.854,0.407
1341+691,1995,1,205.752305695,1.417,68.9214346764,10.069,-0.067
1342+662,1995,2,205.9414983726,0.282,66.04048467,0.31,0.182
1342+663,1995,3,206.0361652018,0.181,66.1032343783,0.281,0.163
1347+099,1995,1,207.5922334463,1.051,9.6696264699,1.079,0.383
1347+539,1995,1,207.3944026823,0.166,53.6880667304,0.173,-0.096
1349-439,1995,1,208.2355618949,1.361,-44.2112185654,3.617,-0.271
1351-018,1995,26,208.5287304936,0.23,-2.1008863222,0.417,-0.005
1352+757,1995,1,208.3465335027,0.497,75.5493708023,0.564,0.529
1356+022,1995,1,209.8631221982,0.182,1.998489916,0.399,-0.576
1357+769,1995,118,209.4807148156,0.098,76.7225141658,0.098,-0.015
1402+044,1995,5,211.25466589,0.124,4.2599497763,0.276,-0.249
1406+787,1995,1,211.6523631157,0.608,78.4695568707,0.791,-0.36
1406-076,1995,1,212.2353383057,0.371,-7.8740740241,0.232,-0.15
1407+691,1995,1,212.0794814155,1.411,68.9141187538,1.679,0.111
1408+077,1995,1,212.646147313,0.784,7.5226359954,1.154,-0.585
1413+135,1995,2,213.995072919,0.252,13.3399202308,0.362,-0.302
1416+067,1995,1,214.7840836863,1.107,6.4763342152,1.449,-0.001
1417+385,1995,2,214.9442240138,0.284,38.3634653194,0.311,-0.228
1418+546,1995,1,214.9441560125,0.268,54.3874409191,0.404,0.16
1421+122,1995,1,215.8754313106,82.493,11.9975622941,61.419,-0.963
1424-418,1995,16,216.9845732791,0.329,-42.1053992662,0.623,0.253
1427+109,1995,1,217.54057831,0.116,10.7241283164,0.24,0.045
1432+200,1995,1,218.6658057005,0.201,19.8668709967,0.301,0.002
1433+304,1995,1,218.8975090364,0.498,30.2068109684,0.635,-0.202
1435+638,1995,1,219.1908422172,0.16,63.6105183911,0.197,0.463
1436+763,1995,1,218.9462653806,10.941,76.0905165266,25.204,0.689
1440+635,1995,1,220.4944553599,2.998,63.3092882489,3.541,0.86
1442+637,1995,1,220.9941700687,0.208,63.5406569725,0.289,0.269
1445-161,1995,2,222.0627254541,0.894,-16.3401524467,1.242,-0.157
1446+042,1995,1,222.2098379649,1.687,4.038858956,2.059,0.645
1448+093,1995,1,222.6298706558,0.218,9.1744320131,0.465,-0.389
1448+762,1995,1,222.1199133808,0.568,76.0198881428,0.456,0.489
1451-375,1995,1,223.6142069986,6.377,-37.7925403126,0.57,-0.011
1451-400,1995,8,223.637134876,0.415,-40.2090318035,0.614,-0.1
1455+080,1995,1,224.4088696497,0.195,7.8318652939,0.381,-0.047
1456+044,1995,1,224.7473175408,0.103,4.2705057311,0.234,-0.318
1459+480,1995,1,225.2027259143,0.174,47.8543161513,0.186,-0.327
1502+036,1995,1,226.2769881839,0.071,3.4418923072,0.165,-0.156
1502+106,1995,1,226.104082513,0.229,10.4942217457,0.35,-0.267
1504-166,1995,4,226.769945611,0.302,-16.8750742641,0.633,-0.402
1508+572,1995,9,227.512176531,0.162,57.0453821794,0.208,0.053
1510-089,1995,4,228.2105539298,0.143,-9.0999526444,0.328,-0.133
1511-100,1995,2,228.4370560228,0.603,-10.2000728265,1.554,0.198
1514+004,1995,1,229.167579442,0.084,0.250530237,0.196,-0.27
1514-241,1995,7,229.4242214302,0.242,-24.3720766224,0.401,-0.058
1518+045,1995,1,230.3439316064,2.165,4.34170363,4.909,0.92
1518+046,1995,1,230.3100807687,2.415,4.5060166427,3.539,0.553
1519-273,1995,3,230.6569833216,0.298,-27.502996088,1.37,0.434
1522+113,1995,1,231.262225102,1.35,11.1289056185,2.545,-0.173
1526+670,1995,1,231.6786425704,0.377,66.8485115587,0.424,0.684
1531+722,1995,1,232.8899103492,0.379,72.1114519401,0.346,0.414
1532+016,1995,1,233.7185569731,0.252,1.5178352644,0.543,-0.594
1535+004,1995,1,234.566471129,0.374,0.3181456255,0.55,0.055
1538+149,1995,2,235.2062145504,0.366,14.7960789417,0.299,-0.191
1541+050,1995,1,235.8913586042,9.011,4.8720361331,20.338,0.918
1542+042,1995,1,236.247613775,0.899,4.1295434797,1.521,-0.275
1543+005,1995,1,236.539714424,0.15,0.4401705114,0.324,0.01
1546+027,1995,4,237.3726534836,0.146,2.6169897907,0.273,-0.011
1548+056,1995,1,237.6469551241,0.462,5.4529023461,0.421,0.495
1549-790,1995,2,239.2452924972,0.668,-79.2345225031,0.492,0.435
1553+113,1995,1,238.9293500639,0.241,11.1901016103,0.495,-0.037
1557+032,1995,5,239.8790525719,0.307,3.0800715279,0.692,-0.197
1600+335,1995,1,240.530264469,0.149,33.448075645,0.214,-0.512
1600+43A,1995,1,240.4185163643,1.171,43.2799324506,1.369,-0.012
1600+43B,1995,1,240.4188142637,1.146,43.2795767228,3.098,0.284
1601+112,1995,1,240.9247135456,0.157,11.0968551586,0.379,-0.047
1604-333,1995,1,241.894842873,1.592,-33.5191428176,0.536,0.006
1606+106,1995,130,242.1925132316,0.121,10.4854932636,0.158,-0.186
1610-771,1995,30,244.4553182562,0.2,-77.2884631442,0.209,0.046
1611+343,1995,49,243.4211010286,0.126,34.2133080608,0.169,-0.143
1614+051,1995,7,244.1564866951,0.234,4.9924268667,0.444,-0.112
1615+029,1995,1,244.4579504835,0.114,2.7786402919,0.241,-0.052
1616+063,1995,1,244.7653654714,0.168,6.2172895183,0.364,-0.448
1621+078,1995,1,245.9927156415,6.024,7.6918179549,10.782,0.817
1622+665,1995,1,245.7688401355,0.36,66.4002996665,0.59,0.24
1622-253,1995,105,246.4453818341,0.169,-25.4606463984,0.235,0.199
1622-297,1995,5,246.5250868791,0.368,-29.857492073,0.621,0.38
1624+416,1995,2,246.4902905462,0.187,41.5779526363,0.222,-0.032
1637+574,1995,3,249.556067776,0.175,57.3399941055,0.12,-0.025
1638+124,1995,1,250.1997451634,0.233,12.33391082,0.404,-0.314
1641+074,1995,1,251.0680404376,1.236,7.3427108516,3.173,-0.686
1642+690,1995,3,250.5327020553,0.121,68.9443768198,0.153,0.132
1645+635,1995,1,251.4939695885,0.438,63.5030340547,0.637,0.417
1646+042,1995,1,252.3653310913,0.469,4.2011075639,0.887,-0.718
1647+065,1995,1,252.4603807962,0.993,6.4481802666,0.876,0.335
1647-296,1995,1,252.6647672842,0.836,-29.7297098965,1.147,-0.107
1648+015,1995,1,252.7652598756,0.149,1.4898496636,0.355,-0.511
1648+084,1995,1,252.656512088,5.204,8.4145067125,7.713,-0.068
1649+063,1995,1,253.0058337437,0.457,6.3153760296,0.901,-0.444
1656+053,1995,1,254.6393639015,0.552,5.2545676877,0.59,0.399
1657-261,1995,3,255.2214751554,0.713,-26.1810344956,2.359,-0.866
1700+685,1995,1,255.038720283,3.463,68.5019340477,4.162,-0.279
1705+018,1995,3,256.8933969576,0.127,1.8126940879,0.299,-0.186
1705+456,1995,1,256.8239725745,0.248,45.6029311802,0.227,-0.154
1706+006,1995,1,257.1860311742,1.39,0.5859760507,2.841,-0.805
1706-174,1995,4,257.3931058499,0.336,-17.4814902379,0.833,-0.186
1716+686,1995,1,259.0580750477,0.142,68.6107623959,0.252,0.28
1717+083,1995,1,259.967525872,0.094,8.2843205059,0.224,0.016
1718-649,1995,1,260.9209579546,0.65,-65.0101702354,1.045,0.2
1725+044,1995,3,262.1039696105,0.151,4.4513650315,0.3,-0.317
1725+123,1995,1,262.0293800336,0.085,12.2609682704,0.194,-0.215
1726+455,1995,98,261.8652116796,0.129,45.5110364354,0.143,-0.038
1726+769,1995,1,260.9976879311,0.178,76.8865421614,0.262,0.493
1732+094,1995,1,263.7432374135,0.306,9.4495166608,0.468,-0.195
1733-565,1995,1,264.3990448859,6.054,-56.5675430721,2.493,0.853
1734+063,1995,1,264.3072043115,0.092,6.3509922931,0.201,-0.191
1734+363,1995,1,263.9503611562,0.424,36.2793365016,0.355,-0.092
1734+508,1995,1,263.95418796,0.533,50.8198788884,1.29,0.652
1738+476,1995,2,264.9880377966,0.127,47.632878213,0.149,-0.233
1738+499,1995,1,264.8641268747,0.317,49.9176021883,0.285,0.006
1739+522,1995,33,265.1540743213,0.103,52.1953909638,0.105,0.05
1741-038,1995,138,265.9952339025,0.114,-3.8346157928,0.15,-0.156
1743+173,1995,2,266.3967007049,0.138,17.3337287682,0.267,0.205
1745+624,1995,58,266.5584755276,0.138,62.4485384032,0.154,0.105
1749+096,1995,130,267.8867440552,0.124,9.650202337,0.172,-0.041
1749+701,1995,3,267.1368345289,0.247,70.0974357503,0.314,-0.316
1751+288,1995,2,268.4269734273,0.203,28.8013719661,0.358,0.061
1753+648,1995,1,268.5316240271,1.229,64.8673975245,2.256,-0.172
1758+388,1995,3,270.1031890005,0.175,38.8085271156,0.194,-0.099
1758-651,1995,3,270.8479025903,0.354,-65.1268781501,0.667,-0.003
1801+010,1995,1,271.0666024038,0.577,1.0256687232,0.856,-0.039
1803+784,1995,22,270.1903495574,0.091,78.4677828818,0.097,-0.014
1805+616,1995,1,271.5831087746,2.366,61.6884247264,0.91,0.163
1811+062,1995,1,273.3892151388,0.538,6.2616760664,1.088,-0.583
1814-637,1995,1,274.89584396,0.798,-63.7633895988,4.648,0.079
1815+614,1995,1,273.9032962235,5.987,61.4532339133,3.746,0.568
1815-553,1995,16,274.9391647136,1.23,-55.3557626594,0.832,-0.415
1817-254,1995,2,275.2410361357,0.382,-25.4701625093,0.865,-0.589
1821+107,1995,1,276.0118968418,0.655,10.7399374182,0.447,0.278
1822+682,1995,1,275.497887639,4.319,68.3119487046,3.803,0.614
1823+568,1995,3,276.029451529,0.079,56.8504140467,0.088,-0.048
1823+689,1995,1,275.8868912347,0.129,68.964614654,0.292,0.205
1827+062,1995,1,277.5247494304,0.242,6.3210978896,0.526,-0.595
1827+645,1995,1,277.0410732022,0.944,64.5711204095,1.113,0.519
1830+074,1995,1,278.1749545473,0.421,7.5319789518,1.229,-0.789
1835+064,1995,1,279.5954666306,1.637,6.4690859987,4.441,-0.172
1836+040,1995,1,279.7034542409,1.844,4.0735192709,1.806,-0.336
1842+681,1995,2,280.6401735461,0.097,68.157007718,0.132,0.004
1843+400,1995,1,281.2963808081,1.59,40.1309937709,1.939,-0.436
1844+081,1995,1,281.8027516178,0.284,8.1764966435,0.5,0.219
1849+670,1995,2,282.3169676578,0.086,67.0949111083,0.103,0.033
1904+013,1995,1,286.7999890805,3.739,1.4524971275,4.106,0.452
1908-201,1995,3,287.7902203756,0.301,-20.1153080688,0.246,-0.24
1915+657,1995,1,288.8492461727,0.747,65.8128847616,1.344,-0.06
1920-211,1995,1,290.884124286,0.623,-21.0759251276,4.05,0.309
1921-293,1995,109,291.2127331495,0.158,-29.2417002731,0.222,-0.07
1923+210,1995,1,291.4983556286,0.152,21.1072672055,0.201,0.224
1926+050,1995,1,292.3331168819,1.448,5.1326641568,2.648,-0.385
1926+087,1995,1,292.1702311147,0.447,8.8134480773,0.697,-0.44
1928+738,1995,1,291.9520633106,0.08,73.9671026369,0.138,0.215
1929+226,1995,2,292.8538199444,0.166,22.7253496559,0.258,-0.008
1932+204,1995,1,293.7936371449,0.248,20.5317093881,0.466,-0.458
1933+655,1995,1,293.4889049331,0.158,65.6713412316,0.323,0.211
1935-692,1995,3,295.106367323,0.626,-69.1324921245,1.182,0.337
1936+046,1995,1,294.627790045,0.482,4.8032253691,1.003,-0.751
1936+714,1995,1,294.0148364485,0.236,71.5254960109,0.4,0.607
1936-155,1995,2,294.8610738947,0.22,-15.4286273797,0.289,-0.213
1937-101,1995,1,294.9885688029,0.485,-10.0448670944,1.3,0.134
1942+097,1995,1,296.3163449523,0.289,9.883211956,0.836,0.11
1946+708,1995,1,296.472999575,1.145,70.9302033933,1.234,0.348
1947+079,1995,1,297.5230828585,0.139,8.12055079,0.265,-0.064
1950+727,1995,1,297.3967964694,1.075,72.878602175,2.44,-0.191
1951+355,1995,1,298.3786485682,0.742,35.6331549776,0.961,0.24
1954+513,1995,1,298.9280759755,0.087,51.5301516934,0.086,-0.071
1954-388,1995,29,299.4992470147,0.178,-38.7517655381,0.187,-0.069
1958+103,1995,1,300.294347659,1.384,10.4661436015,1.413,-0.493
1958-179,1995,39,300.2378768381,0.116,-17.8160201532,0.303,-0.091
1959+650,1995,1,299.9993836223,0.864,65.1485146223,1.39,0.193
2000-330,1995,3,300.8504845336,0.507,-32.8625369454,0.99,0.077
2003+662,1995,1,300.9771485466,20.449,66.4323275382,10.195,0.586
2004+064,1995,1,301.7996471686,0.807,6.612387786,1.252,0.235
2005+642,1995,3,301.5737272444,0.2,64.4126160879,0.232,0.07
2005-489,1995,1,302.3557955675,2.456,-48.8315890811,1.869,0.782
2007+659,1995,1,301.8698792238,0.193,66.1229265217,0.334,0.467
2007+777,1995,5,301.3791605639,0.077,77.878679851,0.072,-0.16
2008-159,1995,1,302.8154622238,0.14,-15.7778481949,0.287,0.011
2010+723,1995,1,302.4679323775,0.137,72.4887085913,0.201,0.244
2015+083,1995,1,304.5471330919,0.122,8.5318187047,0.302,-0.362
2015+657,1995,1,303.98070271,0.182,65.9146275276,0.25,0.408
2019+050,1995,1,305.3970050086,0.155,5.2513273199,0.362,-0.363
2021+317,1995,1,305.8292389511,0.091,31.8839739114,0.126,-0.406
2021+614,1995,1,305.5278407607,0.093,61.6163347014,0.135,0.405
2022+031,1995,1,306.2901339643,0.148,3.2790290303,0.306,-0.114
2023+760,1995,1,305.6482325982,0.366,76.190603161,0.571,0.734
2029+121,1995,3,307.9791428045,0.163,12.3281501123,0.301,0.191
2032+107,1995,1,308.8430554074,0.064,10.9352190417,0.146,-0.098
2032+117,1995,1,308.6546242719,1.082,11.9087176604,1.092,0.056
2037-253,1995,2,310.0365535996,0.726,-25.1296285213,2.451,0.053
2047+039,1995,1,312.526002454,0.174,4.1302471153,0.379,-0.539
2047+098,1995,1,312.4411040915,0.155,10.0539994993,0.33,-0.265
2051+745,1995,1,312.8905698331,4.076,74.6945820207,2.028,-0.461
2052-474,1995,11,314.0681658112,0.402,-47.2465632196,0.334,-0.731
2054+611,1995,1,313.9118262277,0.478,61.3668440609,0.836,-0.284
2054-377,1995,1,314.423347967,0.542,-37.5674973546,1.603,-0.068
2058-425,1995,1,315.4963115139,8.111,-42.3211560068,4.341,0.296
2059+034,1995,2,315.4118090127,0.082,3.6920335893,0.19,-0.318
2059-786,1995,1,316.4373300293,6.787,-78.4262642313,4.1,-0.409
2106-413,1995,4,317.3882858355,0.414,-41.1723903513,0.649,0.175
2109-811,1995,4,319.1285244278,0.565,-80.8986730331,0.476,-0.193
2113+293,1995,3,318.8725559955,0.103,29.5606574603,0.143,-0.171
2114+048,1995,1,319.3364878545,0.206,5.0511424407,0.478,-0.401
2119+664,1995,1,320.1924971852,6.935,66.7056131639,9.469,0.865
2119+709,1995,1,319.9756848009,2.37,71.1766964694,3.24,0.413
2120+099,1995,1,320.8056609559,1.541,10.1319292174,1.764,-0.417
2121+053,1995,24,320.9354892052,0.125,5.5894703368,0.217,-0.12
2122+044,1995,1,321.3718976139,0.138,4.6932004152,0.324,-0.169
2124+641,1995,1,321.3643626531,0.219,64.394265036,0.451,-0.311
2126-158,1995,2,322.3007328858,0.575,-15.6447335887,0.946,0.109
2128-123,1995,66,322.8969240276,0.243,-12.1179988838,0.293,-0.115
2131-021,1995,2,323.5429566734,0.155,-1.8881219156,0.32,-0.635
2136+141,1995,3,324.7554551833,0.094,14.3933310863,0.136,0.047
2137+011,1995,1,324.9271204422,0.81,1.3742130817,1.176,-0.18
2142+110,1995,1,326.3282294331,0.151,11.2575867594,0.369,-0.341
2143-156,1995,1,326.5957472453,0.403,-15.4288586327,5.817,0.234
2144+092,1995,1,326.792345718,0.413,9.4962980994,1.486,-0.104
2145+067,1995,145,327.0227444688,0.115,6.9607233771,0.147,-0.006
2145+082,1995,1,326.9800810808,0.532,8.5033040185,1.583,-0.746
2147+077,1995,1,327.3969331917,1.429,7.9403752096,2.597,0.271
2149+069,1995,1,327.8809553937,0.142,7.1574398193,0.237,-0.186
2150+173,1995,1,328.1034141377,0.203,17.5771652628,0.346,-0.528
2154+100,1995,1,329.3035851965,0.261,10.2402216873,0.505,-0.123
2155-152,1995,2,329.5261744387,0.363,-15.0192578324,0.315,-0.16
2158+029,1995,1,330.3646196927,0.193,3.2042119219,0.382,-0.162
2201+098,1995,1,330.8789693761,2.728,10.1284960776,1.609,-0.032
2201+315,1995,6,330.8123991409,0.092,31.7606305601,0.136,-0.032
2201+676,1995,1,330.8025950393,3.369,67.8465769163,3.928,-0.37
2204-540,1995,1,331.9322221216,1.03,-53.7760609212,1.006,0.609
2206+650,1995,1,332.0129596851,1.734,65.3274421342,1.546,0.615
2209+236,1995,1,333.0248596928,0.244,23.9279286032,0.466,0.093
2210+065,1995,1,333.2118303484,0.174,6.7690947036,0.396,0.029
2210-257,1995,2,333.2604081417,0.321,-25.4916887433,0.774,-0.042
2211+069,1995,1,333.5369233175,0.221,7.1951092615,0.537,-0.421
2214+350,1995,1,334.0833746416,0.385,35.3039390338,0.511,-0.189
2215+020,1995,1,334.4509914012,0.091,2.3363088962,0.221,-0.14
2216-038,1995,1,334.7168238378,0.311,-3.5935768441,1.362,-0.066
2220+119,1995,1,335.7207875127,0.481,12.2305024454,0.703,-0.344
2224+006,1995,1,336.6939042438,0.129,0.8698143,0.327,-0.365
2227-088,1995,2,337.4170180365,0.09,-8.5484542288,0.207,-0.028
2227-399,1995,1,337.6678272788,2.296,-39.714463071,2.845,0.667
2229+695,1995,1,337.6519568562,1.048,69.7744659445,0.991,0.703
2231+098,1995,1,338.4935430792,1.01,10.1478097626,1.233,-0.078
2232-488,1995,5,338.8051524372,0.428,-48.5996650946,0.677,0.508
2234+282,1995,126,339.0936285587,0.123,28.4826147927,0.152,0.005
2235+731,1995,1,339.1608208152,0.656,73.3812947264,0.846,0.727
2239+096,1995,1,340.4571553985,0.166,9.8979014044,0.335,0.28
2242+031,1995,1,341.3678530428,0.122,3.4024622356,0.268,-0.012
2243+047,1995,1,341.473558855,0.126,5.015822802,0.295,-0.184
2243-123,1995,54,341.5759664609,0.215,-12.1142435744,0.326,-0.081
2245+029,1995,1,341.9945086157,0.198,3.1784315716,0.394,-0.079
2245-328,1995,1,342.161189841,1.317,-32.5978296718,1.177,-0.876
2251+006,1995,1,343.5183590063,0.468,0.9058202317,0.753,-0.333
2251+704,1995,1,343.200668455,4.328,70.7210624155,1.418,0.334
2254+024,1995,2,344.3231795346,0.323,2.7215309888,0.644,-0.163
2254+074,1995,1,344.3220964099,0.517,7.7200804687,4.531,-0.334
2255-282,1995,51,344.524845323,0.163,-27.9725713505,0.416,0.063
2256+017,1995,1,344.7406354486,1.608,2.0617471754,2.232,-0.773
2258+033,1995,1,345.1703573704,0.401,3.6196775943,0.767,0.159
2259+058,1995,1,345.4727549102,0.248,6.1535613232,0.661,-0.547
2259+568,1995,1,345.3609454216,2.69,57.1070858543,2.405,-0.053
2300+638,1995,1,345.6721466075,3.499,64.0980143561,3.311,0.462
2301+060,1995,1,346.1178803903,0.394,6.3356412638,0.774,-0.084
2307+106,1995,1,347.6188239534,0.116,10.9251935816,0.253,-0.217
2307+680,1995,1,347.361108505,3.463,68.3363211428,2.412,-0.195
2310+724,1995,1,348.0820741649,0.227,72.6908104599,0.368,0.083
2312-319,1995,1,348.702085521,2.813,-31.6443131645,7.6,0.907
2318+049,1995,1,350.1869027444,0.525,5.2305426189,0.636,0.038
2319+272,1995,1,350.4994259515,0.122,27.5462342931,0.19,-0.1
2320+079,1995,1,350.6503725672,0.353,8.2004423661,0.523,-0.304
2320+506,1995,2,350.608258987,0.107,50.9644344332,0.157,0.044
2320-035,1995,2,350.8831406149,0.467,-3.2847294669,1.494,-0.552
2323+009,1995,1,351.6068490264,2.596,1.2024145903,3.851,-0.826
2325+093,1995,1,351.8899188742,0.179,9.6692951227,0.368,-0.127
2325-150,1995,1,351.9498514838,0.989,-14.7988197155,0.862,-0.547
2326+082,1995,1,352.2741113929,0.365,8.5710705615,0.853,-0.424
2330+083,1995,1,353.2399842968,0.483,8.6362297074,0.629,-0.176
2331+073,1995,1,353.5534506563,0.088,7.6076532516,0.18,0.047
2331-240,1995,1,353.4801570812,1.233,-23.7279599131,2.919,-0.796
2333-528,1995,2,354.050601684,1.509,-52.6060973979,1.873,0.082
2335-027,1995,1,354.4889128815,0.546,-2.5160076111,1.058,-0.417
2337+264,1995,3,355.1209560561,0.282,26.6991124513,0.358,0.072
2338+000,1995,1,355.2787873172,8.427,0.3092636474,10.424,-0.266
2344+068,1995,1,356.666388486,6.172,7.0852350049,3.007,-0.187
2344+09A,1995,2,356.653493932,0.139,9.5126431467,0.255,0.17
2346+052,1995,1,357.3377155664,2.636,5.5777457887,5.914,0.83
2347+108,1995,1,357.5084619611,0.757,11.1101956815,1.268,0.14
2350+704,1995,1,358.2202261541,2.602,70.7467576724,3.359,0.827
2351+550,1995,1,358.4262490142,0.297,55.3112965519,0.488,0.009
2351-154,1995,2,358.6258132092,0.307,-15.2197814028,0.524,-0.307
2353-686,1995,1,359.0028398974,0.428,-68.3342980074,0.394,-0.414
2355-106,1995,3,359.5453433663,0.435,-10.3357257837,1.739,0.294
