iers_name,year,num_ses,ra,ra_err,dec,dec_err,ra_dec_corr
0000+212,1996,2,0.8306250406,0.454,21.4956966101,0.928,-0.485
0001+459,1996,1,1.0671985651,0.199,46.2549916993,0.409,0.107
0002-478,1996,1,1.1485640761,0.572,-47.6054444986,1.148,-0.44
0003+380,1996,2,1.4882308656,0.121,38.3375414252,0.133,-0.33
0003-066,1996,56,1.5578870094,0.118,-6.393148763,0.234,-0.224
0004+240,1996,2,1.7032892186,0.99,24.3767757311,1.253,0.183
0006+397,1996,1,2.2673898736,0.24,40.0296403064,0.435,-0.319
0007+171,1996,2,2.6416274566,0.155,17.4052115002,0.293,-0.252
0008-264,1996,1,2.7551945877,1.552,-26.2092713723,1.696,0.846
0010+405,1996,1,3.3797091208,0.082,40.8603178145,0.138,-0.459
0010+463,1996,1,3.3187036535,0.819,46.6024085673,0.871,-0.621
0011+189,1996,2,3.4849004634,0.365,19.1783097619,0.838,0.118
0013-005,1996,9,4.046202293,0.273,-0.2534569528,0.496,-0.117
0014+813,1996,64,4.2853120733,0.119,81.585593473,0.139,-0.044
0016+731,1996,9,4.9407767988,0.108,73.4583380994,0.111,-0.031
0017+200,1996,2,4.9077270485,0.091,20.3626790513,0.178,-0.231
0017+257,1996,1,4.915752383,0.159,26.0478550874,0.375,-0.295
0019+058,1996,2,5.6351717523,0.328,6.1345191223,1.062,0.277
0019+451,1996,1,5.5275472145,0.144,45.4260723097,0.285,0.07
0020+446,1996,1,5.8976769342,0.29,44.9432659593,0.669,0.434
0021+464,1996,1,6.0897400498,0.281,46.7350635361,0.804,0.171
0022+390,1996,1,6.358990296,0.093,39.3265109729,0.165,-0.434
0024+224,1996,2,6.8140480731,0.531,22.6994635296,0.624,-0.045
0025+197,1996,2,7.1242436367,0.16,20.0074290333,0.339,-0.177
0026+346,1996,1,7.309343412,0.535,34.9422908584,0.55,0.473
0032+276,1996,1,8.6811924303,0.185,27.9071447891,0.375,-0.263
0035+121,1996,2,9.575069542,9.03,12.4586795032,19.022,-0.982
0035+367,1996,1,9.4422634848,2.282,36.9863569836,1.813,0.741
0035+413,1996,1,9.6035149996,0.132,41.6183332652,0.204,-0.311
0035+503,1996,1,9.618389555,5.608,50.5905095498,5.756,-0.507
0037+139,1996,2,9.9150816132,0.385,14.1993214232,0.735,-0.535
0037+487,1996,1,9.9458285488,0.168,49.0092154163,0.33,0.201
0039+230,1996,2,10.5189383046,0.156,23.3336281028,0.343,-0.377
0044+387,1996,1,11.6982429373,0.27,39.0130968533,0.439,-0.284
0045+243,1996,2,11.9327972023,0.53,24.5877764631,1.187,-0.786
0046+511,1996,1,12.4082966959,0.258,51.4704700034,0.48,-0.291
0047-579,1996,1,12.4978047405,0.749,-57.6409279328,0.734,0.359
0048+447,1996,1,12.9019736232,0.584,44.9933218631,0.518,0.279
0048-097,1996,136,12.6721557529,0.131,-9.4847806107,0.212,-0.169
0049+437,1996,2,13.1159412114,0.255,44.048476713,0.393,-0.107
0054+161,1996,1,14.2303916933,5.028,16.4203714637,7.081,0.943
0056-572,1996,1,14.6940880011,0.446,-56.9865196543,0.61,0.315
0058+498,1996,1,15.3208230511,1.932,50.0791641682,1.877,-0.654
0059+163,1996,2,15.4904983125,1.118,16.6613767331,4.542,-0.298
0059+581,1996,140,15.6906765564,0.059,58.4030935347,0.062,-0.005
0102+480,1996,1,16.4580339765,0.077,48.3175535422,0.149,-0.115
0102+511,1996,1,16.3731580615,10.313,51.4296069808,9.321,-0.959
0103+127,1996,1,16.6389855055,5.627,13.0007210309,9.428,-0.148
0103+253,1996,1,16.5457040161,0.563,25.6584709416,1.182,-0.849
0103+337,1996,1,16.5012223156,0.408,34.0341634108,0.774,0.526
0104-408,1996,75,16.6879498378,0.165,-40.572211178,0.21,0.713
0105+259,1996,1,16.9495259836,0.662,26.1857423558,1.706,-0.71
0106+013,1996,13,17.1615463056,0.224,1.5834215418,0.347,-0.246
0108+388,1996,1,17.9054865097,0.12,39.1078065961,0.185,-0.165
0109+224,1996,2,18.0242696566,0.139,22.7441074232,0.288,-0.153
0109+351,1996,1,18.0539349946,0.102,35.3720379787,0.188,-0.33
0110+318,1996,1,18.2097209688,0.119,32.1381757936,0.259,-0.073
0110+495,1996,3,18.3625283386,0.093,49.8066787059,0.187,-0.316
0111+021,1996,29,18.4297706133,0.405,2.371476737,0.575,-0.483
0111+131,1996,1,18.4771219068,13.075,13.4145746154,18.593,0.675
0113+241,1996,2,19.1586153566,1.056,24.3815900754,1.435,-0.25
0113-118,1996,1,19.0521745906,3.364,-11.6042871708,2.126,-0.471
0114+140,1996,2,19.3550133969,1.576,14.3034500184,1.553,-0.397
0116+319,1996,1,19.8958501182,4.998,32.1805697433,5.106,-0.536
0119+041,1996,93,20.4869237234,0.113,4.3735373207,0.192,-0.222
0119+115,1996,28,20.4233126525,0.153,11.8306703447,0.228,-0.105
0119+247,1996,1,20.6617332898,0.093,25.0421646978,0.215,0.018
0120+259,1996,1,20.929354943,0.162,26.2562294868,0.391,-0.254
0122+278,1996,1,21.2328300294,0.205,28.086497523,0.457,-0.041
0122+470,1996,1,21.2821114375,0.54,47.3008569236,0.722,0.147
0123+257,1996,2,21.678302579,0.083,25.9836944971,0.232,-0.151
0125+487,1996,1,22.0335974278,0.207,49.0183294226,0.378,0.456
0127+145,1996,2,22.4806132198,0.304,14.7799544448,0.522,-0.282
0129+431,1996,1,23.183861652,0.195,43.4257392424,0.368,-0.23
0131-522,1996,1,23.2740110544,1.334,-52.0010951946,3.431,0.491
0133+476,1996,51,24.2441450172,0.081,47.8580833866,0.093,-0.048
0134+311,1996,1,24.2863901271,0.104,31.3766264544,0.222,-0.015
0136+176,1996,2,24.9249133065,0.549,17.8854304113,0.755,-0.205
0137+467,1996,1,25.179467889,7.486,46.974580336,5.601,-0.766
0138-097,1996,1,25.3576340229,0.886,-9.4787981382,0.615,0.028
0140+412,1996,1,25.7632689765,0.123,41.4890127342,0.251,-0.182
0140+490,1996,1,25.9453328739,3.909,49.2615518541,4.455,0.049
0143+230,1996,2,26.4704428127,0.394,23.3220270687,0.683,-0.533
0144+209,1996,2,26.7449341243,4.498,21.1734378209,5.657,-0.965
0144+487,1996,1,26.90739655,2.405,48.9937529983,2.615,0.149
0145+386,1996,1,27.1015732329,0.218,38.9014500221,0.317,-0.332
0146+056,1996,10,27.343212002,0.14,5.9315468258,0.217,-0.293
0147+187,1996,2,27.4571622664,0.344,18.9557253192,0.526,-0.143
0147-076,1996,1,27.511238547,0.958,-7.430136277,5.657,-0.423
0148+274,1996,1,27.8631090876,0.116,27.7449426853,0.24,-0.296
0149+218,1996,3,28.0752459771,0.098,22.1188055133,0.189,-0.241
0149+335,1996,1,28.1440685434,0.217,33.8425440338,0.363,-0.278
0149+370,1996,1,28.0509164313,0.129,37.2682408013,0.244,-0.216
0150-334,1996,1,28.2921743184,1.159,-33.1738507551,1.813,-0.664
0151+474,1996,2,28.734541169,0.073,47.7240387595,0.154,-0.088
0153+222,1996,2,28.9955640395,0.457,22.5032961101,0.721,0.089
0156+128,1996,2,29.734474136,0.465,13.1174281478,1.199,-0.349
0159+418,1996,1,30.6818887577,0.112,42.0878703194,0.215,-0.234
0200+304,1996,1,30.9389835226,1.724,30.6914191493,1.509,-0.164
0201+113,1996,32,30.9444043828,0.228,11.5792804843,0.351,-0.18
0201+365,1996,1,31.2316499749,0.121,36.8216659794,0.268,-0.2
0201+438,1996,2,31.2282878069,0.799,44.0519179543,0.698,0.158
0202+149,1996,59,31.2100578986,0.109,15.2364009746,0.14,-0.138
0202+319,1996,3,31.2705223108,0.097,32.2083598531,0.166,-0.018
0202-172,1996,1,31.2403097418,1.554,-17.0221770362,1.01,-0.305
0204+316,1996,1,31.8957900922,0.138,31.8684620959,0.312,-0.099
0206+136,1996,2,32.3999930031,0.14,13.8668755649,0.317,-0.083
0206+293,1996,1,32.2860186399,0.789,29.546039927,1.142,0.52
0208-512,1996,19,32.6925018254,0.323,-51.0171922286,0.365,-0.053
0209+168,1996,1,32.9532793598,88.641,17.1229355064,122.245,-0.995
0210+181,1996,2,33.2938721492,0.499,18.3404021473,0.899,-0.221
0212+735,1996,1,34.378389318,0.164,73.8257282461,0.138,0.046
0213+443,1996,1,34.0715483097,1.42,44.6287191684,4.002,0.078
0215+015,1996,4,34.4539782028,0.201,1.7471386981,0.342,0.07
0217+166,1996,2,35.0031617544,1.341,16.8746080482,1.808,-0.788
0217+324,1996,1,35.200221083,0.178,32.685128939,0.318,0.474
0220-349,1996,1,35.7350068889,0.899,-34.6913139436,0.856,0.429
0221+067,1996,1,36.118450607,0.359,6.9898171008,0.336,-0.037
0222+185,1996,2,36.2694535022,0.36,18.780212947,0.735,-0.465
0223+341,1996,1,36.5430549975,0.123,34.358412924,0.263,0.202
0227+403,1996,1,37.6904616377,0.126,40.5480746141,0.267,-0.236
0229+131,1996,128,37.9412252092,0.108,13.3818656157,0.158,-0.161
0229+230,1996,2,38.0864854248,0.301,23.2991275382,0.498,-0.216
0229+262,1996,1,38.1150969436,0.09,26.4773863302,0.218,-0.043
0230-790,1996,1,37.3956100205,0.719,-78.7960001564,0.725,-0.099
0234+285,1996,25,39.4683569706,0.133,28.8024972768,0.228,-0.439
0235+164,1996,47,39.6622087576,0.157,16.6164651709,0.25,-0.164
0237+040,1996,2,39.9635960759,0.355,4.2726143655,0.361,-0.17
0237+185,1996,2,40.1784011642,0.56,18.8000148576,0.654,-0.06
0237-027,1996,2,39.9394676602,0.322,-2.5780318046,0.605,-0.274
0239+108,1996,11,40.6215452243,0.09,11.0168689242,0.182,-0.263
0239+175,1996,2,40.6011179715,0.366,17.7163468295,0.661,-0.728
0242+238,1996,2,41.3202335485,2.246,24.0931026761,2.382,0.79
0248+430,1996,1,42.8939030576,0.09,43.2543970388,0.176,-0.373
0249+383,1996,1,43.2870336252,0.091,38.5902774992,0.193,-0.254
0250+508,1996,1,43.4900329092,0.214,51.0490155191,0.344,0.341
0251+393,1996,1,43.6776335636,0.119,39.5263086002,0.22,-0.033
0252-549,1996,1,43.3715850408,1.516,-54.6976220571,4.324,-0.536
0253+133,1996,2,44.1457694772,0.402,13.5764847033,1.06,-0.58
0254+185,1996,1,44.440120023,1.312,18.7848207893,2.414,-0.699
0256+075,1996,2,44.862819416,0.767,7.7943451011,0.873,-0.124
0256+423,1996,1,44.9070593108,6.496,42.5971672398,3.366,0.827
0300+470,1996,2,45.8968426217,0.113,47.2711876481,0.196,0.091
0301+336,1996,1,46.172343543,0.125,33.8120918741,0.245,0.073
0302+173,1996,2,46.2926009739,0.438,17.5830809642,1.146,-0.32
0302-623,1996,1,45.9609642854,0.349,-62.1904305482,0.532,-0.167
0306+102,1996,7,47.2650978587,0.32,10.4878724759,0.433,0.154
0307+380,1996,1,47.7078330503,0.058,38.2482880529,0.121,-0.111
0308-611,1996,2,47.483746424,0.238,-60.9775154927,0.391,0.227
0309+411,1996,1,48.2581755712,0.083,41.3336618346,0.16,-0.138
0312-770,1996,1,47.9802030992,4.071,-76.8641250187,1.786,0.853
0317+188,1996,16,49.9635697126,0.182,19.0253585668,0.299,-0.334
0318+438,1996,1,50.4036182337,0.989,43.9895778097,1.003,0.187
0319+121,1996,1,50.4712645824,0.279,12.3538762463,0.733,-0.457
0321+340,1996,1,51.1715055254,0.134,34.179404741,0.259,0.165
0321+467,1996,1,51.334599501,0.565,46.9185098965,0.821,0.442
0322+222,1996,2,51.4033931901,0.089,22.4001013658,0.183,-0.235
0325+395,1996,1,52.2096299748,21.085,39.6790436031,27.058,-0.89
0326+349,1996,1,52.3139786968,0.092,35.1683308812,0.185,0.215
0327+364,1996,1,52.6448569716,2.269,36.6613979652,2.531,0.004
0327+467,1996,1,52.6359472839,0.225,46.939803611,0.382,0.064
0332-403,1996,1,53.5568931759,0.919,-40.140388455,1.722,0.468
0334-546,1996,1,53.9746881925,1.691,-54.5069778993,2.694,-0.44
0336+473,1996,1,55.0449535035,0.167,47.540920853,0.35,0.205
0337+337,1996,1,55.2915570627,0.306,33.8726793004,0.438,0.733
0338+480,1996,1,55.5431360586,0.603,48.1630392721,1.098,-0.533
0338-214,1996,6,55.1483659696,0.483,-21.3253256685,0.614,0.302
0340+362,1996,1,55.8706349622,0.086,36.3701190983,0.183,0.016
0341+158,1996,5,56.0965506527,0.421,15.995380212,0.747,0.574
0342+147,1996,2,56.2767355661,0.251,14.8970995443,0.326,0.035
0344+199,1996,2,56.8731632339,0.608,20.0814009237,0.943,-0.337
0344+235,1996,2,56.9879659013,1.374,23.6653668371,2.539,-0.833
0345+460,1996,1,57.3280898625,0.073,46.1665717291,0.145,0.112
0346+209,1996,2,57.4384589067,2.023,21.0794347387,3.287,-0.432
0350+465,1996,1,58.6250486187,0.162,46.7218752513,0.2,-0.369
0353+289,1996,1,59.035258162,0.37,29.061755886,0.931,0.164
0354+231,1996,2,59.3400411502,0.233,23.3316182376,0.502,-0.196
0355-483,1996,1,59.3413247479,1.242,-48.2042105304,3.965,0.87
0356+322,1996,1,59.9371372637,0.104,32.3464321983,0.179,0.279
0358+210,1996,2,60.4381919924,0.119,21.1746074596,0.244,-0.058
0400+258,1996,2,60.7732752569,0.145,26.000417503,0.202,0.233
0400-319,1996,1,60.5886079955,1.364,-31.79054092,1.665,0.753
0402+379,1996,1,61.4552597169,0.72,38.0589541321,0.606,0.29
0402-362,1996,25,60.9739578755,0.342,-36.0838648042,0.519,0.716
0403-132,1996,1,61.3916806774,0.57,-13.1371361159,0.608,0.423
0405-123,1996,1,61.951796148,0.793,-12.1935167336,1.001,0.101
0405-385,1996,7,61.7459805862,0.425,-38.4411228894,0.59,0.554
0406+121,1996,3,62.3417028262,0.271,12.2944022382,0.388,-0.338
0407-658,1996,1,62.0849008547,5.467,-65.7525259569,6.971,-0.105
0409+188,1996,2,63.1914340988,0.394,18.9436323561,0.591,0.363
0409+229,1996,2,63.1819453515,0.333,23.0848479212,0.5,-0.188
0411+341,1996,1,63.6552323638,0.195,34.3142242694,0.351,-0.019
0412+447,1996,1,63.9855272824,0.162,44.8804677121,0.235,-0.274
0414-189,1996,1,64.1522684456,0.297,-18.8523167371,0.256,0.171
0415+398,1996,1,64.8439564,0.077,39.9247158719,0.15,0.115
0420+417,1996,1,65.9833739975,0.09,41.8340866732,0.145,0.177
0420-014,1996,3,65.8158363531,0.172,-1.3425183407,0.256,-0.048
0421+145,1996,2,66.0978774957,7.229,14.7046345981,3.876,-0.54
0422+004,1996,1,66.1951753483,0.524,0.6017576717,0.96,-0.216
0422-380,1996,1,66.1760154307,0.291,-37.9391067199,0.266,0.351
0423+233,1996,2,66.7322283572,0.559,23.46100934,1.437,-0.788
0423+237,1996,1,66.7332077922,8.248,23.8407162052,10.915,-0.811
0424+328,1996,1,67.02420306,0.181,32.9977900771,0.29,-0.377
0424+414,1996,1,66.9418565362,0.082,41.5503054809,0.144,0.203
0425+048,1996,1,66.9482104294,0.64,4.9523125194,0.651,0.294
0425+174,1996,2,67.1484736937,0.323,17.5398855857,0.647,-0.433
0426+273,1996,1,67.470669926,0.136,27.4105214349,0.305,-0.261
0426-380,1996,1,67.1684343771,0.603,-37.9387724234,0.944,0.272
0429+174,1996,2,67.9890802601,0.582,17.5266042423,1.067,-0.681
0430+289,1996,12,68.4076244474,0.197,29.0987436494,0.282,0.136
0432+254,1996,1,68.8940956032,0.724,25.5499159322,1.377,0.429
0434+299,1996,1,69.5206179613,0.117,30.0793106158,0.239,-0.292
0434-188,1996,3,69.2561779893,0.307,-18.7468370378,0.608,-0.167
0436+306,1996,1,69.8240606697,0.164,30.7520979049,0.344,-0.214
0436+426,1996,1,70.0327984154,0.109,42.7445161918,0.199,0.168
0437+273,1996,1,70.1155811685,0.73,27.4779670493,1.002,-0.126
0437-454,1996,1,69.7535613949,0.726,-45.3729342906,0.799,0.069
0440+345,1996,5,70.8818133281,0.165,34.6851845495,0.298,-0.258
0442+389,1996,1,71.5478919198,0.076,39.0047502819,0.146,0.216
0445+364,1996,1,72.1465066794,0.232,36.4920601273,0.391,0.511
0450-743,1996,1,72.2023241339,8.936,-74.2920134853,4.608,0.89
0451-282,1996,1,73.3110279106,1.733,-28.1270341008,1.827,0.383
0454+844,1996,5,77.176514339,0.245,84.5345955698,0.266,-0.019
0454-234,1996,106,74.2632467836,0.116,-23.4144500651,0.254,-0.105
0454-810,1996,1,72.5226653,0.555,-81.0172866373,0.479,0.014
0456+310,1996,1,74.8876404503,0.195,31.1095242988,0.384,-0.019
0457+024,1996,7,74.9668776965,0.504,2.4919933283,0.76,-0.223
0458-020,1996,139,75.3033745185,0.093,-1.9872934054,0.185,-0.238
0459+060,1996,1,75.5643580007,0.593,6.1520816141,0.645,-0.177
0459+135,1996,2,75.6384146801,0.118,13.6363774266,0.234,-0.113
0500+339,1996,1,75.9866039108,2.091,34.0578099076,1.597,0.453
0502+049,1996,1,76.3466029316,0.858,4.9952011838,1.101,0.694
0503+466,1996,1,76.8485784688,0.179,46.7617607779,0.346,-0.276
0503-608,1996,1,76.0070864079,1.428,-60.831261057,0.872,0.638
0505+354,1996,1,77.2743588568,0.229,35.4714685425,0.424,0.014
0507+179,1996,5,77.5098713399,0.246,18.011550467,0.301,-0.08
0508+138,1996,2,77.9096653265,0.19,13.9553315237,0.343,-0.023
0509+152,1996,2,78.1708869668,0.606,15.2898555416,0.639,0.408
0513+455,1996,1,79.370414528,0.207,45.618018134,0.263,-0.026
0514+330,1996,1,79.5214268681,0.195,33.1037124389,0.325,-0.521
0514+474,1996,1,79.5503743315,0.333,47.5154245859,0.405,-0.338
0515+208,1996,2,79.515935415,0.155,20.9145825524,0.328,-0.311
0517-726,1996,1,79.1571657042,2.257,-72.6187406908,0.936,0.601
0518+211,1996,2,80.4415243089,0.381,21.2142920963,0.547,-0.59
0520+411,1996,1,80.9824176872,0.234,41.2307806437,0.321,0.115
0521-365,1996,9,80.741602571,0.489,-36.4585698722,0.653,0.801
0524-460,1996,2,81.3808340063,0.352,-45.9651903328,0.384,0.454
0528+134,1996,129,82.7350698068,0.062,13.5319859962,0.1,-0.138
0528-250,1996,1,82.533178465,0.649,-25.0583052092,0.67,0.15
0529+483,1996,1,83.3161076248,0.1,48.3813355404,0.168,-0.054
0530+421,1996,1,83.4853540605,0.264,42.1817837826,0.48,0.197
0530-727,1996,5,82.3751759572,0.533,-72.7579187555,0.462,-0.252
0532+506,1996,1,84.0842996958,0.089,50.6406255053,0.142,-0.095
0533+446,1996,1,84.3752527247,0.34,44.6843165625,0.426,0.008
0536+145,1996,1,84.9265250135,0.979,14.5626541803,5.516,-0.83
0537+251,1996,1,85.0597614687,0.337,25.1320414125,0.604,-0.336
0537-286,1996,1,84.9761733535,0.902,-28.6655407628,1.86,0.547
0537-441,1996,39,84.7098397997,0.154,-44.0858164623,0.194,0.029
0538+474,1996,1,85.4551897092,0.154,47.4854474701,0.244,0.072
0539-057,1996,1,85.4086804432,0.678,-5.6970632015,0.826,-0.398
0540+456,1996,1,86.0048591643,1.046,45.6841090328,1.106,-0.275
0544+273,1996,9,86.8922871894,0.147,27.3657896495,0.193,0.069
0548+378,1996,1,88.0747370537,0.138,37.9070227438,0.24,0.191
0552+398,1996,154,88.8783567151,0.054,39.813656943,0.062,-0.072
0554+242,1996,7,89.2696398972,0.226,24.2320273268,0.261,0.348
0555+378,1996,1,89.751883903,0.251,37.8320887992,0.456,-0.646
0556+238,1996,23,89.8834714364,0.157,23.8983130478,0.234,-0.15
0559+422,1996,1,90.7456003102,0.102,42.202780348,0.197,-0.441
0600+177,1996,2,90.7880428638,0.524,17.7046695793,0.485,0.154
0600+219,1996,1,90.964821233,0.776,21.9938050203,2.309,-0.256
0600+299,1996,1,90.9827162885,0.565,29.9514883703,0.791,0.003
0600+442,1996,1,91.1484532858,0.864,44.232930319,0.775,-0.627
0602+405,1996,2,91.4618974216,0.084,40.5022509933,0.177,-0.303
0602+673,1996,2,91.9694650644,0.229,67.3487250004,0.221,0.001
0603+476,1996,1,91.8468958279,0.124,47.6630393857,0.198,0.029
0607-157,1996,1,92.4206229367,0.31,-15.7112978923,0.203,-0.11
0609+413,1996,1,93.2132718493,0.074,41.3770578782,0.143,-0.425
0609+607,1996,1,93.5994426461,0.258,60.7727099449,0.371,-0.648
0610+260,1996,2,93.4589131591,0.213,26.0768666385,0.206,-0.07
0610+510,1996,1,93.7048303779,0.307,51.0369775309,0.677,-0.167
0611+131,1996,2,93.4903865124,0.156,13.1126113552,0.387,-0.157
0611+483,1996,1,93.7668889512,0.168,48.3179803919,0.269,0.254
0615+820,1996,1,96.5125262621,0.184,82.0404355141,0.332,0.046
0617+210,1996,2,95.0813686517,1.327,21.0415405178,1.968,-0.615
0620+227,1996,1,95.8242167338,8.801,22.6932682543,9.077,-0.232
0620+389,1996,1,96.0792554759,0.1,38.9468712029,0.185,-0.456
0620+459,1996,1,95.985466054,0.934,45.9109748743,0.842,0.496
0621+446,1996,1,96.3261058384,0.147,44.667118335,0.287,0.155
0627+176,1996,2,97.5302437696,0.226,17.6369253715,0.493,-0.132
0628+203,1996,2,97.754427325,0.291,20.3497806241,0.678,-0.188
0629+160,1996,2,98.1797314276,0.522,15.9993387242,0.743,0.513
0629+320,1996,1,98.1282616359,0.742,32.0148976514,0.89,0.159
0629-418,1996,1,97.7999912087,1.066,-41.9074851303,1.793,-0.134
0630+497,1996,1,98.4675278037,0.41,49.729423277,0.564,0.247
0632+502,1996,1,99.0459021576,0.685,50.1665632556,0.668,-0.388
0634+150,1996,2,99.4627178155,0.663,14.9825792082,1.307,-0.661
0636+680,1996,1,100.5177400764,0.527,67.9765614079,0.546,-0.2
0637-337,1996,1,99.83710305,1.168,-33.7666975609,1.46,0.401
0637-752,1996,26,98.9437829306,0.158,-75.2713376363,0.141,0.183
0641+392,1996,1,101.2237898703,0.076,39.2465371176,0.16,-0.287
0642+449,1996,61,101.6334416297,0.128,44.8546083835,0.13,-0.085
0643+307,1996,1,101.5634919983,0.526,30.6898976902,0.624,0.072
0644+491,1996,1,102.1963274791,3.062,49.1224249532,2.87,0.456
0646-306,1996,1,102.0587351194,0.702,-30.7387952839,1.845,0.188
0648-165,1996,1,102.6024241384,0.693,-16.6277022757,1.432,0.529
0650+371,1996,1,103.4928449635,0.098,37.0946128996,0.184,-0.078
0650+453,1996,1,103.5988069181,0.136,45.2398737947,0.261,0.221
0651+410,1996,1,103.7917697278,0.127,41.0028224168,0.278,-0.324
0654+244,1996,2,104.2736478237,0.882,24.3987207418,0.847,-0.256
0657+172,1996,5,105.0063564771,0.183,17.1560281225,0.217,-0.229
0659+268,1996,1,105.6324619825,0.607,26.7363963861,0.815,0.007
0700+470,1996,1,106.039826132,0.428,47.0155665131,0.677,-0.561
0707+424,1996,1,107.6846930062,1.684,42.348622927,1.296,-0.576
0707+476,1996,2,107.692103705,0.115,47.5364285146,0.215,-0.113
0709+509,1996,1,108.3037347041,0.497,50.8955252856,0.802,-0.215
0710+439,1996,1,108.40901744,0.104,43.8214458671,0.219,0.004
0711+356,1996,1,108.6034060339,0.101,35.5777212999,0.197,-0.393
0714+457,1996,1,109.4660517798,0.091,45.6342392443,0.167,0.16
0716+477,1996,1,110.0895740404,0.217,47.6289235585,0.355,0.051
0718+374,1996,1,110.5052486333,0.27,37.3746203855,0.384,-0.314
0722+145,1996,1,111.3200318352,0.861,14.4204860231,1.745,-0.812
0723+488,1996,1,111.7629191696,0.128,48.7361463195,0.245,0.104
0723-008,1996,4,111.460999688,0.463,-0.9157067568,0.517,-0.415
0725+219,1996,2,112.0858679448,0.11,21.8851084537,0.248,-0.152
0727+409,1996,1,112.7139440673,0.264,40.8307852383,0.336,-0.448
0727-115,1996,149,112.5796352806,0.108,-11.686833525,0.168,-0.224
0728+249,1996,2,112.8906060952,0.194,24.8662774249,0.407,0.197
0729+259,1996,1,113.2344802276,0.109,25.8107765577,0.241,-0.095
0730+504,1996,1,113.4688357136,0.097,50.3691839529,0.181,0.214
0731+479,1996,1,113.759632066,0.141,47.835674291,0.223,0.184
0733+261,1996,1,114.2419737791,0.188,26.0805403518,0.342,0.063
0733+300,1996,1,114.0569211401,0.15,29.9061627616,0.378,-0.132
0735+178,1996,21,114.5308073714,0.216,17.7052772808,0.271,-0.06
0736+017,1996,3,114.8251412414,0.226,1.6179493782,0.264,-0.374
0738+272,1996,1,115.3572200733,0.238,27.1126087914,0.379,0.016
0738+313,1996,2,115.2945971012,0.097,31.2000636007,0.179,-0.13
0738+491,1996,2,115.5114539752,0.116,49.0043358217,0.193,-0.044
0738-674,1996,1,114.7354009583,0.541,-67.5974515066,0.422,0.043
0739+398,1996,1,115.7911939061,0.149,39.6918836138,0.328,-0.364
0740+173,1996,2,115.7712783333,0.329,17.2401147439,0.824,-0.538
0740+235,1996,1,115.9373850403,3.36,23.4775012073,2.325,0.566
0742+103,1996,1,116.387747988,0.535,10.186857988,1.385,-0.158
0742+318,1996,1,116.4236313265,0.197,31.7157266894,0.372,-0.462
0743+259,1996,2,116.6078090174,0.257,25.8172596138,0.554,-0.051
0743+277,1996,1,116.6684679626,0.113,27.58306864,0.241,-0.051
0743-006,1996,1,116.4753430175,0.281,-0.7382052187,0.479,0.105
0745+241,1996,10,117.1504553977,0.174,24.0066972044,0.298,-0.382
0746+483,1996,1,117.5851513755,0.175,48.2482101661,0.219,0.016
0746+503,1996,1,117.5347618586,0.754,50.2518918487,0.839,0.068
0747+185,1996,2,117.5013747226,0.209,18.3865020162,0.508,-0.219
0748+333,1996,1,117.9736384582,0.137,33.2221717622,0.289,-0.037
0749+376,1996,1,118.170449509,0.244,37.5067533324,0.434,-0.467
0749+426,1996,1,118.2639062221,0.171,42.5252126351,0.304,-0.184
0749+540,1996,23,118.2557691245,0.046,53.883232529,0.046,0.037
0751+485,1996,1,118.6902936661,0.237,48.3974301391,0.365,0.261
0759+183,1996,2,120.7001331356,0.12,18.1636804223,0.263,-0.169
0759+252,1996,1,120.6732809281,0.458,25.1530272075,0.746,0.651
0802+212,1996,2,121.41055937,0.36,21.1143313006,0.637,-0.357
0803+452,1996,1,121.6394687175,0.279,45.0756310912,0.339,0.54
0803+514,1996,1,121.7542231569,0.275,51.2940768353,0.418,0.454
0804+499,1996,123,122.1652762319,0.07,49.8434806749,0.075,-0.052
0805+269,1996,1,122.1531872774,0.907,26.776872222,1.16,-0.07
0805+410,1996,24,122.2360501764,0.059,40.8791357829,0.063,-0.156
0807+417,1996,1,122.7458094677,0.338,41.5674461912,0.559,-0.564
0808+019,1996,1,122.8612804103,0.213,1.7811719903,0.378,-0.151
0810+247,1996,2,123.4464071309,0.996,24.5997637469,1.147,-0.567
0810+258,1996,1,123.2659753345,0.24,25.7030644455,0.389,0.469
0812+367,1996,1,123.8581036567,0.057,36.5875413664,0.121,-0.22
0814+326,1996,1,124.3689261973,0.439,32.450812768,0.63,0.452
0814+425,1996,3,124.5666650051,0.084,42.3792819286,0.143,-0.162
0815+326,1996,1,124.7597024116,0.273,32.4436710984,0.47,0.433
0818-128,1996,1,125.2393652255,0.354,-12.9831027455,0.616,-0.021
0819+408,1996,1,125.7398164874,0.118,40.6971575132,0.242,0.074
0820+225,1996,2,125.8531632666,0.361,22.3842467939,0.74,0.325
0820+296,1996,1,125.9213833131,0.378,29.474499753,0.617,0.094
0820+560,1996,5,126.1968184058,0.161,55.8785193478,0.264,0.115
0821+248,1996,2,126.1375387186,0.243,24.6453100086,0.504,-0.297
0821+394,1996,1,126.2311827587,0.056,39.2783067379,0.113,-0.212
0821+621,1996,4,126.4108846718,0.35,61.9579387031,0.243,0.222
0822+137,1996,2,126.2995455454,0.25,13.5423720204,0.631,-0.171
0823+033,1996,73,126.4597431514,0.083,3.1568110877,0.155,-0.091
0823-500,1996,1,126.361953795,6.483,-50.1773574249,3.027,-0.65
0824+355,1996,1,126.9107843407,0.104,35.418076975,0.181,-0.176
0826-373,1996,1,127.019917785,0.446,-37.5184111981,1.231,0.415
0827+243,1996,9,127.7170257956,0.136,24.1832834334,0.195,-0.079
0828+493,1996,1,128.0967363363,0.109,49.2225106661,0.205,0.127
0829+046,1996,3,127.9536540257,0.318,4.4941905425,0.367,-0.06
0829+187,1996,2,128.0668344331,0.442,18.5367038487,0.728,-0.065
0830+425,1996,1,128.4745224158,0.202,42.4005140084,0.32,0.077
0833+276,1996,1,129.0953694386,0.15,27.4812593118,0.28,0.071
0833+416,1996,1,129.1537194377,0.172,41.4318645287,0.423,-0.066
0834+250,1996,1,129.4176903372,0.116,24.9064226499,0.262,-0.115
0836+182,1996,2,129.8780057794,0.485,18.0464284319,0.902,-0.723
0836+426,1996,1,129.9856723239,0.18,42.4655043121,0.33,0.098
0839+187,1996,5,130.5212256347,0.189,18.5947194986,0.507,-0.089
0839+458,1996,1,130.7795594026,3.704,45.6285826763,7.332,0.315
0840+424,1996,1,130.8818226047,1.302,42.2582014494,2.082,0.201
0841+386,1996,1,131.1212409346,0.14,38.5154750309,0.305,-0.193
0844+463,1996,1,131.8929104982,0.138,46.1577793285,0.236,0.267
0847+379,1996,1,132.6030408174,0.145,37.7859660454,0.291,-0.178
0854+213,1996,2,134.238519912,0.479,21.1954607004,0.564,0.034
0859+433,1996,1,135.628833254,0.112,43.1706016091,0.222,-0.117
0859+470,1996,1,135.7666254872,0.086,46.8511493272,0.168,0.007
0900+428,1996,1,136.0651187848,0.183,42.6346568432,0.307,-0.284
0902+290,1996,1,136.4240411526,0.48,28.824528167,0.572,0.516
0902+468,1996,1,136.5647485138,0.776,46.6052848498,1.406,-0.399
0902+490,1996,1,136.3644328638,0.114,48.8472125127,0.205,0.109
0906+163,1996,2,137.2330223038,0.592,16.1652121752,1.595,-0.732
0908+201,1996,2,137.8894154529,3.136,19.9705807791,1.94,-0.433
0908+340,1996,1,137.949006246,0.412,33.8213316532,1.159,0.411
0911+354,1996,1,138.6642648655,0.288,35.2012753145,0.483,0.247
0913+391,1996,1,139.2037691719,0.112,38.9078183969,0.197,0.023
0916+336,1996,1,139.7866130543,0.195,33.4116508021,0.404,0.229
0917+449,1996,1,140.2435769604,0.068,44.6983292069,0.144,0.036
0917+624,1996,3,140.4009628453,0.087,62.2644945405,0.092,-0.205
0919-260,1996,33,140.3723078771,0.138,-26.3120516545,0.368,-0.141
0920+284,1996,1,140.9646809486,0.25,28.256950573,0.421,0.19
0920+390,1996,5,140.8102206457,0.15,38.8277528021,0.279,0.168
0920+416,1996,1,140.8804374728,0.111,41.424288681,0.208,-0.064
0920-397,1996,25,140.6934094189,0.177,-39.993074524,0.622,-0.205
0922+316,1996,1,141.4318761466,0.783,31.4530011012,1.495,0.251
0922+407,1996,1,141.5017786575,0.08,40.497131275,0.168,-0.074
0925+449,1996,1,142.1005712867,0.261,44.7679998388,0.385,0.265
0925+504,1996,1,142.3143342068,0.078,50.226663824,0.135,0.171
0925-203,1996,1,141.9659344251,0.786,-20.5808975176,2.81,0.321
0927+352,1996,1,142.7303296173,0.088,35.0604467058,0.174,-0.079
0927+469,1996,1,142.6461703785,11.01,46.7357396463,26.965,0.958
0928+144,1996,2,142.7722601504,0.311,14.2379219559,0.616,-0.547
0930+493,1996,1,143.5656762258,0.268,49.1393696112,0.368,0.503
0933+503,1996,1,144.3013640295,0.129,50.1478048089,0.233,-0.384
0936+419,1996,1,144.9567327366,0.159,41.6983864617,0.306,-0.22
0937+262,1996,1,145.061344978,0.102,26.0583183609,0.202,0.123
0940+172,1996,2,145.8217665256,0.491,17.0386007707,1.136,-0.536
0942+358,1996,1,146.4088362955,0.084,35.5819690182,0.191,-0.104
0942+468,1996,1,146.4253861732,0.35,46.614054519,0.462,0.129
0945+408,1996,1,147.2305758707,0.056,40.6623851797,0.113,-0.03
0949+354,1996,1,148.1334422673,0.084,35.2145563721,0.185,-0.126
0951+268,1996,1,148.6658189188,0.136,26.6568176052,0.257,0.181
0952+179,1996,7,148.7367651311,0.205,17.7253393503,0.503,0.098
0954+658,1996,6,149.6968546589,0.186,65.5652271763,0.214,-0.216
0955+326,1996,1,149.5872901897,0.089,32.4006136622,0.2,0.073
0955+476,1996,137,149.5819652522,0.073,47.4188451164,0.088,-0.083
0955+509,1996,1,149.6575392022,0.237,50.6659677938,0.378,-0.576
0958+294,1996,1,150.292523528,0.154,29.193760068,0.285,0.247
0958+346,1996,1,150.2997883656,0.124,34.4140163822,0.222,0.229
1001+329,1996,1,150.9898528024,0.528,32.7343172488,0.858,0.521
1004+141,1996,39,151.9229087094,0.25,13.9415557668,0.347,-0.294
1007+337,1996,1,152.7159542465,0.161,33.50493346,0.34,-0.232
1010+350,1996,1,153.4567251739,0.079,34.7641065094,0.161,0.025
1010+495,1996,1,153.3747142473,11.51,49.3113855937,27.95,-0.833
1011+250,1996,2,153.4726198626,0.126,24.8212335206,0.273,-0.085
1011+496,1996,1,153.7672494425,0.43,49.4335290128,0.604,-0.421
1012+232,1996,2,153.6961061278,0.088,23.021269669,0.183,-0.062
1013+208,1996,2,154.184675362,0.151,20.6298070011,0.303,0.255
1015+359,1996,1,154.5457837273,0.058,35.7109558646,0.123,0.024
1018+348,1996,1,155.3228112679,0.11,34.6226846731,0.218,-0.339
1019+429,1996,1,155.554718091,0.159,42.6571144915,0.288,0.047
1020+191,1996,2,155.7298198412,2.519,18.8928506964,3.304,0.851
1020+400,1996,2,155.798190303,0.068,39.8042737102,0.136,-0.223
1022+194,1996,5,156.186706665,0.15,19.2056709914,0.281,0.007
1023+131,1996,2,156.4845223458,0.074,12.8969505815,0.16,-0.092
1024+483,1996,1,156.8044996555,0.276,48.0537597546,0.432,-0.633
1030+398,1996,1,158.3419208785,0.112,39.5975231225,0.198,0.374
1030+415,1996,1,158.2654495779,0.151,41.2683981043,0.321,-0.467
1032+509,1996,1,158.7750810189,0.52,50.6683614036,0.792,-0.727
1032-199,1996,1,158.758980224,0.793,-20.192877966,0.613,0.328
1033+223,1996,2,159.1374193835,0.915,22.0533905171,0.973,-0.182
1034+288,1996,1,159.4326469682,0.269,28.5831834321,0.44,-0.138
1034-293,1996,81,159.3169989168,0.188,-29.5674481753,0.27,-0.224
1038+064,1996,7,160.3215105152,0.212,6.1713674343,0.321,-0.439
1038+52A,1996,26,160.4449235295,0.23,52.5578420204,0.29,0.011
1038+52B,1996,1,160.45374023,0.644,52.5654471259,1.297,-0.274
1040+244,1996,1,160.7876491275,0.097,24.1431691914,0.204,-0.377
1042+178,1996,2,161.3098322699,0.919,17.5966898141,1.882,-0.506
1043+066,1996,2,161.4697218796,0.53,6.4101258169,0.982,-0.522
1044+719,1996,83,162.1150830995,0.049,71.7266495242,0.051,0.0
1045-188,1996,1,162.027585819,0.592,-19.159924199,0.533,0.181
1048+347,1996,1,162.7421789987,0.652,34.5030390362,0.844,-0.531
1048+470,1996,1,162.8162310617,2.204,46.7381583754,1.11,-0.532
1048-313,1996,1,162.769907015,1.349,-31.6373078711,3.281,0.456
1049+215,1996,2,162.9532879026,0.092,21.3311982625,0.177,-0.052
1053+704,1996,1,164.2234062826,0.131,70.196087706,0.147,0.177
1053+815,1996,7,164.5480641405,0.137,81.242409748,0.122,-0.014
1055+018,1996,7,164.6233549923,0.161,1.5663399166,0.229,-0.394
1055+201,1996,2,164.5745867802,0.193,19.8641306437,0.523,-0.43
1055+433,1996,1,164.5121700877,0.163,43.0781958996,0.245,-0.563
1056+212,1996,2,164.9126778926,0.168,20.9560988256,0.336,-0.042
1057-797,1996,16,164.6804571192,0.366,-80.0650443811,0.282,0.108
1058+393,1996,1,165.3752899375,0.193,39.0757314454,0.317,-0.54
1059+282,1996,1,165.5595353039,0.096,27.9524138018,0.203,-0.438
1100+223,1996,2,165.846115307,0.483,22.0604777817,0.68,-0.412
1100+305,1996,1,165.8054246107,0.155,30.2451950056,0.317,-0.578
1101+384,1996,34,166.1138081333,0.169,38.2088330545,0.248,-0.123
1101-536,1996,3,165.9675904917,0.33,-53.9501933594,0.573,0.243
1104+167,1996,2,166.8126976688,0.375,16.4672902823,0.984,-0.649
1104-445,1996,16,166.7862254764,0.324,-44.8187828898,0.521,-0.274
1105+437,1996,1,167.0978206063,0.132,43.5149047162,0.204,-0.467
1105-680,1996,1,166.8028957463,1.043,-68.347424577,0.933,0.874
1107+443,1996,2,167.6931075346,0.214,44.0572013811,0.318,-0.456
1107+485,1996,1,167.6513487096,2.725,48.2979016513,7.889,-0.297
1108+201,1996,2,167.8336075606,2.887,19.9266666012,2.293,-0.679
1117+146,1996,2,170.1158539676,17.693,14.3486113977,17.12,-0.929
1119+183,1996,2,170.6237978335,0.188,18.0906508454,0.308,0.264
1121+238,1996,2,171.0112743227,0.489,23.6127417781,0.559,-0.29
1123+203,1996,2,171.4947581992,0.52,20.0984270504,0.635,0.025
1123+264,1996,2,171.4737996938,0.102,26.1722162516,0.197,-0.341
1124+455,1996,1,171.7402291436,0.243,45.2684118741,0.75,-0.31
1124-186,1996,53,171.7683018865,0.114,-18.9548449378,0.255,-0.429
1125+213,1996,2,172.1480891169,2.537,21.04371116,2.634,-0.167
1125+366,1996,1,171.9952950908,0.163,36.3412087433,0.279,-0.576
1128+308,1996,1,172.6767882401,0.167,30.5264965938,0.319,-0.112
1128+385,1996,123,172.7220109211,0.081,38.2551519118,0.101,-0.123
1130+009,1996,2,173.3335656192,0.702,0.6813434107,1.135,0.019
1135+480,1996,1,174.588075731,0.327,47.7542769492,0.618,0.081
1136+408,1996,1,174.7613926065,0.196,40.5485670875,0.29,-0.326
1140+188,1996,2,175.8586236203,0.543,18.5773226463,1.142,0.038
1143+446,1996,1,176.4104982171,5.803,44.339420885,8.896,-0.653
1143-245,1996,1,176.5337637045,0.832,-24.7924709472,0.775,0.134
1144+352,1996,2,176.8422105118,0.422,35.0187563298,0.475,-0.075
1144+402,1996,4,176.7429078921,0.118,39.9761957365,0.169,-0.47
1144-379,1996,55,176.7557113078,0.19,-38.2030621211,0.274,0.073
1145+268,1996,1,176.9990162611,0.086,26.5950923538,0.183,-0.323
1145-071,1996,15,176.964808484,0.245,-7.4114281317,0.426,-0.355
1146+189,1996,2,177.1574033453,1.037,18.6691581279,0.839,0.457
1147+245,1996,2,177.5800507179,0.098,24.2982875458,0.215,-0.308
1147+438,1996,1,177.5691777655,0.88,43.5349737955,1.409,-0.179
1148-001,1996,1,177.682795054,0.574,-0.3983904632,0.81,0.335
1150+497,1996,1,178.3519443487,0.095,49.5191194977,0.18,0.02
1150+812,1996,1,178.3020808908,0.338,80.9747652419,0.251,0.231
1151+408,1996,1,178.4777455011,0.175,40.6146164607,0.244,-0.329
1152+462,1996,1,178.7958718278,1.951,45.9276736036,3.55,-0.382
1155+169,1996,2,179.3951511045,0.167,16.6499027499,0.292,0.032
1155+251,1996,1,179.6074481467,0.35,24.8383233513,0.543,-0.365
1155+486,1996,1,179.6115397066,0.138,48.4211747859,0.262,-0.172
1156+295,1996,33,179.8826413233,0.095,29.2455074487,0.156,-0.266
1156-094,1996,1,179.8029681935,6.851,-9.6811228054,3.063,0.042
1200+468,1996,1,180.8824905051,14.165,46.5487630857,15.863,0.705
1204+281,1996,1,181.8662520012,0.105,27.9163471661,0.221,-0.199
1204+399,1996,1,181.6543887832,0.155,39.6843743281,0.25,-0.427
1206+416,1996,1,182.3449500367,0.183,41.3281583367,0.257,-0.366
1207+260,1996,1,182.4378963591,0.132,25.7843694198,0.271,-0.199
1208+186,1996,2,182.7778679258,0.567,18.3428562998,0.603,0.24
1210+197,1996,2,183.2337325486,1.408,19.4297267256,1.115,-0.188
1211+334,1996,1,183.5171491874,0.229,33.1626653317,0.337,-0.058
1212+171,1996,2,183.766579774,0.194,16.9105435978,0.369,-0.354
1213+350,1996,1,183.9816708545,0.149,34.8042280976,0.23,-0.393
1213-172,1996,2,183.9447990663,0.337,-17.5292785953,0.424,-0.043
1215+303,1996,1,184.4670082508,0.129,30.1168432803,0.271,-0.476
1216+487,1996,1,184.7767280722,0.1,48.4989347784,0.194,0.044
1217+023,1996,1,185.0495184394,2.989,2.0617312001,11.975,-0.992
1217+348,1996,1,185.0345589826,0.235,34.5227063734,0.447,-0.624
1218+384,1996,1,185.246788802,0.166,38.1488074254,0.273,-0.542
1218+444,1996,1,185.3626861027,0.154,44.1915754723,0.309,0.046
1219+044,1996,115,185.5939567813,0.126,4.2210489176,0.229,-0.23
1219+285,1996,1,185.3820438404,0.184,28.2329166417,0.299,-0.333
1221+464,1996,1,185.913902472,0.369,46.1885008691,0.462,-0.123
1221+809,1996,3,185.9187241803,0.134,80.6678722957,0.13,-0.091
1222+037,1996,5,186.2184247656,0.267,3.5139702111,0.373,-0.268
1222+216,1996,2,186.2269099981,0.076,21.3795522915,0.159,-0.127
1222+438,1996,1,186.214605513,0.24,43.5886908647,0.514,-0.147
1223+395,1996,1,186.4607044595,0.159,39.2396351355,0.32,-0.234
1225+317,1996,1,187.1040250066,0.129,31.4771192101,0.29,-0.239
1225+368,1996,1,186.9946893347,0.555,36.5866186361,0.722,-0.59
1226+373,1996,2,187.1975987311,0.169,37.1033597851,0.269,-0.444
1226+492,1996,1,187.2156994919,0.357,48.9670254001,0.831,0.42
1227+255,1996,1,187.5587056694,0.168,25.3019823199,0.346,-0.362
1230+486,1996,1,188.1449484137,0.279,48.3591500698,0.498,0.21
1231+481,1996,1,188.5555450091,0.304,47.8975653963,0.572,0.08
1232+366,1996,1,188.7741935728,0.279,36.3553670909,0.34,-0.355
1235+196,1996,2,189.4017515558,0.166,19.4112832632,0.406,-0.13
1236+077,1996,2,189.8524513746,0.214,7.5047747284,0.292,-0.072
1236-684,1996,1,189.9443739968,4.812,-68.7585745198,12.215,-0.963
1237-101,1996,4,189.9294229241,0.523,-10.3913036283,0.597,-0.307
1238+243,1996,1,190.1999373375,1.542,24.0872644226,1.902,-0.369
1239+376,1996,3,190.5408849535,0.215,37.3349146569,0.422,0.188
1240+381,1996,1,190.7140376326,0.12,37.8500070672,0.154,-0.479
1242+410,1996,1,191.204946302,2.187,40.8017085701,3.813,0.918
1243-072,1996,7,191.5176338056,0.215,-7.512937435,0.356,-0.221
1244-255,1996,1,191.6950086208,0.4,-25.7970247445,0.373,0.574
1246+489,1996,1,192.2122807838,5.788,48.6647687794,11.209,0.56
1251-713,1996,1,193.7496734629,0.471,-71.6384546649,0.326,0.531
1252+458,1996,1,193.6201194156,0.259,45.6012018036,0.566,0.253
1253+185,1996,2,193.8823331172,0.275,18.2974752772,0.55,0.402
1255+327,1996,1,194.4884660625,0.09,32.4914794647,0.202,-0.469
1255-316,1996,23,194.4960867448,0.119,-31.9213478099,0.356,-0.137
1257+145,1996,1,195.0871615753,1.144,14.2884809395,0.97,0.382
1258+507,1996,1,195.171862618,0.231,50.4935459403,0.511,-0.152
1300+485,1996,1,195.5716504345,0.167,48.3215484086,0.32,0.146
1300+580,1996,12,195.7186053883,0.068,57.8104470149,0.066,-0.039
1302-102,1996,3,196.3875625332,0.689,-10.5553968261,1.262,-0.385
1305+502,1996,1,197.0330176609,0.332,49.9648527577,0.478,0.483
1308+145,1996,2,197.7826013529,0.906,14.2962911109,1.192,-0.505
1308+172,1996,2,197.8492505043,1.749,16.9789415006,3.879,-0.869
1308+326,1996,140,197.6194326782,0.069,32.34549525,0.076,-0.115
1308+328,1996,8,197.7475113787,0.148,32.5595692928,0.242,-0.072
1308+471,1996,1,197.7232983084,0.696,46.8978384752,1.181,0.389
1310+487,1996,1,198.1806403198,0.361,48.4752614611,0.485,-0.012
1313+200,1996,2,199.1023671132,2.805,19.7845722331,2.221,0.199
1313-333,1996,15,199.0332747366,0.432,-33.6497702048,0.764,0.471
1318+225,1996,2,200.2966773619,0.142,22.2700300929,0.284,0.142
1318+508,1996,1,200.1758661813,5.916,50.6021663867,3.077,-0.675
1321+410,1996,1,201.0503983805,0.239,40.803267548,0.387,-0.176
1322+479,1996,1,201.1222602549,0.453,47.7223954553,0.641,-0.205
1323+321,1996,1,201.5688017649,1.119,31.9026425307,1.212,-0.099
1324+224,1996,2,201.7535888089,0.055,22.1806008519,0.114,-0.048
1325+437,1996,1,201.8374125328,0.184,43.4411080517,0.286,0.059
1325+504,1996,1,201.8546818501,0.331,50.1469923411,0.635,0.18
1327+321,1996,1,202.4702706038,0.071,31.9030707623,0.156,-0.245
1327+504,1996,1,202.2741778565,0.158,50.1573337234,0.259,0.043
1330+276,1996,1,203.2812113603,0.127,27.4217730635,0.276,-0.352
1330+476,1996,1,203.1885268499,0.274,47.3729633654,0.45,-0.144
1331+170,1996,2,203.3990943568,0.162,16.8177819106,0.347,0.425
1333+459,1996,1,203.8415094989,0.164,45.7106198751,0.23,-0.009
1334-127,1996,129,204.4157616132,0.139,-12.9568592824,0.202,-0.223
1338+285,1996,1,205.3136781384,0.19,28.268076915,0.421,-0.53
1339+274,1996,1,205.5349028574,0.119,27.1585048136,0.231,-0.176
1342+662,1996,2,205.9414984393,0.248,66.0404847137,0.255,0.191
1342+663,1996,3,206.0361654597,0.179,66.103234372,0.218,0.082
1344+188,1996,2,206.8478757697,0.154,18.5937703972,0.318,0.147
1348+308,1996,1,207.719734209,0.097,30.5815527819,0.218,-0.211
1349-439,1996,2,208.2355625305,0.885,-44.2112193029,1.625,-0.371
1351-018,1996,68,208.5287304962,0.133,-2.1008863236,0.271,-0.117
1354+195,1996,3,209.268486018,0.202,19.3187145012,0.28,-0.154
1354-152,1996,5,209.2968540317,0.3,-15.4579964035,0.495,0.097
1357+404,1996,1,209.9087261666,0.121,40.1939584056,0.238,-0.252
1357+769,1996,133,209.4807147706,0.068,76.7225141687,0.067,-0.007
1402+044,1996,4,211.2546660253,0.369,4.2599494577,0.597,-0.422
1404+347,1996,1,211.7243635772,0.137,34.5603628839,0.332,-0.356
1406-076,1996,5,212.235338386,0.315,-7.8740739946,0.45,0.023
1410+138,1996,2,213.1515527511,0.385,13.5772646355,0.702,-0.508
1412+461,1996,1,213.561897193,19.569,45.9134899456,91.011,-0.972
1413+135,1996,3,213.9950728187,0.18,13.3399201732,0.264,0.038
1413+349,1996,1,214.0174427448,0.144,34.7434520111,0.34,0.08
1413+373,1996,1,213.8686116637,0.257,37.1058783683,0.353,-0.313
1415+463,1996,1,214.2840053882,0.244,46.1181802303,0.304,0.348
1417+273,1996,1,214.9970711504,0.247,27.1070978101,0.522,0.051
1417+385,1996,3,214.944224037,0.105,38.3634652202,0.194,-0.21
1418+546,1996,5,214.9441558934,0.161,54.3874408529,0.163,-0.291
1419+469,1996,1,215.3461374925,0.274,46.7633298534,0.406,0.196
1420+326,1996,1,215.6265790338,0.162,32.3862333605,0.395,-0.294
1421+482,1996,1,215.7756533193,0.693,48.0363461035,0.683,0.032
1421+511,1996,1,215.8091106977,1.003,50.9270231047,1.662,-0.583
1422+473,1996,1,216.1544991105,0.468,47.0990829646,0.865,-0.07
1423+146,1996,2,216.4542416975,0.148,14.4158062834,0.372,-0.131
1424+240,1996,2,216.7516323169,1.255,23.8000106028,1.72,-0.597
1424+366,1996,1,216.6545312543,0.072,36.4193260613,0.141,-0.213
1424-418,1996,37,216.9845732286,0.187,-42.1053993271,0.208,0.012
1428+422,1996,1,217.5989234181,0.147,42.0768030215,0.292,-0.226
1429+400,1996,1,217.8355767005,0.15,39.8782027779,0.37,-0.276
1430-178,1996,2,218.2403782256,1.529,-18.0264585984,2.421,-0.4
1432+200,1996,2,218.6658056872,0.132,19.866870956,0.283,-0.023
1432+422,1996,1,218.5237269726,0.12,42.0544420642,0.239,-0.231
1433+304,1996,1,218.8975091185,0.379,30.2068111427,0.587,0.164
1434+235,1996,2,219.1707545808,0.153,23.3509054886,0.351,-0.404
1435-218,1996,1,219.539455376,1.385,-22.0818746497,0.943,0.612
1436+373,1996,1,219.7233790677,0.141,37.1765046839,0.275,-0.065
1436+445,1996,1,219.6187687199,0.335,44.3033532422,0.502,0.032
1438+385,1996,1,220.0930670895,0.087,38.3371156117,0.18,-0.204
1438+501,1996,1,219.9457342845,0.158,49.9681820743,0.264,0.085
1439+327,1996,1,220.5005791128,0.215,32.5723057854,0.433,-0.121
1443-162,1996,1,221.4724011767,1.091,-16.4837832485,1.092,-0.668
1444+175,1996,2,221.6472762341,0.102,17.3521058913,0.216,-0.05
1445-161,1996,3,222.0627259395,0.789,-16.3401525396,0.825,-0.417
1448+762,1996,1,222.119913055,0.208,76.0198880102,0.102,0.257
1449+139,1996,1,222.8812123236,6.175,13.7233358544,4.622,0.405
1450+455,1996,1,223.1028095385,1.273,45.3732413473,1.889,-0.767
1451+270,1996,1,223.4733360492,0.117,26.8092804912,0.283,-0.13
1451-375,1996,12,223.6142072761,0.542,-37.7925403123,0.987,0.71
1451-400,1996,3,223.6371351934,0.671,-40.2090318766,0.473,0.575
1454+447,1996,1,223.9755657262,0.416,44.527126413,0.651,-0.273
1454+510,1996,1,224.0338296962,4.638,50.8100823982,2.991,-0.026
1456+375,1996,1,224.6866434985,0.228,37.3393396352,0.439,-0.276
1459+480,1996,1,225.2027259607,0.12,47.8543162778,0.204,-0.538
1502+036,1996,2,226.2769881149,0.492,3.4418922948,0.494,-0.261
1502+291,1996,1,226.1112355661,0.326,28.9084838302,0.751,0.161
1502+330,1996,1,226.0313556851,0.574,32.8225505798,0.694,0.157
1504+377,1996,1,226.5397081943,0.057,37.514203423,0.114,-0.13
1504-166,1996,4,226.7699456865,0.314,-16.8750742744,0.466,-0.312
1505+428,1996,1,226.7210077481,0.076,42.6563986932,0.141,-0.129
1505+497,1996,1,226.6838098971,0.241,49.5655010112,0.349,-0.543
1505+514,1996,1,226.7983984346,0.427,51.2880172144,0.623,-0.467
1508+572,1996,13,227.5121764802,0.174,57.0453821706,0.213,-0.035
1510-089,1996,4,228.2105539626,0.174,-9.0999529097,0.287,-0.486
1511+238,1996,2,228.4174398657,0.796,23.6431112135,0.765,-0.239
1511-100,1996,1,228.4370556336,0.536,-10.2000735211,0.466,0.22
1514+197,1996,2,229.23665069,0.124,19.5369421585,0.258,-0.293
1514-241,1996,27,229.4242214184,0.333,-24.3720767117,0.511,-0.188
1519-273,1996,2,230.6569832211,0.202,-27.5029960011,0.221,0.289
1520+319,1996,1,230.5416321742,0.102,31.7373282475,0.234,-0.036
1520+437,1996,1,230.4567244991,0.07,43.6109077687,0.142,-0.085
1522+155,1996,2,231.1733810118,0.606,15.3558475927,1.33,-0.646
1525+314,1996,1,231.8280710451,0.609,31.2567738683,0.689,0.13
1532+016,1996,1,233.7185576462,1.585,1.517836004,1.773,0.654
1533+487,1996,1,233.8110557304,1.363,48.6165818984,0.81,-0.468
1534+501,1996,1,233.9668290515,0.395,49.960855391,0.574,-0.644
1537+162,1996,2,234.8545793878,0.32,16.0667611789,0.55,0.073
1537+279,1996,1,234.9130712943,0.355,27.743948408,0.817,-0.304
1542+328,1996,1,236.0235693116,0.236,32.6800891294,0.398,-0.503
1543+480,1996,1,236.2855409718,0.269,47.8651844266,0.408,-0.44
1543+517,1996,1,236.2617653872,0.148,51.5835758449,0.288,-0.42
1546+027,1996,1,237.3726535204,0.142,2.6169897658,0.31,-0.317
1547+507,1996,1,237.322785702,0.116,50.6349410756,0.208,-0.34
1549-790,1996,1,239.2452955784,1.584,-79.2345216473,1.774,0.421
1551+130,1996,2,238.3862411161,0.285,12.9476989997,0.635,-0.038
1555+001,1996,5,239.4643081499,0.204,-0.0306705032,0.386,-0.459
1557+032,1996,9,239.8790525714,0.258,3.0800713731,0.607,-0.25
1600+335,1996,2,240.5302644167,0.096,33.4480756055,0.199,-0.533
1601+160,1996,1,240.9085932755,6.505,15.9006567118,6.178,0.881
1603+301,1996,1,241.3877001665,0.366,30.0249172406,0.536,-0.652
1604+159,1996,2,241.7767934857,0.25,15.8595791738,0.464,-0.03
1604+274,1996,1,241.742918103,0.286,27.2848841365,0.488,-0.762
1604+315,1996,1,241.5354932968,0.132,31.4129049371,0.237,-0.476
1604-333,1996,1,241.8948425977,5.604,-33.5191423777,3.018,-0.544
1606+106,1996,151,242.1925132907,0.105,10.4854932434,0.142,-0.178
1608+243,1996,1,242.6751115181,0.122,24.246947703,0.225,-0.476
1609+190,1996,2,242.954364772,0.197,18.9439186108,0.375,-0.217
1610-771,1996,23,244.4553184439,0.228,-77.2884631601,0.227,-0.004
1611+343,1996,40,243.4211010419,0.08,34.2133080546,0.129,-0.09
1613+216,1996,1,243.8795562439,5.41,21.5030793223,4.732,0.78
1614+051,1996,4,244.1564867038,0.274,4.9924268054,0.536,-0.337
1615+364,1996,1,244.231583515,0.812,36.3595836106,0.638,0.266
1616+063,1996,2,244.7653650374,1.31,6.217289196,1.7,0.013
1617+229,1996,2,244.8117692336,0.096,22.79662526,0.199,-0.155
1619+491,1996,1,245.1301049801,0.142,49.0314602794,0.302,-0.25
1619-680,1996,1,246.076820471,0.604,-68.1534714753,0.472,0.179
1621+392,1996,1,245.7817598843,0.139,39.1590031024,0.265,-0.104
1622-253,1996,115,246.4453818454,0.147,-25.4606464088,0.228,-0.21
1622-297,1996,8,246.5250868596,0.4,-29.8574920497,0.531,-0.069
1624+416,1996,3,246.4902905871,0.153,41.577952659,0.23,0.142
1626+229,1996,2,247.0634998362,3.462,22.7992531362,7.944,-0.725
1627+476,1996,1,247.1562682313,7.289,47.5695586421,10.987,0.743
1629+495,1996,1,247.8189162628,0.19,49.4609765194,0.329,-0.292
1634+213,1996,2,249.1590976622,0.206,21.2154429023,0.371,-0.096
1636+473,1996,1,249.4380438664,0.108,47.2927308455,0.169,-0.313
1637+574,1996,9,249.5560678557,0.075,57.3399941034,0.117,0.066
1639+230,1996,3,250.3551148137,0.116,22.9511201912,0.262,-0.132
1640+254,1996,1,250.668382653,0.142,25.3854671788,0.249,-0.384
1642+183,1996,2,251.2184683454,0.597,18.2214551353,1.461,-0.78
1642+256,1996,1,251.2460868839,0.481,25.6084965981,0.53,-0.532
1642+690,1996,1,250.5327022198,0.136,68.9443767334,0.146,0.171
1645+224,1996,2,252.0063981409,0.338,22.4092078817,0.442,0.239
1645+271,1996,1,251.8899975011,10.613,27.0995240246,11.37,0.643
1645+410,1996,1,251.7369112019,0.064,40.9881033496,0.127,0.067
1646+411,1996,1,252.121908202,0.249,41.0682092918,0.306,-0.663
1646+499,1996,1,251.8954665182,0.652,49.8334963366,0.842,-0.536
1647-296,1996,1,252.6647675982,0.619,-29.7297095106,0.584,0.47
1651+312,1996,1,253.3746277379,0.116,31.1324645695,0.206,-0.31
1651+391,1996,1,253.2437899018,0.116,39.0471728882,0.174,-0.597
1654+185,1996,2,254.1420378573,0.684,18.4406519992,0.969,0.159
1656+053,1996,2,254.639363876,0.657,5.2545679499,0.515,0.438
1656+477,1996,1,254.5115816692,0.089,47.6303418699,0.175,-0.264
1656+482,1996,1,254.4453289698,0.109,48.1425113189,0.187,-0.243
1657+265,1996,1,254.8506226745,0.152,26.4935953112,0.246,-0.268
1657-261,1996,3,255.2214752629,0.499,-26.1810347207,0.693,0.155
1700+151,1996,2,255.590492228,1.994,15.0350226849,2.451,0.575
1704+512,1996,1,256.3600562542,0.983,51.1598328737,2.479,-0.481
1705+018,1996,4,256.8933969512,0.202,1.8126942675,0.406,-0.265
1705+135,1996,2,256.9401553308,0.273,13.518120164,0.521,0.228
1706-174,1996,4,257.3931057597,0.376,-17.4814901966,0.49,-0.639
1712+493,1996,1,258.3964484033,0.26,49.2757045721,0.383,-0.209
1714+219,1996,2,259.0466280054,1.243,21.8704630798,0.978,-0.341
1717+178,1996,1,259.8043687152,0.251,17.7517879651,0.444,-0.006
1719+357,1996,1,260.2895459588,0.199,35.7044620758,0.443,-0.37
1720+250,1996,1,260.7207912206,0.916,24.9763030702,2.335,0.253
1720+282,1996,1,260.6756732315,0.146,28.2500212482,0.3,-0.213
1722+330,1996,1,261.0591577473,0.132,33.0510939641,0.249,-0.622
1722+401,1996,1,261.0226201623,0.136,40.076793552,0.199,-0.594
1725+044,1996,1,262.1039698061,0.322,4.4513645566,0.747,-0.593
1726+455,1996,130,261.8652116907,0.092,45.5110364488,0.1,-0.025
1732+389,1996,1,263.585743943,0.081,38.9642896605,0.132,-0.489
1733-565,1996,1,264.3990415052,6.925,-56.567542239,7.786,-0.201
1734+363,1996,1,263.9503609066,0.14,36.2793364641,0.208,-0.314
1734+508,1996,1,263.9541882365,0.087,50.8198794843,0.162,-0.199
1736+324,1996,1,264.6687575575,0.082,32.4025071315,0.177,-0.341
1737+222,1996,2,265.0244286218,0.364,22.1836036751,0.83,-0.225
1737+339,1996,1,264.8973438497,0.183,33.9689427605,0.312,-0.445
1738+451,1996,1,265.026552542,0.127,45.1139919391,0.214,-0.551
1738+476,1996,1,264.9880377924,0.086,47.6328781504,0.149,-0.362
1738+499,1996,2,264.8641270618,0.134,49.9176022437,0.223,-0.166
1739+438,1996,1,265.2039605651,0.243,43.8044863294,0.356,-0.552
1739+522,1996,63,265.1540743674,0.064,52.1953909656,0.068,-0.076
1740+478,1996,1,265.3950914438,0.397,47.8590379286,0.48,-0.434
1741-038,1996,149,265.9952338766,0.101,-3.8346157815,0.138,-0.144
1742+228,1996,2,266.2694535379,0.312,22.8800214167,0.629,0.254
1742+378,1996,1,265.9485263116,0.179,37.7982861348,0.291,-0.552
1742+402,1996,1,266.1045660906,1.943,40.2467058243,1.325,-0.034
1743+182,1996,2,266.4830310189,0.487,18.2473388861,1.292,-0.014
1745+624,1996,60,266.5584755096,0.165,62.4485384335,0.184,0.184
1746+197,1996,2,267.2728072377,0.508,19.735788783,0.907,0.659
1746+340,1996,1,267.0242486556,0.145,34.0669945751,0.354,-0.345
1747+433,1996,1,267.2515016458,0.139,43.3642463502,0.227,-0.448
1749+096,1996,148,267.8867440534,0.113,9.6502023462,0.164,-0.083
1749+701,1996,1,267.1368340398,0.467,70.0974356112,0.451,0.291
1750+175,1996,2,268.1916787151,0.184,17.5723194057,0.439,0.062
1751+288,1996,1,268.426973488,0.088,28.801371904,0.195,-0.311
1751+441,1996,2,268.3443663376,0.146,44.162690598,0.19,-0.22
1753+204,1996,2,268.8980040174,0.592,20.3992047497,1.555,-0.728
1754+159,1996,2,269.1405233827,0.323,15.8955092072,0.833,-0.484
1756+237,1996,2,269.7514920308,0.329,23.7297092289,0.565,0.495
1758+388,1996,6,270.1031890089,0.119,38.8085270786,0.16,-0.114
1800+440,1996,2,270.38464504,0.079,44.0727500483,0.127,-0.381
1801+459,1996,1,270.6047611464,1.014,45.9596209007,1.027,0.186
1803+784,1996,63,270.1903495123,0.122,78.4677828678,0.112,-0.005
1806+456,1996,1,272.0911911516,0.108,45.7057962569,0.226,-0.222
1807+279,1996,1,272.2999108013,0.102,27.9699443654,0.228,-0.173
1811+298,1996,1,273.4052783044,0.159,29.8771864105,0.311,-0.447
1811+430,1996,1,273.3112058648,0.167,43.0710212321,0.23,-0.354
1812+412,1996,1,273.594609089,0.106,41.218224615,0.169,-0.439
1814+349,1996,1,274.0995867049,2.254,34.9627079768,2.681,-0.091
1815-553,1996,8,274.9391649735,0.645,-55.3557625946,0.621,0.038
1817+502,1996,1,274.6271635587,0.287,50.2888177692,0.411,-0.266
1819+159,1996,2,275.5415374215,0.387,16.0041233159,0.764,0.268
1820+397,1996,1,275.4987526445,1.048,39.7665712848,1.454,-0.54
1821+107,1996,1,276.0118969838,0.418,10.739936946,0.552,0.054
1823+568,1996,3,276.0294516535,0.175,56.850414095,0.164,0.192
1824+185,1996,2,276.5737953219,3.633,18.5313586366,3.67,0.288
1825+269,1996,1,276.980937313,0.36,26.968310509,0.712,-0.734
1825+344,1996,1,276.7499285277,0.169,34.5205888249,0.313,-0.388
1828+399,1996,1,277.4855008902,0.209,39.9596397601,0.297,-0.502
1829+219,1996,1,277.8287087275,18.934,22.0034302499,12.222,-0.948
1829+290,1996,1,277.811913439,1.935,29.1195260098,1.885,-0.044
1830+139,1996,2,278.1811295558,0.259,13.9623335221,0.52,-0.585
1830+285,1996,1,278.2091067648,0.081,28.5599876483,0.173,-0.418
1831-711,1996,1,279.3696467788,0.464,-71.1454320506,0.521,0.156
1833+326,1996,1,278.764123438,0.377,32.6963490985,0.413,0.004
1839+389,1996,1,280.2381426835,0.126,39.0127011674,0.233,-0.427
1841+131,1996,2,281.0302603948,1.433,13.2077889866,2.265,-0.708
1843+356,1996,1,281.3962869413,0.162,35.6879795546,0.253,-0.029
1846+322,1996,1,282.0920357285,0.068,32.3173899156,0.147,-0.311
1846+326,1996,1,282.1431715458,0.16,32.7333720865,0.264,-0.375
1847+303,1996,1,282.3337642005,0.147,30.4039547913,0.372,-0.216
1848+283,1996,1,282.6149575999,0.148,28.4203208758,0.247,-0.615
1850+402,1996,1,283.1265522282,0.111,40.3185023146,0.184,-0.151
1851+488,1996,1,283.1189492446,0.112,48.9298560277,0.231,0.014
1853+376,1996,1,283.865445041,0.278,37.7158240351,0.653,-0.756
1858+269,1996,1,285.2021415162,0.397,27.0326586864,0.697,-0.561
1858+273,1996,1,285.1444894056,0.941,27.3752548531,1.48,0.06
1901+155,1996,2,286.0598379289,1.286,15.6106807364,1.169,-0.251
1908+230,1996,1,287.6880295361,3.293,23.0996129436,6.039,-0.089
1908+484,1996,1,287.4440094725,18.96,48.5755060235,20.215,0.939
1908-201,1996,30,287.7902203923,0.343,-20.115308129,0.533,-0.186
1909+161,1996,2,287.9927392376,0.233,16.1963514488,0.491,-0.137
1909+268,1996,1,287.8961557157,0.24,26.9704897715,0.403,-0.489
1910+375,1996,1,288.1046816467,0.11,37.6768458617,0.211,-0.462
1920+154,1996,2,290.644580052,2.682,15.5027867601,1.799,0.091
1920+450,1996,1,290.4758554199,4.262,45.1074688885,2.273,-0.349
1920-211,1996,13,290.8841242328,0.263,-21.0759258078,0.41,-0.071
1921-293,1996,111,291.2127331465,0.132,-29.2417003134,0.19,-0.151
1922+155,1996,2,291.1643994209,0.305,15.6788725785,0.438,-0.322
1922+478,1996,1,290.863457493,0.226,47.9046714352,0.511,0.317
1923+210,1996,2,291.498355622,0.151,21.1072672772,0.275,0.012
1924+507,1996,1,291.5263403548,0.167,50.8825049416,0.349,0.201
1925-610,1996,1,292.5256670972,0.406,-60.9358843571,0.484,-0.163
1926+233,1996,2,292.2690664299,0.941,23.4247996106,0.835,-0.009
1926+440,1996,1,292.0889622307,5.433,44.2005139536,6.452,0.771
1927+256,1996,1,292.4371588928,0.284,25.7211795039,0.561,0.024
1928+738,1996,1,291.9520633017,0.126,73.9671028091,0.121,0.332
1929+312,1996,1,292.7861411465,0.931,31.3759435105,1.105,-0.389
1932+204,1996,2,293.7936369966,0.325,20.5317094324,0.436,-0.071
1933-400,1996,1,294.3175718754,0.455,-39.9670984955,0.995,0.441
1934+365,1996,1,294.115902729,0.502,36.7097169192,0.53,0.06
1934-638,1996,1,294.8542811318,3.547,-63.7126711075,5.335,0.707
1936-155,1996,4,294.8610739129,0.205,-15.4286272618,0.399,-0.121
1937-101,1996,2,294.9885689476,0.438,-10.0448672386,1.201,0.166
1938+371,1996,1,294.965860047,0.463,37.2251353496,0.443,-0.289
1944+126,1996,2,296.8313613869,0.879,12.8153947173,1.0,0.051
1946+358,1996,1,297.0188338223,0.681,35.9390753711,0.815,-0.029
1948+505,1996,1,297.431217961,0.238,50.6922147358,0.449,0.285
1950-613,1996,1,298.7948745738,5.936,-61.2553174349,5.757,0.941
1951+355,1996,1,298.3786488155,0.255,35.6331551581,0.391,0.322
1952+138,1996,2,298.7982141079,0.32,13.9711780981,0.564,0.007
1954+513,1996,2,298.9280758787,0.087,51.5301518222,0.125,-0.117
1954-388,1996,51,299.499246942,0.158,-38.7517655027,0.2,-0.131
1958-179,1996,28,300.237876813,0.076,-17.8160201666,0.219,-0.136
1959+437,1996,1,300.3036406743,4.656,43.8813442986,4.821,0.259
2000+148,1996,2,300.6749967958,0.157,15.0207150751,0.351,-0.333
2000+472,1996,1,300.543409422,0.075,47.42465924,0.13,0.071
2000-330,1996,2,300.8504847749,1.14,-32.8625368558,1.657,0.704
2001+449,1996,1,300.7170673017,0.144,45.102313211,0.225,0.065
2004+443,1996,1,301.4670341323,5.188,44.4819797054,5.966,0.317
2005-489,1996,5,302.3557943975,1.08,-48.831589485,1.487,0.193
2007+777,1996,6,301.3791606663,0.101,77.8786798636,0.085,-0.317
2008-159,1996,12,302.81546222,0.234,-15.7778482171,0.428,0.121
2010+463,1996,1,303.0234891897,0.664,46.482160323,0.709,-0.74
2013+163,1996,2,304.0577501099,0.133,16.5428090901,0.273,-0.045
2013+340,1996,1,303.8701327898,0.487,34.1776138316,0.507,-0.233
2013+508,1996,1,303.6191417247,19.602,50.9859793144,7.278,-0.681
2018+282,1996,1,305.1911302363,6.063,28.4497751756,5.198,-0.447
2021+222,1996,2,305.8465008674,0.375,22.3979238855,0.938,-0.524
2021+317,1996,1,305.8292390278,0.143,31.8839738,0.285,-0.445
2021+614,1996,2,305.5278403422,0.179,61.6163346594,0.204,0.244
2022+171,1996,2,306.2356810342,0.167,17.3036659134,0.342,0.122
2023+503,1996,1,306.3540517819,0.518,50.4776491251,0.371,-0.748
2027+464,1996,1,307.328902585,2.733,46.6006250165,4.02,-0.279
2029+121,1996,1,307.9791428031,0.194,12.3281500897,0.321,-0.097
2031+216,1996,2,308.3834642528,1.234,21.7728916018,0.837,0.199
2037+216,1996,2,309.8950343564,1.678,21.8693567763,3.98,-0.684
2037-253,1996,1,310.0365539358,1.39,-25.1296290263,1.236,0.244
2040+127,1996,2,310.7925379908,0.623,12.9204361953,1.351,-0.738
2048+361,1996,1,312.5095182379,1.142,36.3312505614,1.312,0.132
2049+175,1996,2,312.8982621596,0.28,17.7269168055,0.411,-0.041
2050+161,1996,2,313.1817494548,0.26,16.3302300109,0.504,0.134
2050+364,1996,1,313.216895705,0.081,36.5931390215,0.195,-0.087
2052-474,1996,19,314.0681658754,0.522,-47.2465632994,0.446,-0.773
2054-377,1996,1,314.4233474574,0.865,-37.5674972737,2.182,0.668
2059+034,1996,1,315.4118089557,0.356,3.6920334976,0.379,0.115
2059-786,1996,1,316.4373408837,0.588,-78.4262630294,0.446,0.28
2103+213,1996,2,316.5450758135,1.236,21.5933330725,2.454,-0.534
2106+143,1996,2,317.1709672711,0.137,14.5075035156,0.298,0.01
2107+353,1996,1,317.3828280511,0.06,35.5493326237,0.117,-0.108
2109-811,1996,2,319.1285259971,0.772,-80.8986730638,0.384,-0.048
2112+283,1996,1,318.7430567524,0.12,28.5492214176,0.293,-0.328
2113+293,1996,3,318.8725559469,0.145,29.5606575015,0.282,-0.211
2118+188,1996,2,320.2525274554,1.101,19.0245227776,1.842,-0.663
2118+443,1996,1,320.13238987,9.214,44.5761834587,4.914,-0.841
2121+053,1996,23,320.9354891992,0.103,5.5894703292,0.18,-0.306
2121+460,1996,1,320.882618529,0.733,46.2397114107,0.788,-0.095
2126-158,1996,4,322.3007327984,0.387,-15.6447333748,0.982,-0.271
2128-123,1996,57,322.8969239933,0.094,-12.1179988462,0.223,-0.106
2131-021,1996,1,323.5429567545,0.294,-1.8881221026,0.44,-0.322
2136+141,1996,15,324.7554552078,0.194,14.3933311908,0.247,-0.271
2138+389,1996,1,325.070612898,0.65,39.1957931804,1.03,-0.076
2143-156,1996,3,326.5957472467,0.504,-15.4288574172,1.407,-0.281
2144+092,1996,1,326.7923456651,0.518,9.4962978358,0.482,-0.014
2145+067,1996,156,327.0227445007,0.094,6.9607233562,0.137,-0.139
2146-783,1996,1,328.0131458351,1.043,-78.1185107021,0.971,0.779
2149+056,1996,3,327.9078144652,0.367,5.8702651631,0.511,-0.218
2152+172,1996,2,328.6704185859,0.466,17.4641093539,0.712,0.617
2152+226,1996,2,328.7769104408,0.198,22.839522565,0.368,-0.153
2152-699,1996,1,329.2749198639,2.058,-69.6899116047,3.403,0.633
2155+312,1996,1,329.3700994751,0.082,31.4503755277,0.162,-0.455
2155-152,1996,10,329.5261743698,0.395,-15.0192578634,0.459,-0.203
2155-304,1996,1,329.7169378044,1.205,-30.2255881671,1.301,0.02
2157+213,1996,1,330.0591567836,3.004,21.6325115632,2.492,0.753
2159+505,1996,1,330.4314050826,0.188,50.815663688,0.214,-0.645
2201+171,1996,2,330.8620569782,0.147,17.4300689061,0.305,-0.127
2201+315,1996,11,330.8123991165,0.087,31.7606305526,0.156,-0.007
2202+363,1996,1,331.0879186648,0.922,36.5436365499,1.052,-0.59
2204-540,1996,1,331.9322223772,0.47,-53.7760608161,0.916,0.405
2205+166,1996,2,331.9702737024,0.133,16.8716152976,0.29,-0.12
2207+356,1996,1,332.4388930287,0.131,35.9336469867,0.328,-0.409
2207+374,1996,1,332.3392710622,0.531,37.7050627069,0.89,0.161
2209+236,1996,3,333.0248595965,0.079,23.9279287775,0.162,-0.153
2209+328,1996,1,333.033238669,0.499,33.1429219626,0.62,-0.034
2210-257,1996,1,333.2604084447,0.637,-25.4916888188,0.762,-0.103
2211-388,1996,1,333.6607049585,5.411,-38.5958343611,3.793,0.058
2214+241,1996,1,334.2534216066,0.118,24.362766184,0.253,-0.386
2214+307,1996,1,334.1779601683,0.215,31.0431567332,0.299,-0.225
2214+350,1996,2,334.083374614,0.124,35.3039389566,0.302,-0.374
2215+316,1996,1,334.3232348729,0.132,31.9472208859,0.258,-0.301
2216+178,1996,2,334.8087186521,0.184,18.1098835399,0.383,0.036
2216-038,1996,6,334.7168238498,0.164,-3.5935776815,0.324,0.183
2217+259,1996,1,334.9572546799,0.998,26.224428887,3.216,-0.035
2223+210,1996,2,336.4085296621,0.104,21.301782017,0.204,0.005
2226+440,1996,1,337.2102629935,1.407,44.3190120401,1.076,-0.541
2227-088,1996,6,337.4170180992,0.292,-8.5484542399,0.551,-0.526
2231+425,1996,1,338.3850271305,0.321,42.7610901423,0.536,0.158
2232-488,1996,1,338.8051518873,0.591,-48.5996651382,0.834,0.718
2233-148,1996,2,339.142029951,0.693,-14.5561637046,1.432,-0.625
2234+282,1996,129,339.0936284847,0.107,28.4826147723,0.137,0.176
2236+124,1996,2,339.6441868427,0.365,12.7141062012,0.722,-0.416
2238+410,1996,1,340.2800217545,0.169,41.3365605541,0.419,-0.151
2238+512,1996,1,340.0828266501,0.429,51.5532767945,0.523,-0.529
2241+406,1996,1,341.0530462305,0.312,40.9537835013,0.491,-0.358
2243-123,1996,53,341.5759665386,0.225,-12.1142437131,0.358,-0.139
2245-328,1996,1,342.1611905975,0.459,-32.5978308944,2.007,-0.033
2246+208,1996,2,342.2523613113,0.166,21.117454391,0.326,0.19
2246+370,1996,1,342.1579603791,0.158,37.3034618189,0.353,-0.152
2247+132,1996,2,342.4372785917,4.666,13.5192999438,4.086,-0.201
2250+194,1996,2,343.2807048483,0.167,19.7096191811,0.381,-0.207
2251+244,1996,1,343.5389245837,0.157,24.7565062991,0.352,-0.194
2253+417,1996,1,343.9029492842,0.128,42.0479255862,0.399,-0.297
2255+416,1996,1,344.3419703758,0.233,41.9045918796,0.651,-0.39
2255-282,1996,50,344.524845277,0.101,-27.9725713019,0.284,0.107
2259+371,1996,1,345.3655724265,0.161,37.44701192,0.456,-0.242
2300+386,1996,1,345.7669409135,0.183,38.8967682815,0.466,-0.3
2302+232,1996,2,346.1518183446,0.215,23.5187807974,0.448,-0.173
2304+322,1996,1,346.8163023415,0.18,32.5088712802,0.273,-0.501
2304+377,1996,1,346.7541528337,5.236,38.0450597611,5.754,-0.372
2305+198,1996,2,347.0484853896,0.763,20.145053988,0.954,0.001
2309+454,1996,1,347.9475372915,0.077,45.7322267717,0.141,-0.25
2310+385,1996,1,348.244975133,0.489,38.7951834009,0.574,0.381
2312-319,1996,1,348.7020833718,2.784,-31.6443118965,4.541,-0.412
2318+049,1996,5,350.1869024623,0.265,5.2305423372,0.384,-0.365
2319+184,1996,2,350.6190367495,0.377,18.7235829649,0.52,0.419
2319+272,1996,3,350.4994259526,0.114,27.5462344032,0.231,0.0
2319+444,1996,1,350.5848253303,0.075,44.7617648594,0.159,-0.096
2320+506,1996,1,350.6082590235,0.065,50.9644344407,0.127,-0.033
2320-035,1996,6,350.8831406726,0.33,-3.2847287354,0.506,-0.956
2323+478,1996,1,351.4371348367,3.844,48.1070243896,2.414,-0.83
2324+151,1996,2,351.8415249548,0.858,15.4103638497,0.92,-0.327
2326-477,1996,1,352.3237674557,1.158,-47.5053093725,1.279,0.376
2327+335,1996,1,352.5572401874,0.093,33.8101309608,0.182,-0.35
2328+316,1996,1,352.6923331841,0.186,31.9259742799,0.369,-0.207
2329-162,1996,1,352.9110513928,0.946,-15.9491682379,1.909,0.119
2330+387,1996,1,353.2605558145,0.288,39.0200136207,0.575,-0.07
2331-240,1996,2,353.4801573041,1.14,-23.7279603237,0.828,-0.407
2335-027,1996,3,354.4889128421,0.33,-2.5160081209,0.456,0.214
2337+264,1996,1,355.1209562225,0.141,26.6991126307,0.257,-0.229
2338+191,1996,2,355.3283168468,2.265,19.4681910033,2.797,-0.813
2340+233,1996,2,355.8016126122,0.247,23.6626797457,0.643,-0.325
2344+429,1996,1,356.8453093316,0.273,43.1814497864,0.35,-0.514
2345-167,1996,1,357.0108685483,1.741,-16.5200082576,2.834,0.62
2346+385,1996,1,357.3367771634,0.097,38.8215440685,0.165,-0.478
2351+456,1996,1,358.5903343645,0.086,45.8845101623,0.147,-0.007
2355-106,1996,7,359.5453433723,0.282,-10.3357253329,0.377,-0.139
2356+196,1996,2,359.6920214143,0.191,19.922306196,0.373,0.175
2356+385,1996,1,359.8882533434,0.108,38.8450886338,0.205,-0.465
2356+390,1996,1,359.7493965747,0.181,39.3745293979,0.303,-0.263
2358+189,1996,2,0.2859232151,0.119,19.242722726,0.249,-0.263
2358+406,1996,1,0.2211731814,1.186,40.9004980889,1.399,-0.165
