iers_name,year,num_ses,ra,ra_err,dec,dec_err,ra_dec_corr
0001-120,2004,2,1.0204791949,0.784,-11.8162181833,1.239,0.515
0002-478,2004,3,1.1485644231,0.348,-47.6054454788,0.646,0.631
0003+380,2004,2,1.488230882,0.133,38.3375413645,0.155,-0.174
0003-066,2004,80,1.5578870211,0.118,-6.3931486867,0.208,0.036
0007+171,2004,2,2.6416277036,0.148,17.4052115823,0.256,-0.169
0008-264,2004,2,2.7551947755,0.617,-26.209271392,0.234,-0.451
0009+655,2004,1,3.1569630466,2.595,65.85300647,2.74,0.048
0010+405,2004,2,3.3797091312,0.172,40.8603179022,0.245,0.035
0014+813,2004,114,4.2853119342,0.117,81.58559351,0.126,-0.03
0016+731,2004,2,4.9407764407,0.098,73.458338248,0.103,-0.276
0021+243,2004,3,6.1138772362,0.35,24.6572858865,0.307,-0.024
0021-084,2004,1,6.002803241,3.186,-8.1861257467,6.023,-0.124
0022-423,2004,1,6.1791226126,1.012,-42.0344266483,2.702,-0.896
0026-015,2004,1,7.2541085071,0.499,-1.2282667533,0.646,0.365
0027-024,2004,2,7.6325989745,0.208,-2.1989259565,0.472,-0.22
0029-147,2004,2,7.9850495721,0.896,-14.4387075619,1.754,-0.434
0035+413,2004,2,9.6035149423,0.09,41.6183334068,0.109,-0.004
0037+139,2004,2,9.915081614,0.237,14.1993213979,0.42,0.011
0037-593,2004,1,10.0327010894,4.078,-59.0646573042,1.989,-0.007
0039+230,2004,3,10.5189381396,0.097,23.333628315,0.143,-0.126
0042+186,2004,1,11.1759495749,0.44,18.9180652229,1.135,0.597
0043+246,2004,1,11.5326072465,0.074,24.9423678815,0.15,0.04
0046+063,2004,2,12.2446797694,0.625,6.668465392,1.278,0.319
0047-579,2004,4,12.497804589,0.311,-57.6409277684,0.338,0.044
0048-097,2004,26,12.6721557759,0.123,-9.484780615,0.187,-0.188
0048-427,2004,2,12.7895907118,0.372,-42.4425817472,0.674,0.665
0054+161,2004,1,14.2303930248,0.084,16.4203725161,0.164,0.086
0055+060,2004,2,14.6408519357,0.594,6.3350204758,1.292,-0.251
0056-001,2004,1,14.7729789509,0.099,0.1143388884,0.202,-0.033
0059+163,2004,2,15.4904981096,0.627,16.6613757224,2.731,-0.385
0059+581,2004,133,15.6906765851,0.053,58.4030935137,0.061,-0.03
0104-408,2004,25,16.6879498888,0.194,-40.5722111963,0.297,-0.091
0106+013,2004,50,17.1615463191,0.11,1.5834214905,0.117,-0.013
0107-610,2004,3,17.3144801408,0.397,-60.8301277329,0.562,0.227
0108+388,2004,1,17.9054864843,0.229,39.1078066501,0.233,0.246
0108-170,2004,1,17.6479632778,3.217,-16.8076952456,5.299,0.564
0109+224,2004,2,18.0242696522,0.138,22.7441073723,0.19,0.08
0110+495,2004,2,18.3625283061,0.077,49.8066786672,0.105,-0.148
0110-668,2004,1,18.0788046852,1.137,-66.5792186235,1.953,0.788
0111+021,2004,2,18.4297705296,0.119,2.3714767274,0.242,-0.145
0113-310,2004,1,18.9437730732,0.286,-30.8220556851,0.652,-0.618
0116-219,2004,1,19.7385931168,1.218,-21.6917024045,6.152,0.874
0118-272,2004,1,20.1319307805,0.616,-27.0235145524,0.35,-0.109
0119+041,2004,9,20.4869237091,0.163,4.3735372941,0.264,-0.535
0119+115,2004,90,20.4233126574,0.112,11.8306703037,0.262,-0.127
0119+296,2004,2,20.689291749,0.225,29.9035119088,0.44,-0.064
0122-345,2004,1,21.0894142264,0.467,-34.2726263085,1.092,-0.558
0123+257,2004,2,21.6783026092,0.07,25.9836945531,0.131,-0.163
0123-226,2004,1,21.5625067471,0.244,-22.3760006376,0.538,-0.641
0130-171,2004,4,23.1811977398,0.423,-16.9134783253,0.275,0.191
0130-447,2004,1,23.2535974169,4.304,-44.5121128443,31.282,-0.296
0131-522,2004,4,23.2740106611,0.275,-52.0010960711,0.445,0.583
0133+476,2004,128,24.244144998,0.063,47.8580833704,0.081,-0.058
0135-247,2004,2,24.4097768338,0.478,-24.514968114,0.538,0.506
0138-097,2004,2,25.357633948,0.275,-9.4787984088,0.194,0.349
0140+120,2004,2,25.8795510625,1.439,12.2619261046,1.063,0.256
0147-076,2004,1,27.5112291144,21.973,-7.4301374312,19.332,0.849
0148+274,2004,2,27.863109126,0.278,27.7449426477,0.334,0.206
0149+218,2004,2,28.075246025,0.069,22.1188054713,0.113,0.027
0150+000,2004,2,28.1797916069,0.466,0.3443642281,1.026,-0.341
0150-334,2004,2,28.2921739593,0.78,-33.173850687,0.548,-0.633
0151+081,2004,1,28.5115421307,1.214,8.3975200245,1.859,-0.047
0151+474,2004,2,28.734541159,0.09,47.724038756,0.11,0.083
0153+389,2004,1,29.1308755905,0.141,39.2419231555,0.258,0.017
0153+744,2004,2,29.3956871958,0.263,74.7120083302,0.305,0.077
0159+723,2004,5,30.8891040256,0.148,72.5482408855,0.17,-0.057
0159+870,2004,1,33.4910258961,0.36,87.2913128426,0.319,-0.039
0201+113,2004,51,30.9444043538,0.171,11.5792805476,0.31,-0.186
0202+149,2004,67,31.2100578577,0.19,15.2364010749,0.296,-0.288
0202+240,2004,2,31.3388447462,0.413,24.2757919589,0.673,-0.018
0202+319,2004,2,31.2705223429,0.053,32.2083598734,0.096,0.006
0202-172,2004,2,31.2403097435,0.133,-17.0221778123,0.273,0.098
0202-337,2004,1,31.1194339564,0.756,-33.4806814167,2.087,0.832
0206-270,2004,1,32.0931495959,0.16,-26.8385772129,0.452,0.076
0208-512,2004,38,32.6925017346,0.181,-51.0171921532,0.249,-0.038
0212+735,2004,2,34.3783899461,0.068,73.8257281975,0.072,-0.348
0214+083,2004,1,34.321354035,0.211,8.6177495682,0.389,-0.072
0214-522,2004,1,34.0133223191,4.988,-52.003465633,2.309,0.053
0215+015,2004,2,34.453978084,1.309,1.74713856,0.881,0.02
0216+478,2004,1,34.8611505389,12.225,48.1107947622,2.049,0.831
0219+428,2004,2,35.6650479396,0.081,43.035499703,0.104,-0.03
0220-349,2004,4,35.7350069132,0.161,-34.6913138348,0.477,0.251
0221+067,2004,2,36.1184508319,0.096,6.9898170755,0.21,0.234
0221-171,2004,2,35.9323487789,0.682,-16.943805706,1.427,-0.606
0229+131,2004,66,37.9412252461,0.121,13.3818656519,0.19,-0.071
0230-790,2004,6,37.3956108322,0.286,-78.7960005499,0.333,-0.027
0234+285,2004,2,39.4683569445,0.044,28.8024972844,0.064,-0.028
0234+469,2004,1,39.5687636741,0.493,47.2051530958,0.611,0.231
0234-301,2004,1,39.1298726063,0.123,-29.898761215,0.308,-0.156
0235+164,2004,53,39.6622087887,0.069,16.6164651696,0.116,-0.026
0235-618,2004,2,39.2218571169,0.271,-61.6042175151,0.405,0.138
0237-027,2004,3,39.9394677471,0.071,-2.5780317836,0.162,-0.042
0237-233,2004,2,40.034060876,5.129,-23.1543693246,1.333,0.915
0239+108,2004,2,40.6215451874,0.16,11.0168688344,0.22,-0.107
0248+430,2004,2,42.8939029816,0.105,43.2543970895,0.124,-0.266
0248-266,2004,1,42.6482054425,0.697,-26.4618108399,1.905,-0.547
0252-549,2004,4,43.371584867,0.258,-54.6976211434,0.377,0.456
0256+075,2004,2,44.8628192518,0.116,7.7943452187,0.245,0.069
0257-057,2004,1,45.0054168026,0.256,-5.5223225402,0.412,-0.447
0259-316,2004,1,45.3176845838,0.258,-31.4377190203,0.659,0.184
0300+470,2004,2,45.8968425883,0.108,47.2711876604,0.171,-0.051
0302+625,2004,2,46.6777480843,0.072,62.7172290109,0.093,-0.082
0302-623,2004,1,45.9609632563,0.532,-62.1904305597,0.382,0.285
0306+102,2004,2,47.2650978738,0.716,10.4878724505,0.343,-0.337
0307-085,2004,1,47.5085378981,1.838,-8.3942494502,2.494,0.816
0308-611,2004,3,47.4837464093,0.749,-60.977515728,0.691,0.554
0309+411,2004,2,48.2581756101,0.284,41.3336621063,0.371,-0.527
0312-770,2004,1,47.9802074189,1.102,-76.8641245867,0.75,0.795
0317+188,2004,2,49.9635696792,0.142,19.0253585048,0.271,-0.38
0319+121,2004,3,50.471264607,0.199,12.3538759143,0.193,0.019
0319-056,2004,1,50.4994601093,2.968,-5.4367860532,2.317,0.769
0322+222,2004,2,51.4033931119,0.118,22.4001015969,0.189,-0.079
0334+014,2004,1,54.3212841388,10.514,1.6229867935,10.429,0.802
0334-546,2004,1,53.9746867634,0.505,-54.5069775347,2.031,0.029
0342+147,2004,2,56.2767356301,0.107,14.8970994599,0.209,0.021
0345+416,2004,1,57.18800988,0.439,41.8207433836,0.55,-0.339
0400+258,2004,2,60.773275254,0.091,26.0004174427,0.112,0.132
0400-319,2004,3,60.588608325,0.494,-31.7905403731,0.752,0.397
0402-362,2004,22,60.9739578885,0.159,-36.0838648212,0.213,0.229
0405-123,2004,1,61.9518023712,19.369,-12.1935154359,3.316,0.976
0405-385,2004,26,61.7459805497,0.155,-38.441122806,0.279,-0.26
0406+121,2004,6,62.3417029368,0.168,12.2944021951,0.272,-0.215
0409+229,2004,1,63.1819455161,0.508,23.0848479928,0.493,-0.439
0411-063,2004,1,63.3676647759,2.023,-6.2504130145,4.184,-0.609
0414-189,2004,1,64.1522686107,0.657,-18.8523170958,0.832,0.44
0420+417,2004,2,65.9833741141,0.095,41.8340869244,0.089,0.277
0420-014,2004,2,65.8158363223,0.164,-1.3425181946,0.11,0.195
0422+004,2004,2,66.1951752155,0.103,0.601758052,0.162,0.184
0422-380,2004,1,66.1760154147,0.146,-37.939106639,0.205,0.3
0423+051,2004,1,66.6525175734,1.928,5.3055196502,4.229,-0.95
0423+233,2004,2,66.7322283176,0.333,23.4610094519,0.791,-0.408
0426+273,2004,5,67.4706698456,0.106,27.4105211997,0.224,0.24
0426-380,2004,1,67.1684346513,0.156,-37.9387725873,0.145,-0.271
0430+289,2004,5,68.4076244091,0.095,29.0987436595,0.18,0.085
0434-188,2004,11,69.2561781412,0.287,-18.7468368164,0.708,-0.615
0436+052,2004,1,69.7594257215,0.358,5.3454650467,0.52,0.111
0437+145,2004,1,70.0880804097,0.348,14.6324865996,0.775,0.151
0437-454,2004,2,69.7535620027,0.915,-45.3729344818,0.567,-0.79
0438-436,2004,7,70.0715832204,0.184,-43.5523900986,0.504,0.317
0446+112,2004,2,72.2819629653,0.093,11.3579434083,0.145,-0.022
0446+178,2004,1,72.3021318508,0.886,17.9087767686,1.143,-0.236
0450+013,2004,1,73.2593275512,0.229,1.4765635296,0.382,0.203
0451-282,2004,6,73.3110282888,0.12,-28.1270352155,0.305,0.535
0454+844,2004,21,77.1765145343,0.132,84.5345955679,0.14,-0.032
0454-234,2004,123,74.2632467906,0.164,-23.4144500761,0.151,-0.103
0454-463,2004,2,73.9615519599,0.324,-46.266299981,0.561,0.564
0454-810,2004,5,72.5226682744,0.322,-81.0172864699,0.239,0.322
0456+714,2004,1,75.4407497145,0.22,71.4761010193,0.289,-0.084
0457+024,2004,2,74.9668778367,0.307,2.4919935212,0.286,0.253
0458+138,2004,2,75.4386283777,0.12,13.9353390354,0.202,0.273
0458-020,2004,83,75.3033744921,0.139,-1.9872934249,0.173,-0.252
0459+135,2004,2,75.6384146456,0.167,13.6363775771,0.434,0.312
0502+049,2004,2,76.3466029519,0.169,4.9952012919,0.266,-0.275
0503-608,2004,1,76.0070910528,8.473,-60.8312600524,3.602,-0.248
0506+101,2004,3,77.3644044454,0.05,10.1957222142,0.117,-0.139
0506-612,2004,4,76.6832862363,0.343,-61.1613872039,0.34,0.165
0507+179,2004,2,77.5098713764,0.138,18.011550416,0.121,-0.009
0508+138,2004,2,77.9096652015,0.269,13.955331563,0.206,0.354
0511-220,2004,1,78.454642876,0.476,-21.9878032703,0.406,-0.727
0513+276,2004,1,79.168655112,0.555,27.7195215004,0.683,0.399
0516+087,2004,1,79.7950463414,0.106,8.8157596431,0.256,-0.001
0516-621,2004,4,79.1871925743,0.29,-62.1181636757,0.305,0.185
0517-726,2004,1,79.1571644558,1.414,-72.6187401643,0.848,0.881
0518+600,2004,1,80.7958684151,5.238,60.1293657652,5.198,-0.007
0521-365,2004,1,80.7416026773,0.303,-36.4585698601,0.271,-0.331
0522-611,2004,2,80.6434387969,2.019,-61.1325381589,2.671,-0.058
0524-460,2004,2,81.3808332173,1.106,-45.965190133,0.735,-0.9
0524-485,2004,1,81.5694635403,0.617,-48.5102201333,1.309,0.405
0528+134,2004,71,82.7350698037,0.077,13.531986019,0.135,0.086
0530-727,2004,5,82.3751755963,0.22,-72.7579186988,0.204,0.123
0534-201,2004,1,84.0929209008,2.778,-20.0920538447,7.524,0.937
0534-340,2004,3,84.1184677941,0.785,-34.0198529015,2.781,0.99
0534-611,2004,2,83.6490515284,0.502,-61.1019647345,0.4,0.131
0536+145,2004,1,84.9265248303,0.155,14.5626559898,0.123,0.044
0537-286,2004,4,84.9761726995,0.199,-28.665541144,0.331,-0.61
0537-441,2004,73,84.7098397939,0.186,-44.085816364,0.231,-0.042
0539-057,2004,1,85.408680683,0.589,-5.6970633056,0.228,0.025
0544+273,2004,2,86.8922870684,0.089,27.365789605,0.184,-0.084
0547+234,2004,9,87.6974621218,0.332,23.4467157927,0.388,-0.09
0549-575,2004,1,87.5399171442,0.358,-57.5401103068,0.546,0.488
0552+398,2004,142,88.8783567365,0.061,39.8136569521,0.08,-0.028
0554+242,2004,2,89.2696399072,0.075,24.2320274439,0.144,0.394
0556+238,2004,42,89.883471377,0.115,23.8983129795,0.222,0.046
0600+177,2004,2,90.7880428054,0.175,17.7046695249,0.288,-0.098
0601+245,2004,19,91.2296724163,0.151,24.4986212297,0.227,-0.051
0602+405,2004,1,91.4618972976,0.152,40.5022510257,0.207,0.071
0602+673,2004,75,91.96946509,0.061,67.348725015,0.077,-0.14
0605-085,2004,2,91.9987467988,0.149,-8.5805495068,0.13,-0.116
0607-157,2004,84,92.420623086,0.118,-15.7112979999,0.102,-0.059
0609+607,2004,2,93.5994423979,0.124,60.7727100245,0.184,-0.118
0610+260,2004,1,93.4589130279,0.349,26.076866624,0.175,-0.24
0610-316,2004,1,93.1236014677,1.24,-31.6494965289,6.66,-0.27
0611+131,2004,3,93.4903864224,0.119,13.1126112888,0.276,0.062
0614-349,2004,1,94.1499226224,7.614,-34.9379293867,13.216,0.348
0615+820,2004,2,96.5125261023,0.142,82.0404355395,0.123,-0.021
0616+076,2004,1,94.791546044,2.035,7.6114501683,1.123,0.429
0616-116,2004,1,94.7670940407,0.223,-11.6819138737,0.455,0.425
0620+389,2004,2,96.0792554253,0.106,38.9468710681,0.135,-0.018
0620-011,2004,1,95.7414268699,2.552,-1.1575348091,6.837,0.508
0628-133,2004,1,97.7245962259,0.252,-13.3929148973,0.532,0.011
0628-627,2004,1,97.2395336321,6.498,-62.8124287472,2.553,0.553
0629+160,2004,1,98.1797314553,0.218,15.9993394328,0.746,0.186
0629-418,2004,2,97.7999886262,4.544,-41.9074853208,1.771,0.548
0631-223,2004,1,98.3614721545,0.121,-22.3895426513,0.32,-0.073
0636+680,2004,5,100.5177392528,0.123,67.9765613941,0.145,0.026
0637-337,2004,2,99.8371026436,0.434,-33.7666983215,0.879,0.657
0637-752,2004,2,98.9437834545,0.63,-75.2713376026,0.146,-0.033
0640+090,2004,1,100.8601875191,2.388,8.9605584872,2.404,-0.511
0642+449,2004,109,101.6334416822,0.061,44.8546083775,0.082,-0.027
0644-390,2004,1,101.6288353294,2.264,-39.0608666653,13.012,0.057
0646-306,2004,3,102.0587352075,0.583,-30.7387942202,0.892,0.577
0647-018,2004,1,102.6070759795,0.91,-1.8728231436,1.703,-0.152
0648-165,2004,3,102.6024243808,0.387,-16.6277014405,0.418,0.68
0651+410,2004,1,103.7917698709,0.209,41.0028223989,0.408,0.053
0653-033,2004,1,104.0463357487,0.079,-3.3852173179,0.174,-0.051
0653-242,2004,1,103.9532005007,1.399,-24.2724440621,3.74,-0.087
0656+082,2004,43,104.8249835014,0.207,8.225264774,0.418,-0.635
0656-062,2004,1,104.7635518008,3.706,-6.3529462033,9.844,-0.287
0657+172,2004,2,105.0063564265,0.248,17.1560281617,0.319,-0.03
0658+548,2004,1,105.6927615428,0.948,54.7432594897,1.356,0.391
0700-007,2004,1,105.8295275558,0.086,-0.8508772525,0.192,-0.054
0700-101,2004,1,105.6489868497,0.196,-10.2517825978,0.396,0.192
0707+476,2004,2,107.6921036975,0.08,47.5364284706,0.135,-0.059
0710+196,2004,1,108.4819965057,0.117,19.5834468805,0.232,-0.124
0710+439,2004,2,108.4090172172,0.107,43.8214465672,0.174,0.045
0713-092,2004,1,108.8891398062,2.081,-9.3650760289,4.378,0.35
0716+332,2004,1,109.830915259,0.167,33.1193635506,0.278,-0.052
0716+714,2004,2,110.4727019986,0.117,71.3434342809,0.145,-0.004
0722+145,2004,3,111.3200322989,0.259,14.4204851668,0.257,-0.103
0723+219,2004,1,111.5594197434,0.109,21.8889204977,0.222,0.029
0723-189,2004,1,111.4590233629,0.364,-19.0719647501,0.875,-0.689
0726-132,2004,1,112.3242404066,0.313,-13.3339644325,0.609,0.024
0726-224,2004,1,112.1241602259,2.755,-22.5268653084,7.646,0.429
0727-115,2004,153,112.5796353465,0.123,-11.6868334857,0.117,-0.124
0728+249,2004,1,112.8906061805,0.328,24.8662774215,0.445,0.206
0728-235,2004,1,112.7777832489,0.168,-23.6966305104,0.376,-0.223
0729+019,2004,1,113.09495279,0.127,1.8431623116,0.276,0.191
0729-222,2004,1,112.8812849346,0.374,-22.4057961043,0.781,0.276
0733-174,2004,1,113.940884979,1.186,-17.5968067708,0.771,0.287
0735+178,2004,2,114.5308072765,0.098,17.7052772673,0.137,0.262
0736+017,2004,2,114.8251412077,0.079,1.6179493792,0.283,0.161
0736-332,2004,1,114.5706198925,1.025,-33.3702179293,4.067,0.427
0738+313,2004,2,115.2945971185,0.181,31.2000640702,0.391,0.143
0738+491,2004,2,115.5114539465,0.076,49.0043357713,0.107,-0.114
0738-246,2004,1,115.0613194304,0.345,-24.743523148,0.814,0.55
0738-674,2004,3,114.7354009448,0.316,-67.5974517481,0.316,0.38
0739-266,2004,1,115.482005313,0.645,-26.7918037782,2.363,-0.148
0743+259,2004,100,116.6078090716,0.126,25.8172596654,0.191,-0.17
0743-006,2004,1,116.4753430322,0.041,-0.7382054884,0.091,-0.098
0743-673,2004,4,115.8817144358,0.436,-67.4404295229,0.241,0.107
0744-691,2004,1,116.0849779678,4.751,-69.3186534796,2.7,0.597
0745+241,2004,3,117.15045532,0.068,24.0066971679,0.109,0.013
0745-291,2004,1,116.9245396704,3.264,-29.317238876,10.607,0.069
0748+126,2004,55,117.7168572735,0.196,12.5180078028,0.258,-0.169
0749+540,2004,58,118.2557690632,0.075,53.8832325208,0.1,0.083
0752-116,2004,1,118.6102350695,0.103,-11.7880413341,0.241,-0.021
0754+100,2004,2,119.2776789255,0.143,9.9430145636,0.156,-0.005
0758-398,2004,1,120.1011220145,2.509,-39.9882251212,14.627,0.369
0759-283,2004,1,120.443724772,0.675,-28.518576176,2.184,0.089
0759-334,2004,1,120.3581353124,3.619,-33.6055277166,10.862,0.048
0804+140,2004,1,121.9104369818,0.151,13.8714893157,0.374,-0.157
0804+499,2004,63,122.1652762146,0.169,49.8434806803,0.206,-0.176
0804-290,2004,1,121.639355421,0.721,-29.193029123,2.252,0.243
0805+046,2004,1,121.989744095,0.291,4.5429252323,0.208,-0.177
0805+410,2004,37,122.2360501961,0.125,40.879135775,0.186,-0.044
0808+019,2004,18,122.8612804865,0.103,1.781172274,0.214,-0.221
0812+100,2004,1,123.8728055908,3.725,9.9113065731,4.229,0.769
0812+367,2004,2,123.8581035562,0.083,36.5875413738,0.191,0.006
0813+557,2004,1,124.4209164945,0.117,55.625912,0.141,-0.071
0814-241,2004,1,124.1683848287,0.167,-24.3518252524,0.407,-0.297
0816+054,2004,1,124.7343201566,0.114,5.2936849931,0.276,-0.085
0818-128,2004,2,125.2393650735,0.16,-12.98310263,0.27,-0.08
0820+560,2004,2,126.1968181181,0.096,55.8785192416,0.092,-0.131
0821+394,2004,2,126.2311827588,0.13,39.2783067265,0.179,-0.129
0823+033,2004,64,126.4597431413,0.1,3.1568111185,0.214,0.123
0823-321,2004,1,126.4640526373,0.52,-32.3064541685,1.328,-0.016
0826-373,2004,5,127.0199174971,0.287,-37.5184114093,0.867,0.616
0827+243,2004,3,127.7170258099,0.12,24.1832834318,0.123,0.04
0828+493,2004,2,128.0967364585,0.21,49.2225106475,0.242,-0.106
0829+046,2004,2,127.9536539719,0.07,4.4941904402,0.15,0.138
0831+557,2004,1,128.7287663321,0.295,55.5725193874,0.207,-0.081
0833+585,2004,2,129.3433736034,0.203,58.4171791951,0.202,-0.247
0834-201,2004,3,129.1633968192,0.399,-20.2831956484,0.225,-0.215
0836+290,2004,1,129.8159486379,0.115,28.8441119739,0.286,0.001
0836+710,2004,2,130.3515220682,0.174,70.8950480882,0.173,0.499
0839+187,2004,2,130.5212257614,0.158,18.5947194126,0.252,0.383
0839-314,2004,1,130.3858438947,1.083,-31.6099136844,2.719,0.749
0845-051,2004,1,131.994687171,0.119,-5.3427501756,0.261,0.108
0847-120,2004,1,132.5401484625,0.106,-12.2264932406,0.255,0.029
0849+287,2004,1,133.0215398951,0.203,28.5665919987,0.4,-0.115
0850+581,2004,2,133.6749851485,0.088,57.9583163849,0.096,-0.064
0859+470,2004,2,135.7666254195,0.114,46.8511492907,0.131,-0.252
0859-140,2004,2,135.5701289401,0.275,-14.2585766977,0.378,-0.688
0903-573,2004,1,136.2215817964,3.38,-57.5849393778,1.921,0.347
0906+430,2004,1,137.3895713865,0.085,42.896245008,0.136,0.066
0908-052,2004,1,137.7125086465,7.055,-5.4414445504,7.757,-0.166
0909+222,2004,1,138.1032692562,0.263,22.0850688609,0.399,-0.27
0912+029,2004,2,138.6579726973,0.064,2.7664574415,0.141,-0.041
0916+718,2004,1,140.3497715623,0.257,71.6034448365,0.309,-0.298
0916-074,2004,1,139.7581778435,0.731,-7.6514190799,1.402,0.032
0917+449,2004,2,140.2435770614,0.067,44.6983292523,0.091,0.041
0917+624,2004,2,140.4009628991,0.11,62.2644945837,0.125,-0.422
0919-260,2004,1,140.3723076841,0.124,-26.3120518064,0.4,-0.387
0920+390,2004,4,140.8102205805,0.09,38.8277527872,0.169,0.019
0920-397,2004,3,140.6934095167,0.134,-39.9930744618,0.556,0.053
0923+575,2004,1,141.7752228333,0.646,57.2959284666,0.847,0.077
0925-203,2004,4,141.9659346115,0.151,-20.5808979213,0.3,-0.309
0926-039,2004,1,142.1394559005,0.517,-4.1524579159,1.415,-0.691
0930-338,2004,1,143.1520620819,1.399,-34.0995806283,6.103,-0.415
0932+367,2004,1,143.8826664615,0.296,36.5548797576,0.471,0.143
0936-172,2004,1,144.8299796566,1.186,-17.5266051813,2.683,-0.423
0938+277,2004,1,145.4504834776,0.274,27.4774488184,0.439,-0.16
0944-201,2004,1,146.7092151036,3.626,-20.3456834816,5.294,0.147
0945+408,2004,2,147.2305757463,0.221,40.6623852684,0.269,-0.008
0947+064,2004,1,147.5144480064,0.498,6.251060287,1.083,-0.2
0949+354,2004,2,148.1334423454,0.179,35.2145564091,0.277,-0.147
0952+179,2004,2,148.7367649852,0.248,17.7253397491,0.477,0.033
0954+658,2004,2,149.6968546462,0.15,65.5652271899,0.135,0.175
0955+326,2004,2,149.5872901475,0.06,32.4006136927,0.099,0.016
0955+476,2004,125,149.5819651561,0.065,47.4188451163,0.082,0.017
0958-314,2004,1,150.1701531493,1.185,-31.6645440059,4.871,-0.235
1004+141,2004,3,151.9229088204,0.186,13.9415557495,0.264,0.011
1004-500,2004,4,151.5583722982,0.274,-50.3037418564,0.477,0.59
1005-333,2004,1,151.8807809814,0.318,-33.5518656971,0.841,-0.156
1005-739,2004,1,151.5172730725,4.644,-74.1622471845,3.399,0.145
1009+234,2004,1,153.0682905674,0.107,23.2040583535,0.232,0.022
1010-255,2004,1,153.3046045543,0.244,-25.78185928,0.605,0.02
1011+250,2004,2,153.4726198401,0.107,24.8212335155,0.113,0.135
1012+232,2004,2,153.6961061336,0.243,23.0212697113,0.203,0.408
1012-448,2004,1,153.7098123384,0.414,-45.144765079,0.718,0.627
1016-311,2004,2,154.6198066101,0.487,-31.3982914061,0.771,0.466
1020+400,2004,2,155.7981902378,0.239,39.8042737547,0.35,-0.136
1021-323,2004,1,156.0017662217,0.445,-32.5711274559,1.173,0.074
1022+194,2004,2,156.1867066989,0.096,19.2056711369,0.207,-0.124
1022-665,2004,5,155.9313882374,0.296,-66.7801995383,0.346,0.364
1023+131,2004,36,156.4845224233,0.308,12.8969505142,0.335,-0.305
1030+074,2004,5,158.3917679843,0.355,7.1905965932,0.324,0.338
1030+415,2004,2,158.2654494954,0.093,41.2683980173,0.126,-0.244
1030-357,2004,1,158.2819197336,1.496,-36.0324479692,4.177,0.929
1031+567,2004,2,158.7793329728,0.267,56.4796654004,0.292,0.427
1032-199,2004,5,158.7589804906,0.495,-20.1928776744,0.44,0.592
1034-293,2004,30,159.3169988854,0.171,-29.5674481383,0.299,-0.0
1034-374,2004,1,159.222665311,0.464,-37.7375180084,1.06,0.649
1036-431,2004,1,159.561234265,1.636,-43.4294151563,5.078,0.948
1038+064,2004,1,160.3215104452,0.082,6.1713677645,0.152,-0.091
1038+52A,2004,3,160.4449235474,0.084,52.5578419909,0.15,0.075
1039+811,2004,2,161.0960937209,0.042,80.9109563865,0.046,-0.004
1044+719,2004,67,162.115083017,0.067,71.72664961,0.09,-0.09
1045-188,2004,2,162.0275859071,0.249,-19.1599241161,0.221,0.138
1048+207,2004,1,162.755726149,0.134,20.4555473967,0.284,0.034
1048-313,2004,3,162.7699064617,0.249,-31.6373077144,0.331,-0.439
1049+215,2004,2,162.9532878849,0.171,21.3311982617,0.117,-0.382
1049-650,2004,1,162.8480026986,3.513,-65.3023942099,2.75,-0.118
1053+704,2004,4,164.223406458,0.08,70.1960876409,0.078,0.464
1053+815,2004,78,164.5480642103,0.093,81.2424097648,0.098,0.105
1055+018,2004,1,164.6233550107,0.118,1.5663399427,0.073,-0.159
1055-028,2004,1,164.5458779187,0.447,-3.1575708641,0.762,-0.476
1055-301,2004,1,164.5017809672,0.22,-30.4152855281,0.553,-0.093
1057-797,2004,14,164.68045752,0.199,-80.0650443953,0.176,0.198
1100+122,2004,1,165.7647077229,0.087,11.9712844125,0.185,0.001
1101+384,2004,25,166.1138081135,0.115,38.2088330383,0.212,-0.1
1101-325,2004,2,165.8813602342,0.543,-32.8546371305,0.297,-0.422
1101-536,2004,4,165.9675903667,0.273,-53.9501933644,0.424,0.475
1102-392,2004,1,166.2961715213,4.584,-39.4783759833,15.745,0.294
1103+023,2004,1,166.4124700146,1.304,2.0492986651,1.732,-0.349
1104-445,2004,1,166.7862250454,0.373,-44.8187851572,3.212,0.45
1110-355,2004,1,168.2561755012,2.229,-35.8300736931,12.301,0.271
1111+149,2004,1,168.4945628895,0.101,14.7074869188,0.473,0.319
1116+128,2004,6,169.7387559589,0.16,12.5782549596,0.167,0.059
1116-462,2004,3,169.6123237407,1.585,-46.5708337959,0.811,-0.363
1117+146,2004,1,170.115864131,6.781,14.3486064398,4.5,-0.502
1121+238,2004,3,171.0112745452,0.438,23.6127416435,0.692,-0.464
1123+264,2004,2,171.4737997135,0.134,26.1722163272,0.125,-0.042
1124-186,2004,84,171.7683019036,0.121,-18.9548449434,0.137,-0.107
1124-382,2004,1,171.6838882033,3.112,-38.4789035931,15.697,0.26
1125+062,2004,1,171.9021898254,0.654,5.9255721224,1.16,-0.442
1127-145,2004,2,172.529386936,1.896,-14.824274527,0.568,0.592
1128+090,2004,1,172.6497980116,0.144,8.7786408446,0.293,0.167
1128+385,2004,59,172.7220109133,0.07,38.2551519169,0.103,0.038
1128-047,2004,1,172.877152933,0.409,-5.0054608189,1.096,-0.455
1129-580,2004,3,172.9303670967,0.408,-58.3148451864,0.56,-0.642
1130+009,2004,2,173.3335658685,0.17,0.6813435333,0.339,-0.213
1143-245,2004,2,176.5337636842,0.403,-24.7924715704,0.582,0.57
1143-287,2004,1,176.6091186132,0.775,-28.988474646,2.665,0.653
1143-696,2004,2,176.4734339692,0.384,-69.9004994155,0.452,0.082
1144+402,2004,2,176.7429080199,0.073,39.9761956461,0.089,-0.211
1144-379,2004,22,176.7557113828,0.203,-38.2030620014,0.332,0.053
1145-071,2004,2,176.9648084172,0.071,-7.4114281754,0.148,-0.028
1147+245,2004,3,177.5800507149,0.088,24.2982875465,0.135,-0.061
1150+497,2004,2,178.3519443303,0.065,49.5191194488,0.082,-0.146
1150+812,2004,2,178.3020801115,0.133,80.9747651388,0.129,0.072
1156+295,2004,95,179.8826412956,0.091,29.2455074351,0.149,0.097
1156-094,2004,1,179.8029658951,0.939,-9.6811255105,2.787,-0.897
1156-663,2004,2,179.8262732686,0.507,-66.5942851777,0.558,0.037
1204+124,2004,1,181.8026022696,0.356,12.1960684114,0.21,0.04
1205-008,2004,1,181.9236567864,0.128,-1.1101918263,0.29,-0.156
1206-399,2004,1,182.3968486593,0.494,-40.2703049313,1.405,0.428
1213+350,2004,2,183.9816710512,0.17,34.8042278423,0.29,-0.155
1213-172,2004,6,183.9447989305,0.073,-17.5292786089,0.197,0.112
1215+113,2004,1,184.6087178824,0.102,11.0847950218,0.224,0.082
1215+303,2004,2,184.4670081631,0.126,30.1168432896,0.192,0.118
1216+487,2004,2,184.7767280565,0.138,48.498934585,0.211,0.196
1217+023,2004,1,185.0495191445,0.403,2.0617291975,0.142,0.225
1217+713,2004,2,185.0151185617,0.297,71.0919815217,0.431,-0.095
1219+044,2004,26,185.5939567629,0.13,4.2210488585,0.339,0.002
1219+285,2004,2,185.3820438837,0.196,28.2329168441,0.451,-0.124
1221+809,2004,4,185.9187239303,0.078,80.6678723107,0.082,0.075
1224-443,2004,1,186.8611778027,0.415,-44.6106517438,1.097,-0.431
1226+373,2004,2,187.1975986966,0.095,37.1033599353,0.133,0.009
1226-028,2004,1,187.1538221249,0.271,-3.0775866789,0.528,-0.353
1228-310,2004,1,187.687220495,1.649,-31.3564711354,6.979,0.174
1236+077,2004,2,189.8524514343,0.129,7.5047747824,0.179,0.258
1236-381,2004,1,189.7197143879,2.368,-38.4324960315,12.996,-0.11
1237-101,2004,4,189.9294227716,0.06,-10.3913035919,0.131,-0.032
1239+606,2004,1,190.3732936502,0.757,60.3448117315,0.786,-0.766
1240+381,2004,2,190.7140378757,0.091,37.8500069692,0.137,-0.233
1240-294,2004,1,190.7944247372,0.126,-29.7229180129,0.304,0.085
1243-072,2004,3,191.5176337508,0.088,-7.5129373864,0.214,0.278
1244-255,2004,3,191.695008563,0.06,-25.7970247183,0.149,-0.292
1246+285,2004,1,192.3267053535,0.308,28.2954484404,0.47,-0.356
1247+022,2004,1,192.5285082053,2.984,1.9678184051,3.706,0.798
1248-350,2004,1,192.91343821,1.667,-35.3109937895,7.585,0.491
1250-330,2004,1,193.2433223194,0.134,-33.3332113739,0.357,-0.059
1251-407,2004,1,193.4980556525,2.559,-40.9918632496,19.18,0.261
1251-713,2004,4,193.7496729696,0.248,-71.6384546118,0.278,0.238
1252+119,2004,1,193.6593984312,0.202,11.6849706681,0.397,-0.603
1252-441,2004,1,193.7396380772,2.28,-44.4157242295,16.419,-0.339
1255-316,2004,52,194.4960867618,0.16,-31.9213477609,0.243,0.077
1257+145,2004,2,195.0871614589,0.616,14.2884810312,0.379,-0.293
1258+287,2004,1,195.1188747879,0.288,28.5028302261,0.37,0.262
1300+580,2004,113,195.7186053313,0.073,57.8104469981,0.087,0.072
1302-102,2004,10,196.3875624957,0.316,-10.5553971338,0.581,-0.08
1303-827,2004,1,197.1591357733,3.634,-82.9929994416,4.733,0.141
1305+042,2004,1,197.0648044507,0.274,4.019264251,0.654,-0.679
1307+121,2004,32,197.3913852203,0.319,11.9068202737,0.334,0.106
1308+326,2004,110,197.6194327368,0.114,32.345495257,0.17,-0.09
1308+328,2004,2,197.747511457,0.131,32.5595693207,0.15,0.114
1309+257,2004,1,198.0595370106,1.156,25.5203264489,1.591,-0.375
1312+289,2004,1,198.8062146346,0.214,28.6815747798,0.361,0.106
1313-333,2004,5,199.0332748318,0.122,-33.6497701283,0.368,-0.085
1314-202,2004,1,199.3589539865,1.291,-20.5272587667,4.191,-0.815
1318+225,2004,4,200.2966773396,0.364,22.270030052,0.875,-0.133
1320-338,2004,1,200.821411897,4.273,-34.1200990524,10.379,0.406
1320-385,2004,1,200.7672850999,1.632,-38.8168532979,10.107,0.237
1324+224,2004,2,201.7535888769,0.077,22.1806008014,0.125,0.381
1325-558,2004,2,202.2547703619,0.873,-56.1340738647,0.701,-0.073
1329+063,2004,1,202.9745714924,0.415,6.1398310326,0.574,0.142
1330+071,2004,1,203.2708206701,0.228,6.8755473058,0.419,-0.011
1330+476,2004,1,203.1885267738,0.064,47.3729632004,0.082,0.053
1332+031,2004,1,203.7996047519,9.672,2.8859757688,8.352,-0.553
1334-127,2004,116,204.4157616056,0.159,-12.9568592767,0.151,-0.116
1342+662,2004,2,205.9414984243,0.208,66.0404846789,0.421,0.416
1342+663,2004,2,206.0361649981,0.337,66.1032343675,0.313,-0.456
1343-601,2004,2,206.7043469918,3.161,-60.4081547731,1.823,0.147
1344-375,2004,1,206.9184539639,0.379,-37.8435056986,0.954,-0.002
1345+061,2004,1,206.8810200448,2.291,5.8760566915,3.898,-0.243
1345+125,2004,1,206.8890066722,0.169,12.2900668161,0.42,-0.262
1347+539,2004,2,207.3944025649,0.1,53.688066712,0.13,0.006
1348+087,2004,1,207.820496176,0.09,8.5110842696,0.199,0.069
1348+237,2004,1,207.6902432119,0.492,23.5292107873,0.525,0.014
1348-289,2004,1,207.9451617082,0.405,-29.2049029706,0.935,-0.826
1349-439,2004,2,208.2355627168,1.078,-44.2112188724,0.595,-0.835
1351-018,2004,45,208.5287305338,0.113,-2.1008862694,0.249,-0.018
1352-104,2004,3,208.6938278844,0.369,-10.684071155,0.382,0.529
1354+195,2004,2,209.2684860241,0.133,19.3187146796,0.175,-0.106
1354-152,2004,5,209.296854097,0.073,-15.4579963513,0.146,-0.113
1354-174,2004,2,209.2753091144,0.655,-17.7338626403,0.488,-0.307
1357+769,2004,110,209.4807147827,0.074,76.7225141508,0.073,-0.004
1358-298,2004,1,210.3955807906,0.848,-30.0769082399,2.094,0.566
1402+044,2004,2,211.2546659147,0.304,4.2599498362,0.368,0.596
1402-012,2004,2,211.1912314157,0.468,-1.5060964838,0.297,-0.519
1403+411,2004,1,211.2824810696,0.099,40.9493974058,0.171,-0.077
1406-076,2004,2,212.235338343,0.082,-7.8740740856,0.215,-0.136
1407+022,2004,1,212.519399918,0.102,2.0519200413,0.242,-0.034
1409+218,2004,1,212.9785926285,0.083,21.5731770646,0.163,-0.123
1412-368,2004,2,213.8583993974,5.827,-37.0908256413,2.133,0.281
1413+135,2004,2,213.9950729795,0.061,13.3399202359,0.11,0.225
1415-349,2004,1,214.7454872165,0.269,-35.1618075415,0.702,-0.146
1416+067,2004,1,214.784084067,0.207,6.4763344221,0.38,-0.115
1417+273,2004,2,214.9970712866,0.088,27.1070981208,0.156,-0.222
1417+375,2004,1,215.0014210986,0.207,37.3596275912,0.258,0.056
1417+385,2004,36,214.9442240405,0.095,38.3634652871,0.141,0.077
1418+546,2004,44,214.944155848,0.09,54.3874408506,0.116,-0.104
1420+326,2004,1,215.6265791518,0.611,32.3862333089,0.623,-0.72
1420-679,2004,2,216.2314891462,0.203,-68.1328040393,0.404,0.17
1422-249,2004,1,216.3459891732,0.224,-25.2186030273,0.52,-0.392
1423+146,2004,5,216.4542417546,0.205,14.4158060397,0.261,-0.056
1424-328,2004,1,216.9223375519,0.881,-33.0920871913,3.931,-0.06
1424-418,2004,18,216.9845732605,0.231,-42.1053993503,0.345,0.147
1428+370,2004,1,217.6690988313,0.113,36.8177468263,0.164,-0.046
1432+200,2004,1,218.6658055808,0.3,19.8668709867,0.459,0.558
1433-040,2004,1,218.9162691171,1.77,-4.2486943144,2.977,0.319
1435+638,2004,2,219.1908422818,0.075,63.610518439,0.075,0.07
1435-218,2004,4,219.5394557986,0.087,-22.0818745983,0.196,0.172
1438-328,2004,1,220.3328898316,0.24,-33.0567776359,0.606,0.069
1438-347,2004,1,220.3498760359,1.89,-34.9460984716,7.806,-0.591
1443-162,2004,2,221.4724012335,0.515,-16.483783126,0.326,-0.652
1445-161,2004,2,222.0627254945,0.833,-16.3401523102,0.516,-0.553
1448+762,2004,2,222.1199127552,0.062,76.0198881389,0.103,-0.103
1448-648,2004,2,223.1653303082,0.363,-65.0342871877,0.601,0.315
1449+139,2004,1,222.8812125372,1.164,13.7233335648,0.922,0.192
1451-375,2004,17,223.6142074763,0.234,-37.7925402426,0.405,-0.067
1451-400,2004,1,223.637134805,0.23,-40.2090318915,0.338,0.558
1453+217,2004,1,223.882692971,0.189,21.527548854,0.344,0.041
1454-354,2004,2,224.361298801,0.25,-35.6527698519,0.798,0.413
1455+247,2004,1,224.4309387383,1.483,24.5854771148,1.458,-0.188
1459+480,2004,2,225.2027258764,0.089,47.854316181,0.115,-0.164
1502+036,2004,2,226.276988159,0.077,3.4418923216,0.206,-0.097
1502+106,2004,2,226.1040824087,0.178,10.4942218279,0.108,-0.033
1504+377,2004,3,226.5397082254,0.123,37.5142034171,0.171,-0.162
1504-166,2004,2,226.7699457036,0.312,-16.8750739983,0.494,0.609
1505-304,2004,1,227.2208047011,0.881,-30.6081750192,2.02,-0.894
1505-496,2004,1,227.1622695066,2.049,-49.8839755074,1.696,-0.768
1506+163,2004,1,227.2921326442,0.219,16.1910376149,0.547,-0.393
1508+572,2004,3,227.5121765667,0.146,57.0453821622,0.202,0.708
1508-055,2004,2,227.7232975836,0.07,-5.7187270155,0.14,0.058
1508-656,2004,1,228.2147933022,6.157,-65.8839517817,3.844,0.399
1510-089,2004,3,228.2105538184,0.074,-9.099952676,0.189,-0.248
1511-100,2004,2,228.4370558406,0.145,-10.2000735502,0.355,-0.02
1511-476,2004,3,228.6667691531,0.505,-47.8082936852,0.839,0.603
1514+197,2004,2,229.2366506857,0.099,19.5369422367,0.204,-0.048
1514-241,2004,4,229.4242214383,0.083,-24.3720766702,0.272,0.683
1519-273,2004,63,230.6569833132,0.16,-27.5029959773,0.159,-0.092
1519-294,2004,1,230.6061932626,0.267,-29.6070086978,1.291,0.565
1521-300,2004,1,231.1392270031,1.331,-30.2059281297,3.377,0.942
1522+155,2004,18,231.1733811461,0.291,15.3558474883,0.687,-0.253
1530+239,2004,1,233.1931050346,0.099,23.7347966757,0.186,0.056
1532+016,2004,1,233.7185570725,0.379,1.5178351865,0.194,-0.505
1533+200,2004,1,233.8188911737,1.403,19.9141401263,1.531,0.055
1533-316,2004,1,234.2270766901,6.222,-31.8541990241,11.346,0.258
1535-036,2004,1,234.5847983437,3.166,-3.7706424756,4.022,0.71
1536+046,2004,1,234.7921040885,0.159,4.5142304496,0.335,-0.077
1538+149,2004,2,235.2062147532,0.138,14.796079158,0.178,0.166
1546+027,2004,3,237.3726535698,0.147,2.6169897801,0.263,0.158
1547+507,2004,2,237.3227855593,0.134,50.6349411247,0.18,0.355
1548+114,2004,1,237.6816449139,0.294,11.3465151981,0.647,-0.479
1548-177,2004,1,237.8108259658,1.648,-17.9173129108,3.544,-0.342
1554-643,2004,1,239.7095179444,0.429,-64.5415659748,0.853,0.488
1555+001,2004,3,239.4643082255,0.095,-0.0306705344,0.22,-0.093
1556-245,2004,1,239.9225378969,0.302,-24.7107862504,1.706,0.66
1557+032,2004,4,239.8790525945,0.118,3.0800713726,0.271,0.052
1557+565,2004,1,239.7012037649,0.224,56.4205887332,0.273,-0.015
1558-072,2004,1,240.2353189428,0.631,-7.3681178673,1.564,0.752
1600+335,2004,2,240.5302645509,0.138,33.4480756707,0.224,0.275
1600-099,2004,1,240.8282428579,0.202,-10.1225821363,0.487,-0.436
1603+573,2004,1,241.1556443556,0.164,57.2435169666,0.178,0.225
1604-333,2004,1,241.8948431043,0.81,-33.5191427245,2.869,0.765
1606+106,2004,131,242.1925132968,0.089,10.4854932499,0.111,-0.143
1606-398,2004,1,242.5911619377,2.221,-39.982868968,1.206,-0.744
1610-771,2004,13,244.4553185627,0.226,-77.2884631483,0.21,0.148
1611+343,2004,123,243.4211010247,0.064,34.2133080069,0.088,-0.025
1611-710,2004,2,244.1276725282,0.422,-71.1420708765,0.672,0.266
1614+051,2004,2,244.1564867896,0.124,4.9924267885,0.139,-0.147
1614-195,2004,1,244.3628883852,0.875,-19.6922272841,2.473,-0.64
1616+063,2004,2,244.7653653747,0.191,6.2172897209,0.181,-0.053
1619-680,2004,3,246.0768208162,0.291,-68.1534712004,0.27,0.126
1620+145,2004,1,245.6416490645,0.21,14.4390548549,0.33,0.235
1621+058,2004,1,246.0322245383,0.13,5.7234013089,0.29,0.025
1622-253,2004,101,246.4453818297,0.185,-25.4606463578,0.183,-0.011
1622-297,2004,6,246.5250868239,0.334,-29.8574920129,0.27,-0.124
1624+416,2004,2,246.490290442,0.079,41.5779525344,0.096,-0.084
1624-617,2004,2,247.2278734252,2.371,-61.8767772035,2.172,-0.096
1632+321,2004,1,248.553290838,0.152,32.0598401753,0.347,0.166
1633-810,2004,3,250.7389400262,0.396,-81.1430750749,0.546,0.331
1634-330,2004,1,249.4022328245,1.232,-33.1513435547,4.993,-0.289
1637+574,2004,2,249.5560679102,0.182,57.3399941478,0.169,0.124
1637-771,2004,1,251.0671701123,2.971,-77.2635593872,3.939,0.179
1639+230,2004,2,250.3551148652,0.078,22.9511201975,0.136,0.066
1639-062,2004,1,250.50907383,0.069,-6.3565818889,0.156,-0.081
1641-179,2004,1,251.1489450401,1.49,-18.0756832016,3.58,-0.325
1642+690,2004,3,250.53270214,0.057,68.9443768011,0.058,0.182
1647-296,2004,2,252.6647673513,0.511,-29.7297097754,0.356,-0.385
1655+077,2004,2,254.537547796,0.215,7.6909834588,0.134,0.039
1656+053,2004,2,254.6393638269,0.182,5.2545676515,0.254,0.265
1656+477,2004,2,254.5115816696,0.16,47.6303419751,0.289,0.017
1657+054,2004,1,255.0998166233,0.117,5.3789152975,0.254,-0.01
1657-261,2004,2,255.2214752271,0.132,-26.1810348023,0.372,-0.147
1657-562,2004,5,255.4369087873,0.266,-56.3655284579,0.465,0.299
1659-621,2004,5,255.9022554132,0.391,-62.211113369,0.457,0.604
1701-132,2004,1,256.0211952274,2.361,-13.2761762627,2.342,0.296
1705+018,2004,2,256.8933969829,0.067,1.8126942868,0.146,-0.165
1705+135,2004,3,256.9401553373,0.177,13.5181203032,0.356,-0.159
1705+456,2004,2,256.823972623,0.095,45.6029313111,0.137,0.266
1706-174,2004,6,257.3931057344,0.548,-17.4814905193,1.11,0.387
1714-336,2004,1,259.4001223553,3.512,-33.7024502894,8.474,-0.268
1715-112,2004,1,259.5622839753,1.879,-11.3458251073,3.94,0.078
1716+070,2004,1,259.795555712,0.1,6.9710406879,0.228,-0.08
1717+178,2004,2,259.8043686806,0.062,17.7517880817,0.132,0.001
1718-084,2004,1,260.2486931261,3.918,-8.5381473723,11.669,-0.747
1718-649,2004,2,260.9209554425,0.29,-65.0101695183,0.349,-0.099
1720+102,2004,1,260.6857616326,0.152,10.2266036622,0.274,0.08
1721+589,2004,2,260.6530273377,0.279,58.939516798,0.343,-0.131
1722+611,2004,2,260.6669139895,0.14,61.0999409437,0.26,-0.544
1725+044,2004,2,262.1039697028,0.224,4.4513649653,0.135,-0.268
1725-795,2004,2,263.4195845164,0.195,-79.5988100624,0.572,0.089
1726+455,2004,100,261.865211675,0.124,45.5110364756,0.136,0.061
1727+386,2004,1,262.2464224288,0.179,38.6406799874,0.296,0.271
1728+004,2004,1,262.6458310848,0.542,0.4107476667,1.567,-0.537
1732+389,2004,2,263.5857439059,0.166,38.9642897703,0.172,0.162
1734+363,2004,3,263.9503608759,0.14,36.2793365333,0.147,0.373
1738+476,2004,2,264.9880378251,0.13,47.6328782511,0.196,0.176
1738+499,2004,2,264.8641270116,0.117,49.9176023246,0.132,0.048
1739+522,2004,107,265.1540743626,0.06,52.1953909255,0.072,-0.001
1741-038,2004,153,265.9952338838,0.099,-3.8346158006,0.098,-0.087
1743+173,2004,2,266.396700631,0.08,17.3337287377,0.133,-0.22
1745+624,2004,47,266.5584755728,0.132,62.4485384198,0.142,0.351
1749+096,2004,152,267.8867440538,0.082,9.6502023441,0.104,-0.046
1749+293,2004,1,267.9278497494,0.16,29.3472783774,0.271,-0.054
1749+701,2004,2,267.1368346506,0.052,70.0974357511,0.056,-0.011
1751+288,2004,2,268.4269735665,0.18,28.8013718706,0.128,-0.203
1751+441,2004,2,268.344366224,0.074,44.1626906392,0.09,0.032
1752-225,2004,1,268.8595200142,1.625,-22.5362826412,2.412,-0.126
1754+159,2004,1,269.1405233512,0.118,15.8955090873,0.326,-0.097
1755+055,2004,1,269.4951041875,1.363,5.5300064839,3.836,0.036
1758+046,2004,1,270.2676740737,0.276,4.6383900576,0.593,-0.01
1758+388,2004,5,270.1031889749,0.083,38.80852706,0.123,0.043
1758-651,2004,5,270.8479026494,0.285,-65.1268782224,0.308,0.343
1800+440,2004,2,270.3846450454,0.065,44.072750083,0.114,-0.202
1802-046,2004,1,271.3796505479,12.78,-4.6360266828,9.768,0.433
1803+784,2004,50,270.1903495834,0.044,78.4677828795,0.044,0.009
1804-251,2004,1,271.9195320352,1.349,-25.1072065463,2.501,0.084
1806+456,2004,3,272.091191146,0.137,45.7057961022,0.288,0.067
1806-458,2004,5,272.4911322288,0.507,-45.8780595013,1.013,-0.268
1809+170,2004,1,272.9299311741,0.116,17.0825714709,0.215,0.077
1814-637,2004,1,274.8958447896,0.695,-63.7633909502,1.054,-0.825
1815-111,2004,1,274.580473205,3.095,-11.1467522321,4.259,-0.396
1815-553,2004,11,274.9391648082,0.339,-55.3557625961,0.236,0.051
1817+387,2004,1,274.8606141328,0.119,38.750496107,0.253,-0.17
1817-254,2004,2,275.2410361926,0.17,-25.4701620473,0.443,-0.248
1821+107,2004,2,276.0118968719,0.114,10.7399372217,0.165,-0.203
1822+012,2004,1,276.20059759,0.1,1.3261672302,0.211,-0.193
1822-368,2004,1,276.5338953625,0.336,-36.8471460983,0.904,0.049
1823+568,2004,2,276.0294514744,0.062,56.8504141358,0.079,-0.066
1824-582,2004,1,277.3016765933,0.295,-58.2319888905,0.64,0.598
1830+012,2004,1,278.1670573557,0.648,1.3045759831,1.418,-0.318
1830+139,2004,1,278.1811295811,0.208,13.9623335945,0.478,-0.272
1830+285,2004,2,278.2091068386,0.259,28.5599875176,0.3,0.008
1831-030,2004,1,278.5586440496,0.727,-3.0221186687,0.84,0.265
1836+094,2004,1,279.7284801467,0.275,9.4577491736,0.803,-0.578
1841+447,2004,1,280.7829893642,1.101,44.8309785318,0.909,-0.175
1842+681,2004,2,280.6401735943,0.075,68.1570077499,0.068,-0.189
1842-289,2004,1,281.4640345542,0.144,-28.8778545308,0.392,-0.204
1843+400,2004,1,281.2963809717,0.359,40.1309939594,0.265,0.537
1843-069,2004,1,281.5262510865,2.778,-6.8577072978,2.119,-0.109
1849+670,2004,2,282.3169676827,0.089,67.094911151,0.098,-0.005
1849-365,2004,1,283.3246679251,1.187,-36.478378116,6.184,-0.26
1853-179,2004,1,283.9849113636,8.017,-17.9119213914,12.847,0.218
1855-252,2004,1,284.5794904812,3.826,-25.1807475497,17.895,0.489
1901+155,2004,1,286.0598380268,0.269,15.6106809476,0.967,0.136
1903-802,2004,4,288.1667462049,0.346,-80.1683185812,0.386,0.431
1904+013,2004,1,286.7999842395,0.76,1.4524893815,0.954,0.351
1908+230,2004,1,287.6880299193,0.396,23.0996143067,0.847,-0.265
1908-201,2004,46,287.7902203741,0.14,-20.1153080426,0.281,-0.075
1908-211,2004,1,287.9747391225,0.338,-21.0455004291,0.889,-0.749
1909-081,2004,1,288.0297034098,0.308,-8.0727505417,0.627,0.056
1920-211,2004,10,290.8841241754,0.446,-21.0759259082,0.339,-0.529
1921-293,2004,26,291.2127331805,0.139,-29.2417003764,0.321,0.564
1922-341,2004,1,291.3209177908,0.302,-34.0170935037,0.827,-0.079
1923+123,2004,1,291.4200711278,0.262,12.4605797619,0.543,0.156
1923+210,2004,76,291.4983556362,0.121,21.1072672031,0.139,0.12
1925-610,2004,2,292.5256666486,0.734,-60.9358843176,0.982,-0.699
1926+087,2004,2,292.1702312904,0.125,8.8134478683,0.344,-0.651
1926+440,2004,1,292.0889648005,1.041,44.2005147393,2.226,0.372
1928+738,2004,2,291.9520630508,0.061,73.9671027183,0.073,-0.053
1929+226,2004,4,292.8538199099,0.072,22.7253496356,0.112,0.065
1929-457,2004,1,293.1870326728,0.277,-45.6105361363,0.985,0.238
1931-243,2004,1,293.7202029202,0.713,-24.2734328362,1.829,-0.063
1932+204,2004,2,293.7936371344,0.137,20.5317094927,0.202,0.284
1933-400,2004,5,294.3175721866,0.52,-39.9670983901,1.109,0.737
1935+360,2004,1,294.3809858155,0.146,36.1266225464,0.257,0.163
1935-692,2004,4,295.1063675432,0.275,-69.1324921029,0.331,0.138
1936-155,2004,5,294.8610739722,0.141,-15.4286273718,0.272,-0.043
1937+381,2004,1,294.8898621485,0.782,38.2931636104,0.595,0.422
1937-101,2004,1,294.9885691029,0.16,-10.0448668006,0.761,-0.301
1941+413,2004,1,295.744325454,0.094,41.4897389411,0.186,0.004
1949+014,2004,1,297.9000769263,0.116,1.5785317193,0.25,0.093
1951+355,2004,2,298.3786486554,0.332,35.6331553073,0.358,0.582
1954+513,2004,2,298.9280760907,0.169,51.5301517054,0.195,-0.09
1954-388,2004,45,299.4992469808,0.231,-38.7517655239,0.269,-0.033
1958-179,2004,54,300.2378768477,0.112,-17.8160201408,0.125,-0.03
2000-330,2004,1,300.8504848382,0.352,-32.8625369991,0.921,-0.468
2002-233,2004,1,301.4858148091,0.273,-23.1741694395,0.643,-0.223
2002-375,2004,1,301.479462313,0.263,-37.3948557972,1.395,0.057
2005+642,2004,1,301.573727394,0.341,64.4126161486,0.246,0.172
2005-489,2004,3,302.3557943388,3.536,-48.8315890431,2.202,0.961
2007+777,2004,2,301.3791605448,0.116,77.878679873,0.099,0.016
2014-254,2004,1,304.4708414911,0.988,-25.2472450335,2.288,-0.43
2015-113,2004,1,304.6167260367,0.231,-11.1654160284,0.514,-0.15
2021+317,2004,2,305.8292388731,0.29,31.8839740928,0.332,-0.342
2021+614,2004,2,305.5278404871,0.083,61.616334661,0.09,0.049
2021-330,2004,1,306.1482353051,0.333,-32.8933090381,0.895,0.412
2027-308,2004,1,307.7413901503,3.335,-30.656762091,9.897,0.109
2029+121,2004,6,307.9791428057,0.114,12.3281501293,0.196,0.234
2030+547,2004,2,307.9498272296,0.079,54.9175387934,0.143,-0.057
2030-689,2004,1,308.9536522131,0.24,-68.7760672754,0.573,-0.213
2037-253,2004,2,310.036553667,0.647,-25.1296286206,0.348,-0.53
2042-098,2004,1,311.1778132982,0.554,-9.6774230262,1.629,-0.449
2050+226,2004,2,313.2890165494,0.435,22.8004128675,0.592,0.428
2051+745,2004,2,312.8905606516,0.153,74.6945828488,0.122,-0.474
2051-204,2004,1,313.5919685667,0.154,-20.2713387608,0.381,-0.072
2052-474,2004,6,314.0681656077,0.312,-47.2465635068,0.379,0.273
2053-127,2004,1,313.9633306229,1.335,-12.5789546573,1.798,0.534
2053-323,2004,1,314.1044592259,0.254,-32.1466113834,0.708,-0.359
2054-377,2004,1,314.4233478399,0.26,-37.5674976478,0.602,0.135
2058+260,2004,1,315.1629172012,1.555,26.2602847404,1.228,-0.184
2058-297,2004,1,315.2569165654,0.282,-29.5577317591,1.698,0.232
2059+034,2004,2,315.411808764,0.496,3.6920335062,0.229,-0.237
2059-334,2004,1,315.6911914401,1.281,-33.2211622104,5.151,0.169
2100+468,2004,1,315.5710673773,0.577,47.0378480735,0.479,-0.037
2102-659,2004,3,316.7488405738,5.281,-65.7954422993,2.684,-0.015
2103+213,2004,1,316.5450757666,0.099,21.5933323745,0.224,-0.265
2105-250,2004,1,317.0513338106,1.304,-24.8759226121,2.892,0.302
2106+143,2004,3,317.170967278,0.117,14.5075034624,0.287,0.165
2106-413,2004,7,317.3882856008,0.255,-41.1723902539,0.778,0.634
2107-016,2004,1,317.5942462076,0.34,-1.4495117441,0.615,0.081
2109-811,2004,4,319.1285253127,0.485,-80.8986731575,0.281,-0.358
2111+400,2004,1,318.3728595855,0.644,40.2142744968,0.733,-0.303
2113+293,2004,32,318.8725560425,0.099,29.5606574772,0.172,-0.013
2117-614,2004,1,320.2669767008,3.808,-61.1901737993,2.193,0.093
2117-642,2004,1,320.4792576055,6.851,-64.0750117311,3.659,-0.382
2118+053,2004,1,320.1715929891,0.165,5.562502227,0.336,-0.078
2118-372,2004,1,320.3049741363,0.139,-37.0524728442,0.373,-0.282
2121+053,2004,55,320.9354891476,0.087,5.5894702823,0.11,-0.047
2121+547,2004,2,320.7721394234,0.218,55.0075903477,0.306,-0.74
2123+244,2004,2,321.3590434088,2.055,24.7009941066,5.288,0.348
2123-463,2004,1,321.6279341875,0.424,-46.0966363437,1.365,-0.2
2126-158,2004,33,322.3007329231,0.185,-15.6447336674,0.384,-0.483
2128-123,2004,25,322.8969238779,0.128,-12.1179990169,0.282,0.363
2130-425,2004,1,323.5048856831,2.228,-42.3120119834,14.745,0.377
2131-021,2004,3,323.5429566527,0.642,-1.8881217914,0.487,0.417
2135+347,2004,1,324.4337618732,1.16,34.9283596286,4.409,-0.106
2136+141,2004,107,324.7554552556,0.114,14.3933311942,0.165,-0.175
2138-377,2004,1,325.4685373543,0.366,-37.4869421412,0.935,0.451
2141+175,2004,1,325.8981023454,0.073,17.7302187431,0.155,0.039
2141-334,2004,1,326.2132737072,0.148,-33.2153052141,0.36,-0.117
2142-758,2004,4,326.8030435449,0.302,-75.6036736924,0.316,0.262
2143-156,2004,2,326.595747354,0.521,-15.4288571636,0.198,-0.348
2144-362,2004,1,326.8796896386,2.77,-36.0309127706,10.146,0.431
2145+067,2004,32,327.0227444005,0.084,6.9607234656,0.152,-0.162
2149+056,2004,57,327.907814549,0.198,5.8702651335,0.459,-0.376
2150+173,2004,2,328.1034141022,0.093,17.5771653513,0.143,-0.096
2151+431,2004,1,328.4623296617,0.22,43.3818058351,0.278,-0.195
2152+226,2004,1,328.7769103747,0.356,22.8395225689,0.295,-0.379
2155-304,2004,3,329.7169380295,0.408,-30.2255884515,0.293,-0.198
2158-167,2004,1,330.2286619159,0.603,-16.5424169405,1.394,-0.781
2201+315,2004,93,330.8123991006,0.16,31.7606305394,0.202,-0.007
2203-215,2004,1,331.6724260679,0.461,-21.3279205755,0.874,0.689
2204-540,2004,7,331.9322221143,0.258,-53.7760610215,0.4,0.51
2208-373,2004,1,332.9605250229,2.654,-37.1180504269,14.222,-0.035
2209+236,2004,12,333.0248595526,0.155,23.9279287751,0.205,0.005
2210-257,2004,2,333.2604082038,0.423,-25.491689029,0.172,-0.535
2214+350,2004,2,334.0833745052,0.125,35.3039390373,0.226,-0.057
2214-192,2004,1,334.2590238613,0.245,-19.0343958284,0.54,-0.091
2215-508,2004,2,334.5792700857,4.662,-50.6449266294,2.097,0.206
2216-038,2004,3,334.7168238516,0.15,-3.5935776227,0.625,0.049
2220-351,2004,1,335.7747105557,0.796,-34.9297715231,3.148,0.71
2221+625,2004,1,335.8254019986,0.911,62.8260571762,1.564,0.181
2227+009,2004,1,337.4658413014,0.632,1.2490897201,0.766,0.237
2227-088,2004,3,337.417018074,0.083,-8.5484543118,0.186,0.101
2229+695,2004,2,337.6519568681,0.124,69.774465838,0.127,0.066
2232-488,2004,5,338.8051521876,0.494,-48.5996652555,0.706,0.434
2234+282,2004,48,339.0936285938,0.117,28.4826148576,0.149,0.253
2235+731,2004,4,339.1608208636,0.162,73.3812950858,0.193,0.302
2236-572,2004,1,339.8003163268,0.328,-57.016900018,0.703,0.434
2239-631,2004,1,340.7826643369,0.674,-62.8492559972,1.341,0.456
2243-123,2004,43,341.5759665628,0.168,-12.1142435436,0.326,-0.088
2244-372,2004,2,341.7663223481,0.602,-36.9628623458,0.317,-0.596
2245+471,2004,1,341.9659039819,1.491,47.3854914058,2.114,0.377
2245-328,2004,1,342.1611905119,0.177,-32.5978300969,0.455,-0.378
2246-309,2004,1,342.3293410875,0.241,-30.6535089953,0.548,-0.679
2250+194,2004,2,343.2807048765,0.079,19.7096191205,0.151,0.033
2251+134,2004,1,343.5875675473,0.092,13.6968543871,0.212,-0.209
2253+417,2004,2,343.902949292,0.084,42.0479257546,0.101,0.055
2254+024,2004,2,344.3231795211,0.214,2.7215310901,0.27,-0.498
2254+074,2004,4,344.3220963388,0.106,7.7200840554,0.225,0.04
2254-367,2004,1,344.2942020774,6.851,-36.4622196688,3.013,-0.569
2255-282,2004,43,344.5248453534,0.158,-27.9725713473,0.356,0.744
2256+570,2004,1,344.7414214786,0.321,57.3184619974,0.268,0.279
2300+638,2004,1,345.6721457587,0.137,64.0980137165,0.285,-0.066
2300-683,2004,4,345.9315191596,0.222,-68.1270674698,0.232,0.328
2302+232,2004,11,346.1518183666,0.195,23.5187808596,0.368,-0.313
2306+095,2004,1,347.1840483729,0.13,9.773919719,0.295,0.046
2306-312,2004,1,347.3097142456,0.239,-30.9868289846,0.638,-0.448
2311-477,2004,2,348.4662527504,5.715,-47.4865884733,2.419,0.517
2318+049,2004,87,350.1869024381,0.131,5.2305423914,0.171,-0.07
2319+272,2004,2,350.4994260163,0.099,27.5462343347,0.173,0.095
2319+317,2004,2,350.4789832162,0.129,32.0687840643,0.206,0.005
2320+506,2004,2,350.6082591035,0.093,50.9644343361,0.106,0.105
2320+689,2004,2,350.5376883008,0.426,69.1842825082,0.597,-0.096
2320-035,2004,3,350.883140616,1.453,-3.2847290584,0.782,0.525
2321-375,2004,1,351.0296327867,0.781,-37.2395710041,0.225,-0.161
2325-150,2004,3,351.9498506233,2.458,-14.7988207623,1.866,0.918
2326-477,2004,5,352.323768058,0.284,-47.5053096854,0.47,0.582
2329-162,2004,3,352.9110520355,0.158,-15.9491693436,0.193,0.02
2329-384,2004,3,352.9978173069,0.903,-38.1965700633,2.52,0.989
2331-240,2004,2,353.4801575754,0.189,-23.7279605246,0.468,0.011
2333-415,2004,1,354.141604791,0.516,-41.2561069161,3.33,-0.308
2335-027,2004,2,354.4889127094,0.257,-2.51600832,0.332,0.477
2336+024,2004,1,354.8737939744,1.635,2.7348210586,3.88,-0.58
2338+330,2004,1,355.2387478353,0.173,33.3173948652,0.248,0.149
2340+233,2004,1,355.8016126033,0.289,23.6626798015,0.767,-0.744
2344-514,2004,1,356.8327667828,1.118,-51.1766840122,2.281,0.777
2346+052,2004,1,357.3377145804,0.133,5.5777424321,0.295,0.001
2351+456,2004,2,358.5903342302,0.112,45.8845101915,0.171,-0.064
2351-309,2004,1,358.4477441678,2.338,-30.6301382854,5.779,-0.911
2353-686,2004,5,359.0028389611,0.285,-68.3342977448,0.277,0.126
2355-106,2004,4,359.5453433967,0.199,-10.3357252599,0.481,0.123
2355-534,2004,2,359.4719423123,0.369,-53.1871356569,0.692,0.428
2356+385,2004,31,359.8882533447,0.113,38.8450883919,0.164,-0.257
