iers_name,year,num_ses,ra,ra_err,dec,dec_err,ra_dec_corr
0002-478,2005,3,1.1485645736,0.228,-47.60544555,0.504,0.724
0003+380,2005,4,1.4882307718,0.101,38.3375413764,0.139,-0.03
0003-066,2005,118,1.5578870314,0.146,-6.393148652,0.201,-0.129
0006-363,2005,1,2.1402557803,3.373,-36.0236258112,21.843,0.692
0007+171,2005,2,2.6416275946,0.272,17.405211403,0.239,0.11
0008-264,2005,4,2.7551947752,0.436,-26.2092715011,0.273,-0.362
0009+467,2005,1,3.1220954436,0.325,47.0763165924,0.664,-0.365
0010+336,2005,1,3.1974258709,0.306,33.8940198037,0.529,-0.556
0010+405,2005,2,3.3797091094,0.106,40.8603178286,0.126,-0.107
0012+319,2005,1,3.7756141673,0.149,32.2703638247,0.307,-0.203
0014+813,2005,155,4.2853119514,0.1,81.5855934994,0.106,0.01
0015-054,2005,1,4.3992384053,0.294,-5.2116022906,0.646,-0.355
0015-280,2005,1,4.4958582042,1.052,-27.8059934144,2.383,0.705
0016+731,2005,5,4.9407764809,0.157,73.4583382249,0.167,0.44
0021-084,2005,1,6.0028029696,0.725,-8.1861245338,1.455,-0.267
0024-114,2005,1,6.7143459103,0.626,-11.2145627143,1.127,0.217
0032+612,2005,1,8.8554608863,0.282,61.5085448137,0.317,0.322
0033-088,2005,1,8.9427104238,1.492,-8.5983457595,3.306,-0.891
0034+078,2005,1,9.3841548777,0.159,8.1369603564,0.332,-0.255
0035+413,2005,3,9.6035149172,0.211,41.6183334498,0.254,-0.024
0035-037,2005,1,9.5866430766,0.169,-3.4997116389,0.386,-0.38
0036-191,2005,1,9.8205182516,3.155,-18.9015611749,6.606,0.748
0039+230,2005,1,10.5189381687,0.169,23.3336283537,0.21,-0.374
0041+677,2005,1,11.2114983414,0.189,68.0507460429,0.3,-0.181
0046+861,2005,1,13.1368953082,0.91,86.4622915338,1.623,0.15
0047-579,2005,7,12.4978043765,0.223,-57.6409277534,0.342,0.511
0048-097,2005,85,12.6721557697,0.166,-9.4847806403,0.162,-0.152
0048-427,2005,5,12.7895909266,0.22,-42.4425813868,0.562,0.433
0050-287,2005,1,13.2189855222,1.985,-28.4317203298,6.681,-0.845
0051-077,2005,1,13.4021487477,1.15,-7.4582277347,2.174,-0.276
0052-125,2005,1,13.7990941041,0.103,-12.2991936486,0.251,-0.278
0052-201,2005,2,13.6372852123,0.316,-19.883611874,0.742,0.006
0054-006,2005,1,14.3208431428,1.121,-0.4092154548,2.236,0.705
0055+329,2005,1,14.6336209594,0.202,33.1881151646,0.477,-0.253
0057+334,2005,1,15.1595445964,0.235,33.7517005193,0.499,-0.184
0059+581,2005,166,15.6906765824,0.056,58.4030935331,0.064,-0.027
0104+195,2005,1,16.7192968849,0.193,19.8507116638,0.411,-0.519
0104-035,2005,1,16.6801196652,0.164,-3.2600821517,0.369,-0.184
0104-408,2005,29,16.6879498986,0.277,-40.5722112323,0.261,0.085
0106+013,2005,24,17.1615463314,0.169,1.5834215338,0.207,-0.033
0107-610,2005,3,17.3144801317,0.205,-60.8301277783,0.281,0.204
0109+224,2005,2,18.0242696304,0.109,22.7441073549,0.138,-0.128
0109-135,2005,1,17.9869081755,0.205,-13.2836658401,0.523,-0.46
0110+495,2005,2,18.3625283361,0.187,49.8066787045,0.179,-0.267
0110-668,2005,3,18.0788041182,0.662,-66.5792186591,0.602,0.814
0111+021,2005,11,18.4297706187,0.163,2.3714767805,0.238,-0.301
0113-118,2005,1,19.0521750886,0.11,-11.604287387,0.263,-0.396
0116-219,2005,2,19.7385922155,0.384,-21.6917053174,1.861,0.469
0117-171,2005,1,19.9318579853,0.348,-16.9024923961,0.823,0.608
0118-272,2005,3,20.1319307602,0.743,-27.0235146583,0.61,-0.471
0118-283,2005,1,20.2530912623,1.752,-28.1061610771,3.838,0.731
0119+041,2005,13,20.486923715,0.306,4.3735373088,0.517,-0.366
0119+115,2005,115,20.4233126596,0.125,11.830670306,0.245,-0.108
0120+304,2005,1,20.7595060851,0.267,30.7352549684,0.645,0.013
0121-096,2005,1,20.9432695409,0.968,-9.3842590906,2.1,0.486
0122-260,2005,1,21.3284894332,0.171,-25.8178860323,0.442,-0.203
0122-514,2005,3,21.2391310331,0.408,-51.2211576791,1.673,0.636
0123+257,2005,3,21.678302633,0.105,25.9836945621,0.194,0.063
0123+731,2005,1,21.7696565675,4.039,73.3868528439,3.825,-0.653
0128+383,2005,1,22.8613062795,0.408,38.5775616462,0.882,-0.038
0130-171,2005,2,23.1811976228,0.563,-16.9134784615,0.313,0.609
0131-522,2005,3,23.2740106516,0.196,-52.0010960523,0.385,0.529
0133+476,2005,150,24.2441450102,0.054,47.8580833696,0.07,-0.089
0134+215,2005,1,24.3151040125,0.63,21.7622972402,0.625,0.508
0135-247,2005,2,24.4097768496,0.439,-24.5149681819,0.124,0.236
0135-274,2005,1,24.5409092312,0.208,-27.1910926612,0.537,0.194
0137-158,2005,1,25.0184799428,0.115,-15.5488000118,0.295,-0.166
0138-097,2005,3,25.3576339085,0.176,-9.4787983894,0.154,0.293
0139-022,2005,1,25.3907922492,0.175,-2.0393203005,0.405,-0.347
0141+268,2005,1,26.139807872,0.729,27.0841994928,0.771,0.006
0148+250,2005,1,27.7759743667,0.49,25.291295109,1.371,-0.61
0148+274,2005,2,27.8631090224,0.169,27.744942711,0.24,0.072
0149+218,2005,2,28.0752460234,0.102,22.1188055002,0.145,-0.066
0149-175,2005,1,27.950207764,3.806,-17.3319544412,8.876,0.811
0150-299,2005,1,28.1403872185,0.911,-29.7133132241,2.935,0.027
0150-334,2005,3,28.2921742571,0.728,-33.1738506762,0.432,-0.418
0151+474,2005,2,28.7345412512,0.104,47.7240387838,0.179,0.072
0153+744,2005,2,29.3956873544,0.23,74.7120083297,0.243,-0.301
0154-000,2005,1,29.2938954296,0.182,0.1901346312,0.427,-0.418
0158+031,2005,1,30.1700686647,0.157,3.3804187126,0.372,-0.258
0158-141,2005,1,30.2429881366,1.392,-13.9383281488,3.673,-0.124
0158-159,2005,1,30.2131202841,2.894,-15.7102386076,10.852,0.454
0159+723,2005,2,30.8891041222,0.104,72.5482409333,0.118,0.174
0159-200,2005,1,30.5576987839,0.355,-19.8054137888,0.973,0.231
0201+113,2005,68,30.944404375,0.201,11.5792804861,0.354,-0.369
0202+145,2005,1,31.304655167,0.128,14.7423295089,0.305,-0.203
0202+149,2005,63,31.210057854,0.24,15.2364010093,0.273,-0.436
0202+319,2005,4,31.2705223073,0.087,32.2083598413,0.11,0.252
0202-172,2005,2,31.240309618,0.344,-17.0221777564,0.191,-0.082
0207-078,2005,1,32.5688701944,2.94,-7.6224153916,3.657,0.388
0207-149,2005,1,32.5965849767,0.442,-14.7497276834,0.945,-0.336
0208-512,2005,34,32.6925017862,0.218,-51.0171921752,0.263,-0.082
0209-162,2005,1,32.9573364338,1.034,-15.9719022065,2.246,0.387
0212+735,2005,3,34.3783897767,0.111,73.8257281897,0.083,-0.119
0215+015,2005,3,34.4539780595,0.312,1.7471387479,0.355,-0.872
0216+472,2005,1,34.847333052,0.215,47.461113416,0.334,-0.036
0219+428,2005,2,35.6650478302,0.087,43.0354996841,0.101,0.003
0220-349,2005,5,35.7350069176,0.402,-34.6913138634,0.657,0.421
0221+067,2005,3,36.1184508508,0.151,6.9898170435,0.211,-0.132
0222+296,2005,1,36.3299803918,0.268,29.9200359231,0.564,-0.252
0223+113,2005,1,36.4246245598,0.135,11.5737402467,0.316,-0.018
0224+498,2005,1,37.0019405275,0.257,50.0997249439,0.285,-0.199
0224+540,2005,1,37.1070492783,3.646,54.3189260863,3.328,0.843
0225+419,2005,1,37.0519464279,0.648,42.2009569153,0.636,0.066
0227-369,2005,2,37.3685376523,0.234,-36.732450385,0.76,-0.149
0228-163,2005,1,37.7709803836,0.776,-16.1136152944,1.154,0.427
0229+131,2005,66,37.9412252379,0.146,13.381865689,0.187,0.035
0230+344,2005,1,38.3350836152,0.642,34.7149970508,0.723,-0.07
0230-790,2005,9,37.3956108469,0.334,-78.7960005255,0.394,0.073
0231+045,2005,1,38.5298142495,0.528,4.7786366768,0.795,-0.203
0234+285,2005,4,39.4683569584,0.133,28.8024971976,0.155,0.045
0234-301,2005,3,39.1298727463,0.369,-29.8987611625,1.69,0.793
0235+164,2005,67,39.6622087708,0.068,16.616465135,0.073,-0.028
0235-618,2005,4,39.2218572372,0.403,-61.6042175979,0.407,0.266
0236+420,2005,1,40.0218859991,0.222,42.2729221737,0.436,-0.083
0237-233,2005,2,40.0340632256,12.329,-23.1543689061,1.931,0.974
0238-052,2005,1,40.2340528921,1.338,-5.0783896109,1.548,0.21
0239+108,2005,2,40.6215451649,0.15,11.0168688856,0.378,-0.191
0242+131,2005,1,41.1903889,0.193,13.3353392147,0.38,-0.164
0244+327,2005,1,41.9218010776,0.132,32.9088434389,0.254,-0.099
0245+043,2005,1,42.0617838443,0.709,4.5780164071,2.245,-0.311
0248+430,2005,2,42.8939031481,0.173,43.2543971002,0.288,-0.502
0250+178,2005,1,43.3953427002,0.331,18.0951457326,0.619,0.595
0250+320,2005,1,43.3902089035,0.31,32.2891365209,0.552,0.021
0251+235,2005,1,43.6029922844,0.122,23.7240207069,0.277,-0.07
0252-549,2005,6,43.3715849836,0.232,-54.6976210922,0.336,0.323
0254+434,2005,1,44.496157171,0.206,43.6437985313,0.331,-0.058
0254-334,2005,3,44.1775113164,0.355,-33.2559103227,1.734,0.22
0255-124,2005,1,44.4208525512,0.44,-12.2003833251,0.887,0.463
0256+075,2005,2,44.8628192535,0.192,7.7943452173,0.232,-0.194
0256+192,2005,1,44.873566458,0.172,19.4289796974,0.329,0.136
0256-256,2005,1,44.5699810782,0.466,-25.4996641591,1.142,-0.849
0258-170,2005,1,45.3192625174,3.426,-16.879190532,6.097,0.621
0258-184,2005,1,45.2779828317,14.081,-18.2049393334,17.567,0.888
0300+470,2005,3,45.8968425424,0.113,47.2711876951,0.155,-0.038
0302+625,2005,3,46.6777481794,0.118,62.7172289363,0.113,0.018
0302-623,2005,7,45.9609636562,0.396,-62.1904306207,0.454,0.256
0306+102,2005,3,47.265097916,0.52,10.487872485,0.355,-0.292
0307-362,2005,1,47.260461199,3.338,-36.0677079014,17.077,0.567
0308-611,2005,6,47.4837465739,0.268,-60.9775155714,0.291,0.473
0309+411,2005,2,48.2581754293,0.137,41.3336621096,0.133,-0.199
0310+022,2005,1,48.3058560571,0.134,2.4764740565,0.3,-0.163
0315-006,2005,1,49.5601138955,2.077,-0.4969258278,1.757,0.013
0317+188,2005,2,49.963569657,0.113,19.025358676,0.206,-0.272
0319+121,2005,6,50.4712646291,0.162,12.3538758945,0.355,-0.173
0319+396,2005,1,50.7159584467,0.605,39.8006275303,0.631,-0.159
0319-056,2005,1,50.4994598704,0.259,-5.4367858851,0.535,-0.117
0322-230,2005,1,51.0731385481,3.646,-22.904979438,14.021,0.275
0322-294,2005,1,51.18456455,0.85,-29.3058945953,2.622,-0.485
0329-255,2005,1,52.7871691978,0.297,-25.4120181753,0.855,-0.336
0332-403,2005,1,53.5568938303,0.202,-40.1403889167,0.7,-0.245
0333-073,2005,1,53.9877299566,1.466,-7.1655150806,2.699,-0.274
0334+014,2005,1,54.3212841193,4.038,1.6229866233,4.657,0.794
0334-546,2005,4,53.9746866681,0.352,-54.5069765051,0.737,0.376
0339+683,2005,1,56.1726722012,0.18,68.4632806305,0.265,-0.23
0340-140,2005,1,55.6874499427,2.675,-13.9143518025,6.859,-0.475
0342+147,2005,2,56.2767355744,0.208,14.8970994899,0.258,0.356
0344+558,2005,1,56.9867170545,0.172,55.9587717687,0.192,-0.089
0350-253,2005,1,58.0460515215,0.142,-25.2472965848,0.384,-0.216
0352-164,2005,1,58.6042840389,0.845,-16.2729026258,1.798,-0.513
0355-669,2005,1,58.9495145544,1.261,-66.7593936385,0.838,0.723
0356+278,2005,1,59.8663982151,0.141,27.9733464823,0.318,0.112
0358+040,2005,1,60.3329706652,0.171,4.2262243284,0.25,-0.354
0358-162,2005,1,60.2776530804,0.175,-16.1108363422,0.472,-0.114
0359-151,2005,1,60.5699469253,0.459,-14.9724985785,0.937,-0.472
0400+258,2005,2,60.7732752315,0.1,26.000417515,0.134,-0.207
0400-319,2005,7,60.5886083211,0.321,-31.7905402477,0.719,0.084
0402-362,2005,78,60.9739578917,0.241,-36.0838647759,0.251,0.752
0403-132,2005,3,61.3916807441,0.172,-13.1371361118,0.424,-0.45
0403-179,2005,1,61.5510188875,0.428,-17.8327575899,1.135,-0.052
0405-123,2005,1,61.951795767,0.256,-12.1935165144,0.236,0.131
0405-385,2005,12,61.7459806259,0.239,-38.4411228437,0.387,0.107
0406+065,2005,1,62.3576987887,0.243,6.6764175686,0.467,-0.196
0406+121,2005,2,62.3417029707,0.079,12.2944022093,0.132,-0.071
0406-056,2005,1,62.2485414266,0.209,-5.4945941659,0.484,-0.204
0409+527,2005,1,63.4045266531,0.238,52.8480401295,0.426,0.273
0414-189,2005,3,64.1522685142,0.288,-18.852316736,0.256,-0.018
0418+437,2005,1,65.4657288858,0.361,43.8695638756,0.499,-0.171
0420+022,2005,1,65.7175610805,0.124,2.3241476121,0.26,-0.169
0420+417,2005,2,65.9833741684,0.091,41.8340869248,0.105,0.079
0420-014,2005,2,65.8158363775,0.107,-1.3425182285,0.167,-0.232
0422+004,2005,4,66.1951752965,0.128,0.6017581734,0.136,-0.312
0422+079,2005,1,66.2400119558,0.093,8.0881464732,0.204,-0.062
0422-380,2005,3,66.1760153218,0.123,-37.9391067375,0.199,0.153
0423+051,2005,2,66.6525172451,0.829,5.3055201372,0.272,0.65
0425-071,2005,2,66.8589968342,0.141,-7.008684292,0.308,-0.112
0426+273,2005,2,67.4706698843,0.143,27.4105211554,0.14,-0.13
0426+332,2005,1,67.4696714226,0.229,33.3171830528,0.372,-0.019
0426-380,2005,5,67.168434459,0.237,-37.9387723772,0.213,-0.655
0428-042,2005,1,67.8670356694,0.5,-4.1075887851,0.935,-0.134
0430+289,2005,3,68.4076244001,0.117,29.0987436532,0.196,0.07
0430-163,2005,1,68.1211762213,0.163,-16.2349080233,0.384,-0.417
0434-188,2005,41,69.2561780676,0.262,-18.7468370863,0.669,-0.545
0435+217,2005,1,69.7328540094,0.215,21.8861964257,0.381,-0.029
0435-300,2005,1,69.4023693907,0.157,-29.9011439884,0.377,0.08
0437-454,2005,3,69.753561079,1.09,-45.3729340965,0.511,-0.723
0438-436,2005,10,70.0715829555,0.402,-43.5523901987,0.599,0.561
0445+097,2005,1,72.0905767463,0.202,9.8476281003,0.328,-0.004
0446+112,2005,8,72.2819628804,0.117,11.3579434603,0.173,-0.023
0446-096,2005,1,72.2061240444,1.284,-9.5920846497,5.856,-0.526
0446-212,2005,1,72.072423852,0.754,-21.1624527821,1.241,0.547
0447+227,2005,1,72.7164362137,0.198,22.8183051698,0.362,-0.035
0447-010,2005,1,72.4287748415,0.276,-0.9562090938,0.583,-0.576
0451-282,2005,9,73.3110282667,0.412,-28.127035177,0.957,0.21
0452+068,2005,1,73.8363040468,2.893,6.927464535,4.005,-0.332
0454+844,2005,17,77.1765144335,0.142,84.5345955712,0.164,-0.113
0454-234,2005,98,74.2632467366,0.195,-23.4144500774,0.125,-0.086
0454-463,2005,2,73.9615522222,0.543,-46.2662997571,1.081,0.489
0454-810,2005,10,72.5226682305,0.243,-81.0172864595,0.281,0.187
0455-183,2005,1,74.4763550349,0.439,-18.3211313196,1.167,0.3
0457+024,2005,2,74.9668777271,0.264,2.491993592,0.18,0.175
0458+138,2005,2,75.4386284348,0.16,13.9353389372,0.335,-0.019
0458-020,2005,115,75.303374484,0.158,-1.9872934139,0.149,-0.299
0459-139,2005,1,75.49977033,0.935,-13.9180069641,1.62,0.283
0501-067,2005,1,75.9835414185,10.211,-6.6343096881,18.048,-0.96
0502+049,2005,3,76.3466030224,0.215,4.9952013091,0.162,0.134
0503+216,2005,1,76.6418055635,0.202,21.6833776479,0.397,-0.1
0503+608,2005,1,77.1135809542,4.277,60.940926625,2.519,-0.823
0503-163,2005,1,76.4881692963,0.701,-16.266113097,1.526,-0.779
0503-608,2005,1,76.0070876244,2.177,-60.8312611052,1.042,0.757
0506-612,2005,6,76.6832864141,0.31,-61.161387204,0.272,0.418
0507+179,2005,2,77.5098713945,0.261,18.0115504909,0.122,-0.038
0508-317,2005,1,77.6930871876,0.122,-31.7149805266,0.329,-0.06
0509+205,2005,1,78.1628129583,2.705,20.6285546641,4.198,-0.043
0509+293,2005,1,78.175857664,0.425,29.4510029521,0.559,0.447
0512-205,2005,1,78.5722811749,0.189,-20.489031051,0.47,-0.624
0514+074,2005,1,79.2348539338,7.901,7.5481231014,14.514,-0.978
0514-156,2005,1,79.2382733307,3.461,-15.6195463361,4.543,0.498
0515-053,2005,2,79.3671257013,0.266,-5.3446782473,0.65,0.12
0515-179,2005,1,79.3501956155,0.854,-17.9400411317,1.726,-0.429
0516-621,2005,4,79.1871921887,0.195,-62.118163694,0.378,0.161
0519-176,2005,1,80.3481560115,0.532,-17.6250513328,1.298,-0.463
0520-165,2005,1,80.6860623975,0.198,-16.4645570546,0.484,0.103
0521-365,2005,2,80.7416027112,0.287,-36.4585697627,0.21,-0.474
0522-611,2005,3,80.6434394792,0.214,-61.1325370445,0.256,0.28
0523-236,2005,1,81.2771081328,0.206,-23.6363353181,0.516,-0.447
0524+034,2005,1,81.8862727184,0.079,3.525421322,0.166,-0.267
0524-460,2005,3,81.3808340434,1.187,-45.9651903518,0.661,-0.779
0524-485,2005,3,81.5694637892,0.277,-48.5102199148,0.899,0.086
0527-053,2005,1,82.4730559779,1.367,-5.3282267014,1.689,0.531
0528+134,2005,92,82.735069804,0.08,13.5319859882,0.134,0.001
0529+483,2005,4,83.3161074706,0.093,48.3813355132,0.154,0.263
0529-031,2005,2,83.0313302636,0.291,-3.1186216636,0.536,0.549
0530-388,2005,1,83.0085905094,1.388,-38.8150933667,4.753,-0.933
0530-727,2005,4,82.3751754751,0.409,-72.7579187777,0.32,-0.104
0532+826,2005,1,85.9118622843,0.351,82.6413234483,0.742,0.33
0534+510,2005,1,84.7283134608,0.138,51.1231685626,0.274,0.275
0534-340,2005,1,84.1184650263,15.73,-34.0198528611,3.555,0.989
0534-611,2005,4,83.6490521334,0.311,-61.1019647521,0.503,0.123
0537-286,2005,6,84.9761727985,0.471,-28.6655411252,0.275,-0.375
0537-441,2005,118,84.7098398039,0.16,-44.0858164036,0.213,0.098
0539-057,2005,3,85.4086807326,2.772,-5.6970631547,10.642,0.988
0540-092,2005,1,85.7328225445,0.4,-9.2252794686,0.649,0.163
0542-227,2005,2,86.0315295513,0.141,-22.6861060133,0.348,-0.186
0544+273,2005,2,86.8922872108,0.127,27.3657896379,0.283,0.019
0546+308,2005,1,87.4757526061,1.948,30.91322195,1.634,0.154
0547-278,2005,1,87.3847799097,0.768,-27.8774608886,1.928,-0.781
0548+084,2005,2,87.7967888649,0.77,8.4864505054,1.017,0.371
0549-191,2005,1,87.980251442,0.559,-19.1558247645,1.068,0.032
0549-575,2005,4,87.5399173647,0.253,-57.5401101064,0.617,0.115
0551-086,2005,1,88.4245478302,2.35,-8.6671945839,3.407,-0.678
0552+398,2005,160,88.8783567332,0.041,39.8136569433,0.048,0.004
0554+343,2005,1,89.5003692693,0.179,34.3134409171,0.299,0.096
0556+238,2005,70,89.8834713712,0.13,23.8983129649,0.231,-0.086
0556-009,2005,1,89.6849645616,2.346,-0.9185896459,5.502,0.562
0557-182,2005,1,89.9433492116,7.079,-18.2965456768,9.6,0.395
0600+063,2005,1,90.8098148482,2.281,6.3744309324,2.647,0.825
0600+177,2005,2,90.788042669,0.125,17.7046696415,0.225,-0.348
0602+673,2005,100,91.9694650716,0.055,67.3487250264,0.074,-0.19
0603+882,2005,1,100.5255631895,0.913,88.1986157513,1.053,0.218
0604-004,2005,1,91.7393488403,4.07,-0.4159605493,10.64,0.388
0604-074,2005,1,91.6814429112,0.123,-7.4083978024,0.27,-0.072
0605-085,2005,3,91.9987467864,0.147,-8.5805494268,0.277,-0.011
0606-272,2005,1,92.1884868141,0.476,-27.28634215,1.091,-0.454
0606-387,2005,1,92.0477567039,3.109,-38.7907202849,13.707,0.656
0607-157,2005,121,92.4206230496,0.125,-15.7112980141,0.089,0.009
0608-230,2005,1,92.6616138829,1.36,-23.0293988329,2.874,-0.562
0609+607,2005,2,93.5994424604,0.119,60.7727100077,0.124,-0.115
0609-119,2005,1,92.8961046395,1.406,-11.9293967304,2.166,-0.174
0610+782,2005,1,94.4872203732,0.217,78.2687206338,0.141,0.339
0611+131,2005,3,93.4903874307,2.05,13.112611646,1.53,-0.306
0612-255,2005,1,93.5717119593,0.153,-25.6148677913,0.387,-0.218
0613-030,2005,1,94.0330888847,0.404,-3.1135703202,0.966,0.182
0614+463,2005,1,94.5341820529,0.173,46.337836712,0.324,0.245
0614-106,2005,1,94.1741983389,0.544,-10.6856817792,0.861,-0.192
0614-219,2005,1,94.2585114984,0.199,-22.0078256037,0.499,-0.269
0614-349,2005,1,94.14992021,29.891,-34.9379413125,103.633,-0.982
0615+820,2005,2,96.512524571,0.445,82.0404355053,0.396,-0.719
0615-172,2005,1,94.3892430963,2.472,-17.256968916,2.874,0.717
0618-284,2005,1,95.1223280032,0.219,-28.4600235044,0.562,0.347
0619+334,2005,1,95.7175914529,0.251,33.4362250981,0.504,-0.225
0620+385,2005,1,95.8705815832,0.15,38.5138356537,0.301,0.055
0620+389,2005,3,96.0792555065,0.125,38.9468710484,0.161,0.067
0620-011,2005,1,95.7414262574,1.471,-1.1575329763,4.268,0.158
0621-010,2005,1,96.0070219737,2.685,-1.0578124328,9.329,0.739
0625+286,2005,1,97.209662213,1.061,28.5973414395,1.011,0.439
0626-280,2005,2,97.1803293749,0.258,-28.0887175652,0.614,-0.278
0627+814,2005,1,99.4307539519,5.647,81.424361228,3.169,0.442
0627-050,2005,1,97.4792959499,1.322,-5.0833531232,1.898,0.108
0629-141,2005,1,97.834275834,0.137,-14.1754842335,0.336,-0.209
0629-418,2005,3,97.7999918347,0.478,-41.9074850296,0.897,-0.826
0630+367,2005,1,98.3933820446,2.359,36.7138181408,1.687,0.359
0630-261,2005,1,98.0270913023,0.779,-26.2372324242,2.099,-0.52
0632-235,2005,1,98.745837443,0.097,-23.5866547242,0.254,-0.264
0633-211,2005,1,99.0025069413,0.176,-21.2200558451,0.417,-0.176
0633-26A,2005,1,98.8371209534,0.788,-26.3444082375,1.81,-0.531
0634-057,2005,1,99.2013729403,0.11,-5.7854294271,0.267,-0.323
0636+680,2005,2,100.5177388492,0.213,67.9765614596,0.217,-0.352
0637-216,2005,1,99.8696898595,5.915,-21.6993927996,15.535,-0.449
0637-337,2005,1,99.8371027983,0.814,-33.7666984063,0.795,0.332
0637-752,2005,32,98.9437827364,0.413,-75.2713376139,0.198,-0.338
0638+528,2005,1,100.6159242683,0.215,52.7997981913,0.385,0.039
0639+098,2005,1,100.4383166751,20.423,9.7845463351,27.629,-0.947
0639+115,2005,1,100.6042326789,4.237,11.4758071982,3.464,-0.12
0639+352,2005,1,100.742248301,0.418,35.1551051475,0.937,-0.039
0640+074,2005,1,100.841972185,0.953,7.4145686518,1.263,0.472
0640+090,2005,1,100.8601878921,2.17,8.9605583568,1.963,-0.343
0641-135,2005,1,100.8848405702,0.135,-13.5971883709,0.3,0.066
0642+449,2005,129,101.6334416953,0.04,44.8546083756,0.047,-0.015
0643+057,2005,1,101.4469855412,1.063,5.6895515048,1.943,0.449
0644-390,2005,1,101.6288351984,2.367,-39.0608637225,9.048,0.768
0645-160,2005,1,101.8748622211,0.204,-16.0909333312,0.552,-0.496
0646+563,2005,1,102.7007943269,0.273,56.2762473504,0.499,0.083
0646-176,2005,1,102.1187440123,0.145,-17.7348445534,0.337,-0.321
0646-306,2005,1,102.0587355276,0.646,-30.7387943053,0.478,0.175
0647+040,2005,1,102.658892253,0.453,3.9690112362,0.714,0.112
0648-086,2005,1,102.6882302664,0.485,-8.6667173503,0.945,-0.006
0648-165,2005,5,102.6024245002,0.562,-16.627701597,0.46,0.22
0649-209,2005,1,102.9921669373,0.07,-21.0199765748,0.169,-0.479
0650+052,2005,1,103.364516023,2.296,5.1475177185,2.018,0.761
0650+507,2005,1,103.5920548654,0.136,50.7066315112,0.242,0.031
0650-063,2005,1,103.2524899972,0.209,-6.4257505191,0.498,-0.67
0651-194,2005,1,103.490856793,0.124,-19.4943549051,0.303,-0.285
0656+082,2005,69,104.8249835469,0.234,8.2252647212,0.523,-0.729
0657+172,2005,2,105.0063564622,0.111,17.1560281316,0.255,-0.247
0657-276,2005,1,104.9579875563,0.241,-27.755141856,0.619,0.162
0700-197,2005,1,105.6787527195,0.128,-19.856120856,0.324,-0.174
0700-286,2005,1,105.6683444679,0.319,-28.6972357102,1.133,-0.687
0701-130,2005,1,106.0259844966,1.382,-13.1228661723,2.288,0.175
0705+377,2005,1,107.2884271882,0.21,37.6314392834,0.314,0.419
0707+476,2005,1,107.6921037885,0.106,47.5364285126,0.186,0.04
0707-028,2005,1,107.4377274691,0.191,-2.9215267305,0.401,0.014
0708+506,2005,1,108.1820150394,0.14,50.5563075831,0.235,0.286
0708-204,2005,1,107.6942604177,3.179,-20.556651537,5.058,0.142
0710+439,2005,2,108.4090172573,0.144,43.8214466403,0.202,-0.131
0716+714,2005,6,110.4727019122,0.14,71.3434342882,0.217,-0.332
0716-181,2005,1,109.5589918763,0.298,-18.2177928019,0.599,0.52
0718+157,2005,1,110.2600566777,0.395,15.6786029268,0.913,-0.326
0722+145,2005,4,111.3200323329,0.121,14.4204852037,0.168,-0.16
0723+067,2005,1,111.6515171762,0.424,6.6119033617,0.82,-0.096
0723+679,2005,1,112.0453987933,0.166,67.8130647404,0.121,-0.152
0723-265,2005,2,111.3517213645,0.217,-26.6757442712,0.613,-0.449
0727-115,2005,179,112.5796353456,0.117,-11.6868334995,0.089,-0.138
0729+146,2005,1,112.9958206386,0.433,14.5601369063,0.655,-0.261
0730+504,2005,4,113.4688358251,0.136,50.3691840222,0.21,0.546
0733-174,2005,3,113.9408854696,1.037,-17.5968062985,0.565,0.269
0734-044,2005,1,114.1401131398,3.565,-4.5532943901,6.216,-0.039
0734-072,2005,1,114.2797209998,1.096,-7.3438998588,1.26,0.271
0735+178,2005,2,114.5308072889,0.135,17.7052774173,0.212,-0.064
0736+017,2005,2,114.825141291,0.108,1.6179493489,0.134,0.019
0737+289,2005,1,115.1397659594,0.422,28.8797908593,0.748,-0.132
0738+313,2005,2,115.2945971531,0.136,31.2000639557,0.343,-0.166
0738+491,2005,2,115.5114540788,0.112,49.0043358533,0.135,0.097
0738-674,2005,3,114.7354009595,0.241,-67.5974517158,0.271,0.387
0740-383,2005,1,115.6750206292,6.182,-38.4844247342,16.418,0.711
0741+214,2005,1,116.1969862937,0.306,21.3334519525,0.566,-0.063
0741-045,2005,1,115.9683609247,0.179,-4.6723694611,0.386,-0.015
0741-379,2005,1,115.9367531758,2.375,-38.0656810716,10.821,0.64
0742+333,2005,1,116.4971833926,0.439,33.2261489078,0.821,0.198
0743+259,2005,142,116.6078090898,0.074,25.817259666,0.078,-0.051
0743-673,2005,5,115.8817150777,0.384,-67.4404295987,0.276,-0.227
0745+241,2005,3,117.1504553326,0.119,24.0066971703,0.245,-0.134
0745-165,2005,1,117.0128492479,0.162,-16.6639594415,0.415,-0.22
0746+688,2005,1,117.9416033935,1.144,68.6741203188,0.773,0.562
0748+019,2005,1,117.759506492,0.682,1.8710446329,1.143,-0.16
0748+126,2005,5,117.7168572613,0.1,12.5180078134,0.128,-0.157
0748-069,2005,1,117.6964516884,0.655,-7.1011183641,1.058,-0.027
0749+540,2005,73,118.2557690657,0.056,53.8832325375,0.07,0.108
0754+100,2005,2,119.27767893,0.127,9.9430145481,0.162,0.129
0754-155,2005,1,119.2112456856,0.118,-15.7015101471,0.291,-0.353
0757+441,2005,1,120.2844840392,0.157,44.0194878098,0.296,0.015
0758-229,2005,1,120.0532952533,0.542,-23.0473717989,1.579,-0.073
0758-398,2005,1,120.1011221166,2.098,-39.9882215088,9.127,0.717
0800+618,2005,1,121.3257485107,0.316,61.7399168369,0.261,0.641
0801-079,2005,1,120.9137787763,0.645,-8.0892750032,0.992,0.12
0802+115,2005,1,121.2854402026,0.482,11.3658861879,0.882,-0.59
0804+499,2005,74,122.1652762125,0.093,49.843480678,0.117,-0.245
0804-172,2005,1,121.6040235715,1.062,-17.412315422,1.851,-0.138
0805+410,2005,60,122.2360501983,0.121,40.879135807,0.173,0.082
0806+524,2005,1,122.454946082,1.221,52.3161813344,1.128,0.533
0807+103,2005,1,122.6100998676,5.191,10.1780543024,4.308,0.666
0808+019,2005,8,122.8612804928,0.161,1.7811722357,0.213,-0.371
0811-179,2005,1,123.532920458,6.59,-18.1072382301,7.735,0.203
0812+367,2005,2,123.858103574,0.084,36.5875412817,0.174,-0.081
0814+240,2005,1,124.2939490195,0.67,23.8733201046,0.696,-0.259
0815-094,2005,1,124.4572897495,0.326,-9.5584802182,0.803,-0.593
0815-294,2005,1,124.4952091357,0.285,-29.6087282647,0.717,0.152
0816+279,2005,1,124.8285655782,0.255,27.7918580071,0.506,-0.229
0817-063,2005,1,124.9026979853,1.06,-6.5133811304,2.534,0.229
0818-128,2005,3,125.2393650896,0.174,-12.9831025728,0.118,-0.248
0820+560,2005,2,126.1968181323,0.128,55.8785192161,0.128,-0.194
0821+394,2005,4,126.2311827545,0.124,39.2783066016,0.194,0.142
0821-094,2005,1,125.9667641122,1.669,-9.6571977329,3.056,-0.035
0821-182,2005,1,126.0169417189,0.248,-18.4613440264,0.621,-0.072
0822+086,2005,1,126.26990172,0.752,8.5197476964,0.907,-0.183
0822-243,2005,1,126.2052509564,1.235,-24.481265026,3.51,0.07
0823+033,2005,91,126.4597431569,0.123,3.1568111549,0.251,-0.118
0823-500,2005,1,126.3619574612,7.494,-50.1773595809,8.567,-0.936
0826-373,2005,8,127.0199177416,0.444,-37.5184116118,0.528,0.281
0827+243,2005,2,127.7170258583,0.156,24.1832834088,0.165,0.365
0828+493,2005,2,128.0967364009,0.137,49.2225106747,0.141,0.095
0829+046,2005,6,127.9536539357,0.26,4.4941905359,0.306,0.108
0830+160,2005,1,128.2058212296,0.25,15.9023952959,0.493,-0.219
0831+557,2005,2,128.728766863,0.337,55.5725197033,0.291,0.421
0833+585,2005,2,129.3433737171,0.177,58.4171791588,0.129,0.046
0834-201,2005,3,129.1633969627,0.506,-20.2831956174,0.342,0.032
0836+710,2005,2,130.3515218904,0.117,70.8950480486,0.099,0.062
0839+187,2005,2,130.5212257418,0.201,18.5947198987,0.58,0.177
0844+387,2005,1,131.8132047387,0.767,38.5194400406,0.805,-0.07
0844-177,2005,2,131.7965420996,1.404,-17.9139268352,2.559,0.423
0844-259,2005,1,131.7359023331,1.152,-26.1307389317,2.663,0.752
0845-068,2005,1,131.9864051095,0.14,-7.0546951801,0.325,-0.381
0846+513,2005,1,132.491570082,0.144,51.1413953334,0.238,0.225
0850+581,2005,2,133.6749850756,0.118,57.9583163207,0.147,0.044
0850-152,2005,1,133.1285300938,0.458,-15.4690212481,0.976,-0.299
0851+075,2005,1,133.6459850581,0.241,7.3400346489,0.448,-0.016
0851+719,2005,1,134.2286211889,3.053,71.7733061462,1.559,-0.359
0852-254,2005,1,133.6340825075,0.521,-25.6724547908,1.396,0.075
0854-108,2005,1,134.1741840299,0.097,-11.0873418557,0.243,-0.305
0855+142,2005,1,134.6733348474,0.715,14.0945475457,1.989,-0.421
0857+413,2005,1,135.0893077521,0.149,41.1397192519,0.312,-0.195
0858+050,2005,1,135.2994344849,0.153,4.816342595,0.345,-0.346
0858+542,2005,1,135.5803643019,0.392,54.049237512,0.562,0.064
0858-125,2005,1,135.1656900338,2.098,-12.7090623063,4.088,-0.204
0859+470,2005,4,135.7666254613,0.11,46.851149246,0.157,-0.096
0859-140,2005,5,135.5701289243,0.22,-14.2585766674,0.351,0.167
0900-171,2005,1,135.7500825779,0.232,-17.3514536756,0.543,-0.401
0901-310,2005,1,135.9080623606,2.052,-31.2942028325,5.457,0.728
0904-201,2005,1,136.7137722778,0.11,-20.3318901278,0.285,-0.134
0905-202,2005,1,136.9751685855,0.161,-20.4470763854,0.477,-0.539
0906+015,2005,1,137.2920483811,0.134,1.3598939811,0.298,-0.182
0906+087,2005,2,137.3006562375,0.396,8.5947497183,0.689,-0.31
0907-023,2005,1,137.4371838582,1.42,-2.5250990088,2.467,0.514
0907-179,2005,1,137.4385799067,1.199,-18.1427624569,3.175,-0.715
0909+445,2005,1,138.213039445,5.192,44.3679567643,2.95,-0.617
0910-276,2005,1,138.1316121676,5.191,-27.8714523017,8.05,0.373
0912+029,2005,2,138.6579726601,0.071,2.7664573566,0.119,0.017
0912+297,2005,3,138.968340446,0.414,29.5566787078,0.621,-0.034
0913-042,2005,1,138.9069904545,1.802,-4.4878602459,1.703,0.28
0915-135,2005,2,139.4125027813,0.208,-13.7617326305,0.537,-0.564
0917+449,2005,5,140.2435770449,0.103,44.6983291469,0.143,-0.293
0917+624,2005,4,140.4009630173,0.168,62.2644944851,0.186,-0.702
0919-052,2005,1,140.5986370407,0.174,-5.4853289695,0.405,-0.4
0919-260,2005,8,140.3723075165,0.15,-26.3120518323,0.17,-0.233
0920+313,2005,1,140.949785924,0.948,31.1317064091,1.104,-0.551
0920+390,2005,2,140.8102206332,0.127,38.8277527949,0.098,0.054
0920-397,2005,2,140.6934095272,0.152,-39.9930746189,0.28,-0.192
0921+454,2005,1,141.1874764865,0.901,45.1994213416,0.643,0.096
0922+364,2005,1,141.4660474742,0.152,36.209909709,0.248,-0.008
0923+171,2005,1,141.4581851008,1.399,16.9700566182,2.406,-0.186
0925-203,2005,3,141.9659347653,0.495,-20.5808979453,0.313,-0.318
0928+653,2005,1,143.227406361,0.417,65.1281377207,0.755,-0.409
0928-100,2005,1,142.7613013153,1.448,-10.2236180673,3.255,0.628
0930+396,2005,1,143.5277918568,0.758,39.4422595235,1.421,0.402
0930-080,2005,1,143.3212308277,0.203,-8.3196807649,0.545,-0.239
0930-200,2005,1,143.0816100448,0.996,-20.2770020787,2.184,-0.078
0932+197,2005,1,143.8717474952,0.68,19.4930742041,1.575,-0.716
0932-194,2005,1,143.815064064,5.486,-19.6524358414,8.546,-0.817
0936-069,2005,1,144.7337678729,0.14,-7.1335049308,0.306,-0.198
0938-133,2005,1,145.2606228983,0.106,-13.597495802,0.258,-0.213
0939-077,2005,1,145.5894225568,0.201,-7.9981123709,0.493,-0.561
0940+364,2005,1,145.8298060842,0.204,36.247797965,0.393,-0.021
0942+505,2005,1,146.5668542659,0.364,50.3359299141,0.766,-0.039
0943+593,2005,1,146.7702705572,0.303,59.1281876712,0.594,-0.516
0943-016,2005,1,146.4334887487,0.297,-1.8844320459,0.731,-0.01
0945+408,2005,2,147.2305756931,0.157,40.6623851268,0.262,-0.06
0945-287,2005,1,147.048100415,8.27,-29.0289354383,14.093,0.741
0949+354,2005,2,148.1334424538,0.123,35.2145563413,0.22,-0.133
0949+510,2005,1,148.1137861988,5.341,50.814066842,9.332,-0.605
0951+175,2005,1,148.4967953564,4.886,17.3490679413,7.644,0.389
0951+488,2005,1,148.7708382305,0.602,48.6386227979,0.652,-0.056
0952+179,2005,1,148.7367650945,0.14,17.7253395505,0.161,-0.062
0954+658,2005,5,149.6968545474,0.115,65.5652272992,0.116,-0.291
0954-135,2005,2,149.3257627743,0.164,-13.8336600262,0.406,-0.379
0955+326,2005,2,149.5872901295,0.209,32.4006137741,0.253,0.045
0955+476,2005,136,149.5819651537,0.053,47.4188451053,0.065,0.015
0956-359,2005,1,149.6287223849,2.296,-36.2113339151,7.649,0.728
0959+127,2005,1,150.6272362404,4.045,12.5359868058,6.935,0.768
1004+141,2005,3,151.9229087263,0.247,13.9415557653,0.17,-0.293
1004-125,2005,1,151.8134488408,0.228,-12.7961098908,0.597,-0.297
1004-500,2005,3,151.558372236,0.278,-50.3037419565,0.418,0.631
1007+066,2005,1,152.4575340868,1.194,6.3669402682,1.724,-0.172
1008+013,2005,1,152.8151634229,0.651,1.1118093262,1.899,-0.81
1008-285,2005,1,152.7729889618,0.255,-28.7945602087,0.659,-0.118
1010-374,2005,1,153.1003118534,4.68,-37.6683053204,14.929,0.866
1011+250,2005,2,153.4726198951,0.097,24.8212335097,0.147,0.12
1012+232,2005,4,153.6961060493,0.109,23.0212696959,0.153,-0.076
1012-448,2005,2,153.7098125221,1.049,-45.1447644673,1.561,0.663
1013+014,2005,1,153.9877296587,0.478,1.1538185286,0.711,0.234
1015+359,2005,4,154.5457836959,0.115,35.7109556981,0.189,0.064
1016-311,2005,1,154.619806296,0.619,-31.3982919987,0.635,0.076
1017+436,2005,1,155.1133462295,0.43,43.3489831192,0.492,0.291
1020+400,2005,2,155.7981903189,0.182,39.8042737432,0.324,-0.035
1020-097,2005,1,155.739656802,1.495,-9.972942601,2.721,-0.767
1022+194,2005,1,156.1867067145,0.118,19.2056709202,0.402,0.069
1022+237,2005,1,156.2234889797,0.222,23.5427674255,0.373,-0.352
1022-665,2005,7,155.9313881539,0.282,-66.7801994057,0.25,0.312
1023+747,2005,1,156.8506119578,0.29,74.4739160013,0.434,-0.054
1023-049,2005,1,156.4392622377,0.821,-5.1650367591,1.567,-0.479
1025+242,2005,1,157.0885830222,0.472,24.0227147147,1.192,-0.056
1029-041,2005,1,157.9791743427,0.343,-4.3980192016,0.694,0.704
1029-137,2005,1,158.025944413,2.469,-14.0054074858,3.491,0.432
1030+074,2005,2,158.3917678984,0.183,7.1905965351,0.392,0.102
1030+415,2005,3,158.2654494885,0.102,41.2683980794,0.186,0.306
1032-199,2005,8,158.7589805422,0.635,-20.1928775574,0.438,0.411
1034-293,2005,48,159.3169989209,0.17,-29.5674481675,0.266,0.427
1034-374,2005,5,159.2226650574,0.292,-37.7375186515,0.855,0.07
1035+046,2005,1,159.4139148218,0.303,4.4004848337,0.591,0.389
1035+430,2005,1,159.575793761,0.341,42.7452112686,0.404,-0.362
1036+054,2005,3,159.6949161993,0.11,5.2080797286,0.222,-0.115
1038+064,2005,4,160.3215103904,0.103,6.1713677437,0.232,-0.098
1038+212,2005,1,160.3629287229,2.599,21.0281843749,1.92,0.537
1038+52A,2005,2,160.4449235437,0.112,52.557841975,0.147,0.305
1039+811,2005,3,161.0960938346,0.095,80.9109564084,0.09,0.004
1042+178,2005,1,161.309832432,0.138,17.5966899049,0.291,-0.57
1044+007,2005,1,161.7785997899,5.057,0.4936337549,3.836,0.225
1044+719,2005,91,162.1150830358,0.04,71.7266496037,0.045,-0.038
1045-188,2005,4,162.0275859369,0.21,-19.1599240751,0.276,0.046
1048-313,2005,3,162.7699064958,0.682,-31.6373076732,0.361,-0.532
1049+215,2005,3,162.953287866,0.146,21.33119831,0.173,0.049
1053+704,2005,2,164.2234063472,0.071,70.1960876405,0.092,-0.022
1053+815,2005,96,164.5480643481,0.137,81.2424097892,0.139,0.182
1055+018,2005,1,164.6233550423,0.12,1.5663398276,0.218,-0.12
1055-301,2005,4,164.5017809633,0.451,-30.415285527,1.733,0.3
1057-797,2005,60,164.6804572211,0.169,-80.0650443691,0.151,-0.021
1059+229,2005,1,165.5131018667,0.373,22.6989238846,0.581,-0.469
1101+384,2005,42,166.1138081171,0.184,38.2088330646,0.258,0.071
1101-325,2005,2,165.8813600131,0.663,-32.8546374454,0.492,-0.168
1101-536,2005,3,165.9675903626,0.26,-53.9501935453,0.385,0.383
1102-392,2005,1,166.2961737597,1.758,-39.478371817,6.93,0.816
1103+284,2005,1,166.5302571731,0.163,28.2130736935,0.322,0.157
1104+525,2005,1,166.8576157884,0.201,52.3254546142,0.365,-0.547
1104-445,2005,3,166.7862258768,0.403,-44.818782464,1.253,0.2
1105-680,2005,4,166.802895015,0.592,-68.3474245566,0.87,0.467
1106+023,2005,1,167.1895349881,3.376,2.0446951293,4.187,0.539
1106+084,2005,1,167.1562444444,1.844,8.1837753334,5.018,-0.951
1109+076,2005,1,168.039827216,0.148,7.4136439877,0.322,0.058
1109+350,2005,1,168.161538149,0.215,34.7775303934,0.383,-0.301
1111+149,2005,2,168.4945629442,0.395,14.7074867753,0.226,0.394
1113-307,2005,1,168.9950583495,4.144,-30.9909523597,8.421,0.782
1116+128,2005,8,169.7387559977,0.188,12.5782550389,0.263,-0.248
1116-462,2005,3,169.6123241566,1.482,-46.5708339626,0.752,-0.629
1119-044,2005,1,170.4296434085,3.282,-4.7100422426,6.055,0.79
1119-069,2005,1,170.4255122265,0.213,-7.1850948019,0.465,0.021
1120-274,2005,1,170.7350420036,1.408,-27.7134608201,3.722,0.708
1121-147,2005,1,171.0106903492,0.846,-15.0330413101,1.416,0.491
1123+264,2005,2,171.4737996929,0.085,26.1722162282,0.106,-0.196
1124+067,2005,1,171.7214414741,0.566,6.4324837638,0.726,-0.128
1124-056,2005,1,171.7396809603,3.923,-5.9313282207,10.583,0.077
1124-186,2005,95,171.7683018913,0.158,-18.9548449501,0.126,0.061
1124-382,2005,1,171.6838873333,2.669,-38.478903979,10.11,0.815
1127-145,2005,5,172.5293856177,0.461,-14.8242746423,0.396,0.445
1127-368,2005,1,172.4824334015,3.307,-37.1326006557,11.545,0.795
1128+385,2005,70,172.7220109113,0.074,38.2551519091,0.088,0.107
1129-580,2005,4,172.9303669082,0.457,-58.3148452956,0.419,0.633
1130+005,2005,1,173.2626251636,0.128,0.2636056672,0.294,-0.009
1130+009,2005,2,173.3335658231,0.156,0.6813437048,0.187,-0.084
1132-306,2005,1,173.8365717775,3.576,-30.9416440006,10.546,0.795
1133+344,2005,1,174.1139330737,0.152,34.1276345171,0.266,0.018
1133-041,2005,1,173.9926457945,0.12,-4.4744130803,0.248,-0.088
1137-272,2005,1,175.0441571723,2.646,-27.5112969244,9.51,0.698
1139+160,2005,1,175.5322330393,0.578,15.7983832222,1.105,-0.501
1141+011,2005,1,176.0363073296,0.682,0.9100932803,1.044,-0.146
1143-245,2005,3,176.5337636512,0.612,-24.7924712553,0.429,0.264
1143-287,2005,4,176.6091190172,0.354,-28.9884737226,1.611,0.374
1143-696,2005,2,176.4734338353,0.278,-69.9004994655,0.409,0.442
1144+402,2005,6,176.7429080193,0.119,39.9761956716,0.184,-0.054
1144-379,2005,26,176.7557113088,0.208,-38.2030621141,0.248,-0.011
1145-005,2005,1,177.0299657637,1.649,-0.7793534681,3.279,-0.733
1145-071,2005,3,176.964808389,0.129,-7.4114281479,0.126,-0.053
1146+286,2005,1,177.2871063603,0.16,28.4096928339,0.279,0.135
1147+067,2005,1,177.6363711349,0.323,6.508172085,0.558,-0.117
1147+245,2005,1,177.5800507949,0.189,24.2982874836,0.153,0.022
1147-063,2005,1,177.5999445483,0.159,-6.6740474497,0.372,-0.604
1148-671,2005,1,177.8059439025,0.481,-67.4697480651,0.738,-0.003
1150+334,2005,1,178.2162921898,0.254,33.1218791039,0.733,-0.071
1150+497,2005,2,178.3519444139,0.102,49.5191195,0.135,0.128
1150+812,2005,5,178.3020799618,0.079,80.974765115,0.103,-0.004
1150-050,2005,1,178.231214837,1.019,-5.3301488644,1.425,-0.007
1153-100,2005,1,178.9397973508,1.846,-10.2978465684,3.174,0.316
1155+251,2005,3,179.6074479893,0.422,24.8383231143,0.567,-0.142
1156+101,2005,1,179.7994454793,4.099,9.9130515286,3.678,0.347
1156+295,2005,108,179.8826413068,0.125,29.2455074261,0.186,-0.045
1156-663,2005,1,179.826272937,0.357,-66.5942853043,0.382,0.308
1157+532,2005,1,180.0474340387,1.659,53.0130220451,1.48,-0.698
1158+007,2005,1,180.3468783771,0.485,0.4745321895,1.297,-0.719
1159+148,2005,1,180.4344536945,0.123,14.5267914867,0.238,0.079
1204-267,2005,1,181.8681347341,1.229,-27.0528015683,2.254,-0.612
1205+011,2005,1,182.1402261447,1.91,0.9060896483,3.086,-0.289
1213+350,2005,2,183.9816710108,0.109,34.8042278682,0.194,-0.074
1213-172,2005,5,183.9447990509,0.476,-17.5292786532,0.438,0.277
1215+303,2005,2,184.4670082039,0.118,30.1168432563,0.231,-0.172
1216+487,2005,2,184.776728145,0.116,48.4989346338,0.113,0.131
1217+662,2005,1,184.899141578,1.517,66.0088455939,1.172,0.484
1219+044,2005,37,185.5939567613,0.119,4.2210488498,0.242,-0.173
1219+285,2005,2,185.3820437385,0.217,28.2329166446,0.232,-0.097
1221+809,2005,3,185.9187239045,0.17,80.667872335,0.185,0.329
1222+216,2005,2,186.2269100805,0.114,21.3795524502,0.216,-0.346
1224+439,2005,1,186.7412686015,2.668,43.6829010274,6.716,-0.793
1224-132,2005,1,186.7267448759,0.342,-13.4774959611,0.816,-0.315
1225+028,2005,1,187.0802361519,0.224,2.5414987786,0.477,-0.107
1225+498,2005,1,186.9821862747,0.189,49.5489015809,0.4,-0.118
1226+373,2005,2,187.1975986808,0.143,37.103359908,0.209,0.2
1229-099,2005,1,188.0660826563,0.918,-10.2569912679,1.588,-0.112
1235+208,2005,1,189.4857954937,0.589,20.5719028183,0.695,0.543
1236+077,2005,2,189.852451401,0.119,7.5047747198,0.141,-0.102
1237-101,2005,2,189.9294228224,0.205,-10.3913035453,0.141,0.358
1240+381,2005,2,190.7140379253,0.114,37.8500069462,0.102,-0.182
1241+176,2005,1,191.0451023947,6.578,17.351253203,8.019,-0.915
1241-262,2005,1,191.0610081878,0.256,-26.5569443692,0.686,0.163
1243-072,2005,1,191.5176343958,0.688,-7.5129374304,0.379,0.039
1244-255,2005,6,191.6950084266,0.18,-25.7970247832,0.267,-0.091
1247+025,2005,1,192.6357533029,0.117,2.2756036908,0.267,-0.127
1247+139,2005,1,192.6175755515,1.696,13.7278848929,2.687,-0.242
1247+166,2005,1,192.5384463275,1.359,16.3559617016,1.333,0.003
1248-170,2005,1,192.8103130331,0.176,-17.2869888549,0.434,-0.384
1251-130,2005,1,193.6311177262,0.457,-13.2878374424,1.371,0.434
1251-713,2005,3,193.7496730139,0.237,-71.638454573,0.246,0.368
1252+028,2005,1,193.6894439011,0.647,2.5580450931,1.11,0.249
1252+119,2005,2,193.6593983859,0.119,11.6849708559,0.153,-0.274
1253-216,2005,1,194.1062966173,2.354,-21.9225415766,4.388,-0.569
1255-316,2005,33,194.496086718,0.176,-31.9213477314,0.285,0.856
1257+145,2005,3,195.0871617674,0.275,14.2884810021,0.243,-0.317
1257-326,2005,1,195.1767751102,0.214,-32.8866981838,0.568,0.176
1258+087,2005,1,195.1518282109,0.312,8.467461925,0.656,-0.381
1258+145,2005,1,195.1709876525,1.678,14.2915038945,2.398,-0.246
1259+468,2005,1,195.3858595527,0.268,46.5674831633,0.48,0.197
1300+580,2005,134,195.7186053483,0.056,57.8104470089,0.06,0.009
1306-395,2005,1,197.4520346778,0.244,-39.8091905046,0.901,-0.239
1307+121,2005,2,197.3913852076,0.242,11.9068202642,0.365,0.257
1308+326,2005,153,197.619432742,0.106,32.3454952401,0.138,-0.177
1308+328,2005,3,197.7475114122,0.135,32.559569342,0.192,0.107
1312+126,2005,1,198.7577203396,0.705,12.3479550382,1.482,-0.815
1313-333,2005,2,199.0332747694,0.185,-33.6497701277,0.161,-0.23
1315+415,2005,1,199.4133073841,1.682,41.2626716438,2.39,0.531
1317-005,2005,1,199.9115257474,0.196,-0.8277608634,0.505,0.185
1320+394,2005,1,200.7319352479,0.306,39.2022088143,0.524,0.42
1324+224,2005,7,201.7535888373,0.115,22.1806008097,0.19,-0.035
1325+126,2005,1,201.9778458392,0.094,12.3858828947,0.204,-0.304
1325-558,2005,5,202.2547704039,0.423,-56.1340738524,0.472,0.699
1328-034,2005,1,202.8715059783,0.339,-3.6872540273,0.593,0.028
1328-263,2005,1,202.7987208068,1.037,-26.6526716467,3.251,-0.668
1329-126,2005,1,203.1635476524,0.449,-12.9375953846,1.0,0.363
1329-137,2005,1,203.1288711675,9.843,-14.0369955248,11.474,0.695
1333-186,2005,1,204.1433053966,0.275,-18.8782428468,0.646,0.293
1334-127,2005,150,204.415761605,0.133,-12.9568592915,0.113,-0.038
1341-171,2005,1,206.0600102225,0.187,-17.3945542606,0.45,0.007
1342+662,2005,2,205.9414981985,0.162,66.0404846781,0.158,-0.07
1342+663,2005,2,206.0361652492,0.192,66.103234416,0.162,0.003
1343+073,2005,1,206.455478215,0.482,7.1086450265,0.867,0.212
1343+451,2005,1,206.3882185723,0.139,44.883214711,0.245,0.087
1347+539,2005,2,207.3944025814,0.124,53.6880666645,0.175,-0.096
1347-163,2005,1,207.6506006434,8.463,-16.5804194167,7.821,0.908
1349-275,2005,1,208.1168594641,1.045,-27.7519817946,3.075,-0.507
1349-439,2005,3,208.2355622603,1.096,-44.2112188141,0.611,-0.794
1351+021,2005,1,208.4649351034,1.567,1.8649700263,2.806,0.743
1351-018,2005,60,208.5287305262,0.139,-2.1008862735,0.326,-0.143
1352-104,2005,2,208.6938284498,0.677,-10.6840712017,0.283,0.641
1353-171,2005,1,209.0289708701,2.027,-17.4088396004,4.183,-0.042
1354+195,2005,3,209.2684860753,0.098,19.3187145923,0.147,0.017
1354-107,2005,1,209.1951331692,3.006,-11.024783773,2.621,0.741
1354-152,2005,2,209.2968541156,0.246,-15.4579967404,0.71,-0.24
1354-174,2005,3,209.2753087783,0.73,-17.7338626697,0.435,0.045
1355+115,2005,1,209.5934152778,0.374,11.3258108353,0.656,-0.151
1356+478,2005,1,209.6694431784,0.376,47.6328640959,0.466,0.047
1357+769,2005,136,209.4807147935,0.055,76.7225141533,0.053,0.019
1357-187,2005,1,210.0161083389,0.127,-18.9697461744,0.326,-0.195
1402+044,2005,2,211.2546658876,0.197,4.2599497314,0.345,-0.536
1402+077,2005,1,211.1374680149,0.295,7.4797124152,0.537,0.541
1402-012,2005,3,211.191231089,0.562,-1.506096385,0.297,-0.305
1406-076,2005,2,212.2353383563,0.163,-7.8740740537,0.252,-0.34
1409+373,2005,1,212.8104839131,0.274,37.0932287741,0.541,-0.628
1412-097,2005,1,213.836809888,5.606,-9.9328670203,6.332,0.812
1412-368,2005,1,213.8584086196,21.477,-37.0908235536,5.058,0.987
1413+135,2005,5,213.9950729719,0.089,13.3399202355,0.168,0.01
1413-168,2005,1,214.1432074463,0.319,-17.0960372567,0.752,-0.212
1416+067,2005,2,214.7840840895,0.296,6.4763342853,0.415,-0.495
1417+273,2005,2,214.9970710865,0.175,27.107097924,0.177,-0.141
1417+385,2005,46,214.9442240281,0.126,38.3634652514,0.185,-0.123
1418+546,2005,91,214.944155858,0.089,54.3874408608,0.101,-0.158
1420-220,2005,1,215.9200428264,0.842,-22.3048656142,1.704,0.265
1420-679,2005,3,216.2314891038,0.331,-68.1328039621,0.99,-0.187
1421-138,2005,1,216.0668125088,1.011,-14.1174990339,1.622,0.187
1423+146,2005,1,216.4542418068,0.241,14.4158061217,0.798,-0.16
1424-418,2005,104,216.9845732676,0.201,-42.1053993629,0.239,0.251
1431-115,2005,1,218.5880662507,0.321,-11.7720866751,0.813,-0.68
1432+200,2005,1,218.6658056043,0.151,19.8668710003,0.187,0.177
1435+638,2005,2,219.1908422294,0.081,63.6105183943,0.102,0.311
1436+214,2005,1,219.7870929066,0.897,21.2474506768,0.935,0.298
1438+016,2005,1,220.1401957099,0.481,1.451447188,0.867,-0.318
1438+021,2005,1,220.247899475,0.189,1.9622644042,0.408,-0.001
1438-151,2005,1,220.4392385105,0.396,-15.3934070616,0.984,-0.239
1443-162,2005,3,221.4724013168,0.472,-16.4837830615,0.247,-0.365
1445-161,2005,4,222.0627256251,0.528,-16.3401525314,0.555,-0.27
1446-005,2005,1,222.3191262887,0.435,-0.7553414756,0.749,-0.271
1448+762,2005,2,222.1199125222,0.137,76.0198880992,0.163,0.136
1448-232,2005,1,222.7604563605,2.578,-23.4919715224,9.174,-0.782
1448-648,2005,3,223.1653301275,0.402,-65.034286958,0.503,0.213
1450-251,2005,1,223.4342454514,0.291,-25.3798618028,0.738,-0.374
1451+094,2005,1,223.4988845485,3.079,9.2620359724,3.858,-0.358
1451+106,2005,1,223.4343379286,0.307,10.4326567643,0.518,0.03
1451+352,2005,1,223.3272721528,0.446,35.0942679336,0.994,-0.025
1451-375,2005,5,223.6142073827,0.187,-37.7925400813,0.417,-0.233
1452+166,2005,1,223.5868960297,0.132,16.4067696721,0.314,-0.101
1452+301,2005,1,223.6345731902,4.458,29.9327875982,8.421,0.269
1454-354,2005,3,224.3612987296,0.393,-35.6527702416,0.989,0.709
1455+098,2005,1,224.4688825075,1.744,9.6379300116,2.722,-0.438
1457+449,2005,1,224.897742003,0.186,44.7021998861,0.398,0.267
1457-237,2005,1,225.2162050239,0.865,-23.9722752979,3.756,-0.227
1459+480,2005,2,225.202725888,0.125,47.8543160993,0.125,0.005
1459-149,2005,1,225.6042393741,0.311,-15.1479220134,0.811,-0.222
1500+045,2005,1,225.87036551,0.204,4.3302754536,0.462,-0.416
1502+036,2005,3,226.2769880856,0.165,3.4418923592,0.143,-0.052
1502+106,2005,5,226.1040823989,0.111,10.4942218223,0.24,-0.092
1504+127,2005,1,226.8406588356,0.217,12.6080767274,0.481,-0.21
1504+377,2005,1,226.5397082465,0.154,37.5142034595,0.175,0.335
1504-166,2005,5,226.7699457913,0.315,-16.8750742014,0.504,0.295
1505-156,2005,1,227.1487566329,0.158,-15.8087587632,0.412,-0.309
1506-074,2005,1,227.3356396535,0.74,-7.5967157752,1.022,0.326
1508-055,2005,3,227.7232976106,0.153,-5.7187270732,0.119,0.114
1510-089,2005,2,228.2105538196,0.143,-9.0999526372,0.083,-0.132
1511-476,2005,5,228.6667690542,0.275,-47.8082938627,0.718,0.508
1512+030,2005,1,228.6447269107,0.198,2.8801413523,0.404,0.269
1514+197,2005,2,229.236650692,0.102,19.5369422259,0.184,-0.238
1514-241,2005,4,229.4242214467,0.19,-24.3720767527,0.168,0.098
1517-116,2005,1,229.9366000895,0.2,-11.8623683973,0.49,0.232
1519-273,2005,72,230.656983322,0.197,-27.5029959958,0.18,0.106
1519-294,2005,4,230.6061931444,0.39,-29.60700822,1.399,0.593
1523-042,2005,1,231.5625612317,0.838,-4.4194609088,1.373,0.549
1529+346,2005,1,232.9131334822,5.681,34.5010650536,2.613,0.572
1529-131,2005,1,233.1890614709,0.182,-13.3194684526,0.413,-0.026
1529-271,2005,1,233.0107151839,0.232,-27.2771993263,0.619,-0.515
1530-041,2005,1,233.3091888796,0.399,-4.3546190393,0.987,0.104
1531-221,2005,2,233.5980330729,1.039,-22.3150948828,2.529,-0.43
1532+016,2005,2,233.718556987,0.16,1.517835227,0.382,0.03
1533-316,2005,1,234.22707633,0.745,-31.8542047052,2.057,-0.779
1534+387,2005,1,234.057692411,0.203,38.557946055,0.329,-0.099
1534-152,2005,2,234.4232213058,0.153,-15.4534721746,0.388,-0.447
1536+057,2005,1,234.7716937096,2.97,5.5773436036,4.071,0.791
1537+312,2005,1,234.8173932885,0.383,31.0687984368,0.461,-0.219
1537-082,2005,1,235.0131351205,1.604,-8.3904173013,2.096,0.086
1537-389,2005,1,235.1439617116,7.771,-39.1049314758,28.539,-0.257
1538+149,2005,7,235.2062146785,0.113,14.796079087,0.176,-0.025
1539-111,2005,1,235.5001428733,0.983,-11.3146958327,1.585,0.021
1541+835,2005,1,233.9838612655,0.437,83.4375685359,0.491,-0.656
1541-230,2005,1,236.0590751147,1.335,-23.2003739712,3.231,0.835
1542+616,2005,1,235.7372657532,1.908,61.4987071586,1.347,-0.767
1544+541,2005,1,236.4326073205,0.564,54.0118776854,0.977,-0.107
1544-095,2005,1,236.9220238476,0.716,-9.7258335961,1.264,-0.3
1546+027,2005,2,237.3726535265,0.146,2.6169897168,0.205,0.049
1547+507,2005,2,237.3227856168,0.104,50.6349411205,0.16,-0.101
1547-054,2005,1,237.6243645855,0.992,-5.6363933015,1.37,0.258
1548+056,2005,1,237.6469551886,0.095,5.4529023467,0.224,-0.267
1549+089,2005,1,238.0135900772,0.348,8.8464821917,0.636,-0.36
1554+185,2005,1,239.2284024295,2.299,18.4204377419,2.238,0.107
1554-643,2005,1,239.7095180387,0.3,-64.5415662358,0.483,-0.188
1555+001,2005,1,239.4643082247,0.168,-0.0306700521,0.456,-0.324
1555+030,2005,1,239.4698475098,1.143,2.8910775989,3.084,-0.476
1556-245,2005,4,239.922537879,0.391,-24.7107866673,1.591,0.601
1557+032,2005,2,239.879052517,0.14,3.0800714835,0.387,-0.604
1557-053,2005,1,239.9568413228,2.54,-5.522935877,3.118,0.266
1558+595,2005,1,239.7570979785,6.227,59.4060674678,5.532,0.571
1559+140,2005,1,240.4772383888,1.074,13.9529898938,1.774,0.008
1600+335,2005,2,240.53026442,0.147,33.4480756753,0.35,0.011
1602+195,2005,1,241.208307331,0.566,19.4391504829,0.842,0.129
1602-115,2005,1,241.3230485482,0.122,-11.657453036,0.304,0.003
1604+183,2005,1,241.5667826751,0.288,18.2499495238,0.703,-0.686
1604-333,2005,4,241.894843125,0.462,-33.5191427189,0.5,0.578
1606+106,2005,151,242.1925132979,0.087,10.485493251,0.082,-0.106
1606+403,2005,1,242.0923237274,0.304,40.2049535072,0.459,-0.452
1606-056,2005,1,242.4114581944,3.342,-5.7901601914,6.613,-0.336
1606-219,2005,1,242.3955531974,1.966,-22.0962806212,3.938,-0.426
1610-771,2005,9,244.4553186776,0.352,-77.2884631291,0.351,0.274
1611+343,2005,163,243.421101003,0.049,34.2133080081,0.061,-0.059
1611-710,2005,2,244.1276731332,0.412,-71.1420707093,0.459,0.573
1614+042,2005,1,244.3066206552,4.702,4.1449156302,5.157,-0.427
1614+051,2005,3,244.1564867154,0.111,4.9924269009,0.152,-0.112
1614+466,2005,1,244.0156946907,0.186,46.5403442975,0.347,0.113
1614-112,2005,1,244.2749783813,0.736,-11.3773943597,1.838,0.164
1616+063,2005,2,244.7653653236,0.201,6.2172897703,0.212,-0.066
1616-181,2005,1,244.8195046328,0.372,-18.2893614181,0.888,-0.552
1619-680,2005,4,246.0768207782,0.272,-68.1534712822,0.321,0.362
1622-253,2005,66,246.4453818319,0.195,-25.4606464119,0.187,0.051
1622-297,2005,3,246.5250866739,0.185,-29.8574918457,0.396,-0.234
1624+416,2005,1,246.4902904532,0.139,41.5779525439,0.199,0.159
1624-617,2005,2,247.2278740879,0.225,-61.8767773347,0.318,0.373
1626-005,2005,2,247.201948785,0.704,-0.6943623292,1.348,0.299
1626-172,2005,1,247.3198699695,8.829,-17.3452145261,20.24,0.944
1628+071,2005,1,247.6742381251,1.317,7.0191962493,1.384,0.091
1630-004,2005,1,248.2403387765,0.6,-0.5558539439,1.67,-0.299
1630-107,2005,1,248.2087905626,1.809,-10.875554559,3.01,-0.562
1630-258,2005,1,248.3703776919,0.791,-25.9598549606,2.237,0.136
1631-208,2005,1,248.6263489137,0.389,-20.9738715997,0.897,0.641
1633-131,2005,1,249.0660871778,0.724,-13.2590814758,1.183,0.185
1637+574,2005,3,249.556067961,0.083,57.3399941673,0.087,0.055
1637-001,2005,1,250.0441089995,0.407,-0.1965400056,0.699,-0.008
1638+118,2005,1,250.2453918051,16.102,11.7345069447,7.95,-0.092
1639+230,2005,2,250.3551148029,0.145,22.9511202074,0.165,0.023
1639-287,2005,1,250.7473856967,6.364,-28.8327609144,8.612,0.123
1642+690,2005,3,250.5327021055,0.101,68.9443767892,0.109,-0.002
1645-262,2005,1,252.2679797492,4.142,-26.3357285615,16.723,0.339
1647+744,2005,1,251.5631849903,14.426,74.3197055573,56.043,0.892
1647-296,2005,2,252.6647670055,0.575,-29.7297096306,0.296,-0.476
1649+216,2005,1,252.9076835465,4.093,21.5901823204,2.664,0.476
1651+747,2005,1,252.4206391398,0.744,74.7123945599,0.872,0.304
1653+426,2005,1,253.8283124152,0.177,42.5610621257,0.372,-0.331
1654-199,2005,2,254.3888946313,0.48,-20.0763839514,1.005,-0.087
1655+077,2005,5,254.5375478084,0.136,7.69098346,0.25,-0.146
1656+053,2005,2,254.6393638744,0.098,5.2545676608,0.169,-0.316
1656+477,2005,5,254.5115816116,0.202,47.6303419167,0.295,0.559
1656+602,2005,1,254.201020662,0.158,60.2045651967,0.232,0.033
1657+022,2005,1,254.937488476,0.508,2.2186232566,1.369,-0.726
1657-261,2005,2,255.2214752433,0.194,-26.1810347821,0.262,0.23
1657-562,2005,6,255.436908718,0.215,-56.3655285389,0.498,0.449
1658-189,2005,1,255.3620593136,0.477,-19.0587705162,1.265,-0.059
1659+399,2005,1,255.3526450378,0.103,39.9103032422,0.175,-0.247
1659-621,2005,4,255.9022552395,0.233,-62.2111134309,0.344,0.615
1701+016,2005,1,256.0312046123,0.801,1.5690205643,0.938,-0.002
1704+099,2005,1,256.6530305161,0.396,9.8998993782,0.684,-0.251
1704+122,2005,1,256.5854060938,0.457,12.1499429738,0.6,0.325
1704-141,2005,1,256.8349606822,0.173,-14.2564243513,0.416,-0.58
1705+018,2005,3,256.8933969634,0.139,1.8126941893,0.325,0.072
1705+188,2005,1,256.973947991,0.313,18.777505697,0.597,-0.652
1705+456,2005,1,256.823972503,0.122,45.6029312819,0.132,0.062
1706-174,2005,2,257.3931052752,3.85,-17.4814896366,2.094,-0.028
1708-335,2005,1,257.9541456277,7.245,-33.6447293013,20.691,0.613
1709-182,2005,1,258.1320720477,0.713,-18.3341018111,2.417,-0.228
1710+542,2005,1,257.918769775,0.141,54.1958707433,0.295,-0.364
1711-208,2005,1,258.6354707578,0.795,-20.8984141343,2.034,-0.153
1712-059,2005,1,258.735723775,0.154,-5.9723871995,0.35,-0.441
1713-048,2005,1,259.1103669672,0.138,-4.8699847874,0.358,-0.297
1714+193,2005,1,259.2548580905,0.155,19.2946265453,0.336,-0.264
1714-336,2005,1,259.4001205382,1.922,-33.7024513492,3.722,-0.037
1715-287,2005,1,259.7057484888,0.987,-28.8447499647,2.208,0.617
1716-142,2005,1,259.7584164976,0.163,-14.3386140815,0.419,-0.425
1717+178,2005,3,259.8043686933,0.14,17.751788109,0.171,0.439
1718+481,2005,1,259.9093730959,0.599,48.0700690007,0.73,-0.014
1718-649,2005,2,260.9209556134,0.3,-65.010169579,0.558,-0.126
1719-050,2005,1,260.5147438246,0.192,-5.0569461897,0.395,-0.378
1721-146,2005,1,261.1956939577,0.119,-14.7332670973,0.28,0.004
1723+051,2005,1,261.6032643362,0.844,5.0785206896,1.223,0.144
1723+658,2005,1,260.8089089341,0.585,65.7961605147,0.947,-0.37
1723-229,2005,1,261.7454354732,0.365,-22.9670967983,0.864,-0.033
1724+066,2005,1,261.6872720571,0.135,6.6551415484,0.308,-0.132
1724+322,2005,1,261.6463527817,0.135,32.2230616942,0.283,-0.333
1725+044,2005,2,262.1039696805,0.111,4.4513649892,0.139,-0.308
1725-795,2005,4,263.4195845543,0.366,-79.5988101815,0.554,0.17
1726+455,2005,89,261.865211704,0.1,45.5110364702,0.111,0.117
1727+502,2005,2,262.0775999844,0.233,50.2195749428,0.281,0.198
1732+081,2005,1,263.7935229357,0.25,8.1419621073,0.496,0.274
1732+389,2005,2,263.5857438886,0.11,38.9642896784,0.158,-0.058
1732-059,2005,1,263.8616021526,0.844,-5.997282363,1.649,-0.158
1735-150,2005,1,264.5484815074,0.325,-15.0501657721,0.735,-0.596
1737-081,2005,1,265.0065258913,0.348,-8.1874394919,0.866,-0.749
1738+032,2005,2,265.1549957948,1.508,3.1966218812,1.324,-0.074
1738+476,2005,2,264.9880378803,0.081,47.6328782168,0.111,0.042
1738+499,2005,2,264.8641269546,0.17,49.9176022732,0.202,0.087
1739+522,2005,126,265.1540743424,0.046,52.195390947,0.054,-0.009
1739-152,2005,2,265.5485952218,0.291,-15.2914333011,0.877,-0.46
1740-190,2005,1,265.7481241332,8.722,-19.0523722786,10.549,0.487
1741+196,2005,1,265.9909693272,1.298,19.5858383261,0.914,0.209
1741-038,2005,177,265.995233889,0.096,-3.8346157704,0.084,-0.019
1743+173,2005,1,266.3967006621,0.162,17.3337286113,0.192,0.226
1744+260,2005,1,266.7011620278,0.188,26.0556538853,0.371,-0.292
1745+624,2005,71,266.5584755918,0.12,62.4485384265,0.14,0.262
1749+062,2005,1,268.0611197122,0.147,6.1967097493,0.357,-0.171
1749+096,2005,166,267.8867440645,0.081,9.6502023367,0.074,-0.014
1749+701,2005,3,267.1368344407,0.167,70.0974358327,0.221,-0.086
1749-299,2005,1,268.1379453734,7.039,-29.945805291,12.77,-0.106
1750-187,2005,1,268.2878697789,1.321,-18.7273676672,2.484,0.386
1751+288,2005,5,268.4269735399,0.102,28.8013718688,0.16,-0.192
1751+441,2005,2,268.344366181,0.174,44.16269061,0.242,-0.186
1753+731,2005,1,268.0487187081,0.373,73.189040246,0.477,0.328
1754+159,2005,1,269.1405231579,0.7,15.89550898,0.546,0.664
1756+061,2005,1,269.6421567592,0.468,6.1758249847,1.153,-0.757
1758+388,2005,2,270.1031888685,0.186,38.8085271245,0.141,-0.283
1758-651,2005,4,270.8479028244,0.18,-65.1268781496,0.289,0.4
1800+440,2005,7,270.3846450594,0.144,44.0727499628,0.231,-0.107
1800-045,2005,1,270.7892797425,6.162,-4.5507813408,13.723,0.261
1803+172,2005,1,271.4476514123,0.194,17.2488671264,0.398,-0.203
1803+784,2005,19,270.1903494415,0.058,78.4677828741,0.059,-0.015
1805+220,2005,1,271.9116922688,0.214,22.0823364314,0.356,-0.167
1805+310,2005,1,271.8823255055,0.697,31.1059940042,1.298,-0.602
1806-458,2005,3,272.4911327988,1.2,-45.8780595704,0.726,-0.851
1809-286,2005,1,273.1674679032,0.661,-28.6074836406,2.197,0.187
1815-553,2005,23,274.9391645612,0.338,-55.3557626075,0.227,0.035
1818-050,2005,1,275.2992064386,0.678,-5.0389124933,1.202,0.021
1821+107,2005,3,276.0118968354,0.12,10.7399371365,0.188,0.203
1821+114,2005,1,276.0164499342,0.87,11.4604722088,1.819,-0.664
1823+017,2005,1,276.6044215587,0.12,1.8278107655,0.253,-0.024
1823+568,2005,5,276.0294515131,0.134,56.8504140613,0.17,-0.336
1823-294,2005,2,276.5858296718,0.395,-29.4069311065,0.954,0.063
1824+578,2005,1,276.4233278297,0.858,57.8849882928,0.915,0.336
1824-582,2005,4,277.3016764012,0.296,-58.2319893923,0.614,0.207
1829+219,2005,1,277.8287163713,4.109,22.003426367,2.412,-0.802
1829-207,2005,1,278.0460265243,0.58,-20.6633901119,0.709,0.638
1830+285,2005,2,278.209106862,0.133,28.5599875949,0.151,-0.518
1831+050,2005,1,278.6137978553,1.416,5.1011016261,1.485,-0.049
1833+240,2005,2,278.9428020355,0.172,24.1307860562,0.377,-0.299
1835-345,2005,1,279.6187370388,0.729,-34.4615981127,2.548,-0.662
1839+548,2005,1,280.2390694122,0.317,54.8710860506,0.433,0.115
1842+681,2005,2,280.6401735889,0.092,68.1570076985,0.084,0.049
1842-220,2005,1,281.4162623475,3.018,-22.0101598029,9.905,-0.81
1849+670,2005,5,282.3169677288,0.161,67.094911129,0.2,0.573
1851+236,2005,1,283.3651165771,0.428,23.7432028884,1.141,-0.613
1851+331,2005,1,283.3616135119,0.387,33.1822591298,0.685,-0.517
1851-157,2005,2,283.518050152,0.318,-15.6536668074,0.73,0.231
1853-122,2005,1,283.9768557332,1.226,-12.1661011044,2.86,0.429
1858-255,2005,1,285.3838605913,4.965,-25.4706205171,13.274,0.764
1902-119,2005,1,286.3691159857,1.296,-11.8923378346,1.895,0.793
1903+196,2005,1,286.4019670135,0.155,19.7189014087,0.33,-0.317
1903-802,2005,3,288.1667466074,0.311,-80.1683184831,0.305,0.116
1905+222,2005,1,287.0258783448,0.181,22.376152292,0.35,-0.142
1908-201,2005,75,287.7902204036,0.158,-20.1153080806,0.421,0.307
1909-151,2005,1,288.0497485731,0.161,-15.0826508325,0.357,-0.175
1909-194,2005,1,287.9854964545,1.037,-19.3641565994,1.836,0.31
1914-154,2005,2,289.2187958146,0.16,-15.3166865145,0.404,-0.34
1914-194,2005,1,289.436747125,0.212,-19.3587804112,0.575,-0.418
1914-212,2005,1,289.2860186062,3.462,-21.1752167447,7.633,0.155
1917+495,2005,1,289.6899149727,0.218,49.6322316886,0.378,-0.369
1917-248,2005,1,290.0601278495,2.693,-24.7516118437,7.941,0.426
1917-386,2005,1,290.1792032857,9.286,-38.5183549155,20.867,0.618
1918-026,2005,1,290.1802590884,0.174,-2.603223873,0.38,-0.035
1921-293,2005,20,291.2127331132,0.144,-29.2417003372,0.398,0.289
1922-224,2005,1,291.4157924034,0.131,-22.3264203141,0.34,-0.132
1923+210,2005,98,291.4983556449,0.109,21.1072672044,0.083,0.118
1923-101,2005,1,291.6123621403,1.959,-10.0977663307,3.197,0.721
1925-610,2005,2,292.5256671479,0.315,-60.9358845402,0.563,-0.086
1926+087,2005,2,292.1702314797,0.731,8.8134482978,1.423,0.0
1927+090,2005,1,292.4494284007,6.032,9.1676752418,10.293,-0.544
1928+738,2005,8,291.9520631545,0.124,73.967102689,0.112,-0.444
1928+770,2005,1,291.629962675,0.65,77.1087494239,0.713,-0.234
1928-698,2005,1,293.3798322215,1.159,-69.7163650925,0.571,-0.585
1929+226,2005,4,292.8538198674,0.121,22.7253495985,0.178,-0.185
1929-295,2005,1,293.1477239802,0.196,-29.4783465321,0.576,-0.163
1929-457,2005,4,293.187032381,0.378,-45.6105358434,0.951,0.381
1932+204,2005,2,293.7936371064,0.338,20.5317097225,0.761,-0.278
1933-400,2005,4,294.3175723156,0.351,-39.967098021,0.693,0.648
1934+615,2005,1,293.6695139544,0.227,61.6448953743,0.319,-0.179
1934-065,2005,1,294.3333029723,6.239,-6.457797335,13.128,0.736
1935-179,2005,1,294.5206594148,0.237,-17.8223298146,0.605,-0.581
1935-692,2005,3,295.1063673341,0.25,-69.1324920253,0.383,0.051
1936-155,2005,5,294.8610739072,0.155,-15.4286273325,0.193,-0.099
1937-101,2005,2,294.9885691136,0.263,-10.0448667532,1.021,0.363
1938-302,2005,1,295.292678592,3.574,-30.122341438,6.984,0.863
1939+429,2005,1,295.2055001267,0.542,43.0735160228,0.574,0.282
1939-053,2005,1,295.4458690873,0.242,-5.1923286755,0.562,-0.653
1939-316,2005,1,295.67047513,0.268,-31.5040584096,0.792,-0.591
1942+722,2005,1,295.3624340313,1.701,72.3617273592,3.743,0.312
1942-020,2005,2,296.3450865251,0.163,-1.8893974984,0.393,-0.242
1945-011,2005,1,296.9324320832,0.279,-1.0568131798,0.612,-0.578
1949-052,2005,1,297.947785292,0.139,-5.1622118423,0.329,-0.027
1951-115,2005,1,298.6714821608,0.098,-11.3896227758,0.244,-0.22
1954+513,2005,2,298.9280761556,0.148,51.530151691,0.136,-0.301
1954-388,2005,87,299.4992469924,0.159,-38.751765508,0.178,0.181
1957+386,2005,1,299.8418302867,0.419,38.7817126376,0.518,0.017
1957-135,2005,1,300.1756045473,0.14,-13.4259813229,0.345,-0.127
1958-179,2005,94,300.237876825,0.131,-17.8160201426,0.108,0.017
1959+241,2005,1,300.4740748843,0.289,24.2777751867,0.509,0.321
2000-045,2005,1,300.8540641828,1.597,-4.3606743242,4.437,0.182
2000-330,2005,1,300.8504847671,4.692,-32.862536915,0.409,0.921
2001+449,2005,1,300.7170671418,0.219,45.1023131979,0.283,-0.423
2002-375,2005,4,301.4794622319,0.329,-37.3948550008,1.078,0.45
2004+443,2005,1,301.4670350309,6.89,44.481977193,6.756,0.167
2004-125,2005,1,301.7014296738,1.522,-12.3820279941,4.025,0.625
2005-489,2005,6,302.3557935715,0.865,-48.8315893886,0.989,-0.179
2007+777,2005,4,301.3791608399,0.138,77.8786798701,0.107,0.247
2008-159,2005,2,302.8154621661,0.122,-15.777848185,0.311,-0.22
2013-273,2005,1,304.1933997364,3.195,-27.1467139916,10.297,0.419
2020-015,2005,1,305.8867349434,0.591,-1.3950427301,1.051,-0.375
2020-122,2005,1,305.7298106565,2.784,-12.0679851932,5.852,0.386
2021+003,2005,1,306.0946458471,0.263,0.4647505466,0.524,-0.218
2021+317,2005,3,305.8292389228,0.795,31.8839739983,0.421,0.017
2021+614,2005,2,305.5278405324,0.106,61.616334551,0.179,0.254
2022-289,2005,2,306.4733868071,0.153,-28.7635270502,0.414,-0.07
2025-086,2005,1,306.9691710135,0.145,-8.5321880928,0.337,-0.302
2027-052,2005,1,307.5934515768,0.314,-5.0535487085,0.602,-0.604
2029+121,2005,3,307.9791427839,0.174,12.3281501111,0.296,-0.363
2030+547,2005,2,307.9498271757,0.105,54.9175387029,0.158,-0.072
2030-689,2005,3,308.9536520236,0.379,-68.7760668,0.473,-0.394
2032+281,2005,1,308.6178489515,2.031,28.3444411391,2.115,-0.7
2032-168,2005,1,308.7269353148,0.726,-16.6740587011,1.516,-0.103
2033-219,2005,1,309.213219676,0.141,-21.7768749493,0.371,-0.185
2034-066,2005,1,309.169620657,0.103,-6.4844021197,0.233,-0.239
2034-155,2005,1,309.3664053079,1.317,-15.3668057679,2.391,-0.145
2034-248,2005,1,309.4861455808,0.226,-24.6423781376,0.563,-0.187
2036-034,2005,1,309.791605217,3.444,-3.2873366852,4.625,0.658
2037-172,2005,1,310.1155565648,0.568,-17.1175294276,1.164,-0.235
2037-253,2005,3,310.0365536547,0.687,-25.12962869,0.436,-0.715
2039-231,2005,1,310.7260585413,0.191,-22.9333058986,0.425,0.419
2040-225,2005,1,310.7386517071,1.29,-22.3908094227,2.903,0.33
2041+342,2005,1,310.8935548151,3.358,34.388054106,2.786,-0.157
2043+156,2005,1,311.4395584077,0.432,15.7909276963,0.64,0.328
2047-266,2005,1,312.6028910177,0.202,-26.4716825643,0.566,0.058
2051+350,2005,1,313.260615247,1.926,35.2560909993,5.014,-0.351
2051+745,2005,1,312.8905605484,0.269,74.6945828504,0.174,-0.214
2052-474,2005,7,314.0681659205,0.314,-47.2465632378,0.695,0.065
2058-297,2005,4,315.256916561,0.387,-29.5577322348,1.451,0.526
2059+034,2005,3,315.4118090689,0.432,3.6920335876,0.264,-0.395
2102+003,2005,1,316.2821477088,0.725,0.5569467634,1.054,0.29
2103+023,2005,1,316.6172866988,0.269,2.52716695,0.594,-0.103
2104-173,2005,1,316.8625903986,0.576,-17.1362103062,1.637,-0.016
2105-293,2005,1,317.0308340767,7.871,-29.1881115783,26.959,0.845
2106-413,2005,6,317.3882858334,0.261,-41.172390351,0.609,0.489
2109-811,2005,2,319.1285244573,0.532,-80.8986730457,0.374,0.192
2112-144,2005,1,318.8268148133,0.127,-14.2787144503,0.3,-0.247
2113+293,2005,81,318.8725560451,0.089,29.5606574719,0.147,0.069
2115-305,2005,1,319.5441541857,6.445,-30.3198857822,12.577,-0.934
2116+543,2005,1,319.4853531473,1.666,54.5256955371,1.916,0.34
2116-068,2005,1,319.6801761657,1.171,-6.6049988837,1.997,0.59
2118-037,2005,1,320.2019733212,0.622,-3.5080360991,1.101,0.102
2121+053,2005,49,320.9354891318,0.1,5.5894702792,0.13,-0.161
2122-148,2005,1,321.230623866,1.49,-14.637033088,2.088,0.671
2123-463,2005,4,321.6279343639,0.275,-46.0966367074,0.688,0.399
2126-158,2005,37,322.3007329366,0.159,-15.6447337715,0.405,-0.031
2128-123,2005,26,322.8969238746,0.167,-12.1179990637,0.416,0.229
2131-021,2005,5,323.5429566841,0.645,-1.888122079,0.484,0.333
2134+428,2005,1,324.1000265356,1.03,43.0284647964,0.853,-0.152
2136+141,2005,116,324.7554552446,0.08,14.3933312049,0.079,-0.092
2136-190,2005,1,324.697704597,1.965,-18.8251863975,3.55,0.107
2137+130,2005,1,324.9089180978,1.229,13.270292182,1.516,0.149
2137-196,2005,1,325.1952506327,0.967,-19.3989006064,2.084,-0.792
2138-283,2005,1,325.2355205775,2.248,-28.0833213269,6.073,0.72
2138-377,2005,3,325.468537464,0.649,-37.4869419435,1.399,0.751
2139-232,2005,1,325.6747740225,1.978,-23.0606904268,5.001,0.854
2139-260,2005,1,325.5663586148,3.672,-25.8573869777,7.839,0.113
2141+175,2005,1,325.8981024677,0.18,17.730218684,0.294,-0.473
2141+333,2005,1,325.9588988627,1.238,33.6196713601,0.958,0.241
2142-758,2005,3,326.8030429979,0.668,-75.6036738194,0.411,0.597
2143-156,2005,3,326.5957470815,0.425,-15.4288572148,0.243,-0.23
2144+042,2005,1,326.7299666347,0.172,4.457077124,0.367,-0.197
2145+067,2005,29,327.022744448,0.077,6.9607234293,0.09,-0.1
2149+056,2005,54,327.9078145416,0.233,5.8702651678,0.3,-0.361
2150+173,2005,2,328.1034141484,0.092,17.5771652944,0.14,-0.324
2151-152,2005,1,328.5309946018,0.623,-15.0254082509,1.357,0.698
2153+190,2005,1,328.893486817,0.888,19.2468019582,1.37,-0.442
2153-119,2005,1,328.9613265451,2.352,-11.6633274609,2.633,-0.237
2155-152,2005,1,329.5261747537,0.15,-15.0192578887,0.357,-0.149
2155-304,2005,3,329.7169379969,0.537,-30.225588378,0.335,-0.244
2156-013,2005,1,329.8928157287,2.084,-1.098580975,2.083,0.334
2157-375,2005,1,330.0706940583,1.757,-37.2825141996,5.594,-0.769
2201+315,2005,92,330.8123991122,0.169,31.7606305112,0.204,-0.008
2203+292,2005,1,331.4437767933,0.743,29.4486476512,0.751,0.17
2204-540,2005,6,331.9322220082,0.179,-53.7760610685,0.368,0.457
2207+741,2005,1,332.0998103683,1.186,74.3939839701,2.234,-0.035
2208+199,2005,1,332.7152179268,1.798,20.2233481091,1.86,0.651
2209+080,2005,1,333.0066222348,0.352,8.3212528311,1.018,-0.086
2209+184,2005,1,332.9745370725,0.229,18.6971838866,0.443,0.029
2209+236,2005,19,333.0248596083,0.083,23.9279288246,0.11,-0.091
2210+361,2005,1,333.2925948601,4.318,36.3986598627,4.848,-0.841
2210-257,2005,2,333.2604084558,0.427,-25.4916891453,0.281,-0.464
2211-256,2005,1,333.6933412985,3.903,-25.3544700528,10.027,0.263
2214+350,2005,2,334.0833745266,0.128,35.3039389797,0.204,-0.028
2215+150,2005,1,334.5454746476,0.132,15.3432547071,0.272,-0.456
2216-038,2005,2,334.7168238246,0.153,-3.5935776146,0.228,-0.37
2217+214,2005,1,334.9105059306,1.768,21.6868212554,3.06,-0.031
2220+134,2005,1,335.688179945,0.258,13.7484577782,0.55,-0.005
2220-119,2005,1,335.7333557341,3.502,-11.7406577549,6.015,0.621
2220-351,2005,5,335.774710687,0.246,-34.9297719228,0.758,0.454
2227-136,2005,1,337.5637751345,0.293,-13.4285837127,0.708,-0.351
2228-146,2005,1,337.9151093137,0.522,-14.3730475795,1.309,0.327
2229+695,2005,2,337.6519569455,0.086,69.7744657967,0.085,0.085
2232-488,2005,8,338.8051523177,0.307,-48.5996651043,0.561,0.199
2233-234,2005,1,339.1093277421,0.248,-23.1573880447,0.665,-0.402
2234+282,2005,61,339.0936283829,0.185,28.4826146979,0.246,0.361
2234-253,2005,1,339.3264811027,1.937,-25.1090342376,4.315,0.437
2235+071,2005,1,339.543315498,0.12,7.4038848257,0.27,0.005
2235+275,2005,1,339.5536400087,0.202,27.8313259034,0.344,-0.208
2235+731,2005,2,339.160820871,0.212,73.3812950895,0.304,0.144
2236-221,2005,1,339.8488208302,4.929,-21.8876217239,15.551,0.447
2236-572,2005,4,339.8003162247,0.269,-57.0168998413,0.549,0.41
2239-631,2005,4,340.782663597,0.451,-62.8492562519,0.695,0.431
2242+257,2005,1,341.1464471432,0.871,26.0057508234,0.746,-0.596
2243-081,2005,1,341.4541825575,0.245,-7.9220505547,0.535,-0.347
2243-123,2005,118,341.5759665505,0.157,-12.114243666,0.231,0.262
2244-372,2005,4,341.7663221331,0.224,-36.9628622791,0.341,-0.465
2245-091,2005,1,341.9674706197,1.516,-8.8394671042,2.819,0.249
2249-210,2005,1,343.1195020155,0.925,-20.7920941463,2.332,-0.057
2250+023,2005,1,343.3379352526,0.992,2.6036225379,1.437,0.028
2250+194,2005,7,343.2807048617,0.105,19.7096191159,0.172,-0.253
2250+323,2005,1,343.3020824557,0.263,32.6012017653,0.433,-0.244
2253+417,2005,2,343.9029493288,0.158,42.0479257375,0.242,-0.07
2254+024,2005,3,344.323179548,0.18,2.7215310699,0.172,-0.906
2254+074,2005,2,344.3220962956,0.157,7.7200839573,0.199,0.077
2255-282,2005,89,344.524845354,0.221,-27.9725713794,0.247,0.752
2256-084,2005,1,344.7528702292,0.271,-8.1841792846,0.672,-0.56
2257+103,2005,1,345.0763022001,0.251,10.6316897764,0.583,-0.482
2259-375,2005,1,345.5995303308,9.799,-37.3019060951,23.754,0.544
2300-683,2005,4,345.9315192535,0.198,-68.1270674748,0.253,0.097
2301-103,2005,1,345.9913310325,3.697,-10.0386703206,9.411,0.605
2304+824,2005,1,346.3230822786,0.3,82.7136545804,0.604,0.131
2306-312,2005,3,347.3097141845,0.326,-30.986828994,1.4,0.447
2312-319,2005,4,348.7020856645,0.526,-31.6443127826,0.473,-0.632
2315+287,2005,1,349.4231749596,0.683,29.0396583423,0.609,-0.446
2315-172,2005,2,349.5473391594,0.214,-16.9914411105,0.539,0.24
2315-404,2005,1,349.5285921086,1.083,-40.1683954546,4.586,-0.911
2316+862,2005,1,348.9575827539,0.52,86.5287766053,0.462,0.351
2318+049,2005,101,350.1869024574,0.166,5.2305423964,0.192,-0.36
2318+182,2005,1,350.1948998729,0.296,18.4904931028,0.584,0.237
2319+272,2005,2,350.4994259825,0.13,27.5462343479,0.2,-0.104
2320+506,2005,3,350.6082590803,0.138,50.9644343698,0.145,0.203
2320-035,2005,1,350.8831412805,2.808,-3.2847286377,0.41,0.602
2321-065,2005,1,350.9129739257,0.229,-6.2997885284,0.477,0.354
2321-164,2005,1,350.9359645739,0.883,-16.214479037,1.435,0.15
2321-215,2005,1,351.1169012705,3.57,-21.3168068357,10.56,0.676
2321-375,2005,3,351.0296324536,0.838,-37.2395709429,0.386,-0.401
2325+152,2005,1,351.899937112,0.307,15.5526597316,0.516,-0.145
2325+192,2005,1,352.1036449019,1.84,19.4994527718,1.579,0.611
2325+764,2005,1,351.9700938852,0.729,76.7190677918,1.338,0.305
2325+799,2005,1,351.776773027,0.208,80.2163707788,0.3,-0.43
2325-150,2005,1,351.9498482317,8.133,-14.798820109,1.146,0.933
2326-477,2005,6,352.3237680488,0.249,-47.5053095754,0.521,0.635
2329-162,2005,1,352.9110509706,4.308,-15.9491698459,3.457,0.756
2329-384,2005,1,352.9978453932,17.651,-38.1965640836,4.187,0.991
2333-415,2005,3,354.1416045014,0.279,-41.2561067169,1.096,-0.024
2335-027,2005,2,354.4889129333,0.194,-2.5160083966,0.526,0.139
2337-011,2005,1,355.0986253722,1.991,-0.890833254,2.457,0.46
2337-234,2005,1,354.9732386421,1.852,-23.1775620982,4.898,0.632
2340-226,2005,1,355.6999320509,1.601,-22.3945001513,3.557,0.073
2341+154,2005,2,355.928121343,0.685,15.7174939594,1.516,0.05
2341+295,2005,1,356.0939683467,5.598,29.8724169254,2.887,0.072
2341+697,2005,1,355.9322262474,0.393,70.0553908599,0.701,-0.605
2342-161,2005,1,356.3019263066,0.108,-15.9188428845,0.267,-0.259
2344+299,2005,1,356.6927115543,0.684,30.1997914251,1.029,-0.456
2344+514,2005,1,356.7701544008,2.212,51.7049656536,2.704,-0.735
2344-514,2005,5,356.8327670038,0.296,-51.1766848719,0.605,0.532
2345+270,2005,1,356.8965619372,0.171,27.317081608,0.333,-0.342
2345-047,2005,2,357.0489905759,0.159,-4.4323282521,0.357,-0.035
2347+079,2005,1,357.5419971048,1.718,8.2153550814,1.769,-0.016
2349-223,2005,1,357.9416952254,0.274,-22.0526829584,0.623,0.138
2350+395,2005,1,358.2037803411,0.212,39.7989510971,0.429,-0.198
2351+456,2005,7,358.5903341291,0.092,45.8845101296,0.124,0.113
2351-309,2005,3,358.4477452012,0.316,-30.6301396426,1.165,0.53
2352-217,2005,1,358.7589442385,0.4,-21.4268836083,0.897,0.554
2353-686,2005,7,359.0028390703,0.236,-68.3342976996,0.261,0.213
2354-251,2005,1,359.3493790955,1.254,-24.8508785836,2.946,0.611
2355+042,2005,1,359.620195713,0.307,4.5068987736,0.654,0.269
2355-106,2005,3,359.5453432456,0.232,-10.3357253899,0.189,0.055
2355-534,2005,5,359.4719421762,0.541,-53.1871358799,1.057,0.742
2356+385,2005,97,359.8882533089,0.133,38.8450884151,0.196,-0.059
2357-318,2005,4,359.897881384,0.173,-31.5621732831,0.516,-0.345
