iers_name,year,num_ses,ra,ra_err,dec,dec_err,ra_dec_corr
0003+380,2009,2,1.4882307278,0.064,38.3375414264,0.086,-0.109
0003-066,2009,70,1.5578869911,0.234,-6.3931487329,0.465,0.056
0007+171,2009,2,2.6416279453,0.34,17.4052119721,0.962,0.351
0007-325,2009,1,2.3981574361,0.351,-32.2769249402,0.672,-0.822
0008-264,2009,3,2.7551947672,0.328,-26.20927145,0.175,0.238
0010+405,2009,3,3.3797091641,0.072,40.8603177824,0.126,-0.267
0013-005,2009,1,4.0462022677,0.123,-0.2534570705,0.297,-0.192
0014+813,2009,21,4.285311882,0.065,81.5855935281,0.069,0.043
0016+731,2009,20,4.9407764657,0.04,73.4583382231,0.041,-0.051
0019+058,2009,12,5.635171697,0.106,6.1345191403,0.161,0.239
0025+197,2009,1,7.1242458863,6.166,20.0074266226,7.593,-0.985
0027-426,2009,1,7.5728859139,0.228,-42.4129112881,0.757,0.086
0035+413,2009,3,9.6035149623,0.064,41.6183334053,0.103,0.003
0035-252,2009,12,9.561397938,0.116,-24.9839542088,0.197,0.028
0039+230,2009,2,10.5189382245,0.17,23.3336282526,0.299,0.481
0043-268,2009,1,11.5574006284,0.231,-26.5317922613,0.62,-0.269
0043-392,2009,1,11.3771212083,1.738,-39.000813245,7.334,0.286
0046+861,2009,1,13.1369020022,0.223,86.4622923511,0.14,-0.688
0047+023,2009,1,12.4301497728,0.137,2.6177163135,0.277,-0.252
0047-579,2009,1,12.4978049292,1.313,-57.6409278962,0.745,-0.863
0048-097,2009,22,12.6721557651,0.109,-9.4847806479,0.15,0.067
0048-427,2009,11,12.7895909047,0.254,-42.4425815173,0.209,-0.163
0055-059,2009,10,14.5211096347,0.106,-5.6645216683,0.131,0.036
0059+581,2009,49,15.6906765842,0.042,58.4030934983,0.046,-0.01
0104-408,2009,77,16.6879498515,0.217,-40.5722111919,0.228,0.278
0106+013,2009,65,17.161546285,0.163,1.5834214649,0.247,0.114
0109+224,2009,22,18.0242696493,0.115,22.744107358,0.18,0.005
0110+495,2009,3,18.3625283957,0.056,49.8066786157,0.093,-0.035
0110-361,2009,1,18.3160682804,0.161,-35.8634352889,0.199,-0.414
0111+021,2009,5,18.4297706955,0.261,2.3714767099,0.217,0.095
0114-211,2009,1,19.2141856493,6.762,-20.8685820924,6.496,-0.186
0115-214,2009,12,19.4532505241,0.283,-21.1851758842,0.213,0.343
0116-219,2009,4,19.7385924332,0.269,-21.6917055151,0.215,-0.37
0119+041,2009,7,20.4869236523,0.124,4.3735373023,0.173,-0.211
0119+115,2009,19,20.4233126785,0.068,11.8306704654,0.155,-0.018
0123+257,2009,2,21.6783026013,0.067,25.983694479,0.112,-0.084
0130-171,2009,3,23.1811977758,0.348,-16.9134783144,0.232,-0.36
0130-447,2009,1,23.2535983435,0.354,-44.5121007812,0.841,-0.675
0131-522,2009,2,23.274011442,1.273,-52.0010960814,1.04,-0.923
0133+476,2009,101,24.2441450046,0.051,47.8580833614,0.06,-0.025
0134+311,2009,25,24.2863901438,0.126,31.3766265328,0.228,0.323
0135-247,2009,3,24.4097767703,0.137,-24.5149681861,0.104,0.163
0138-097,2009,3,25.35763406,0.109,-9.4787983687,0.173,-0.365
0148+274,2009,2,27.8631091308,0.458,27.7449426121,0.509,-0.435
0149+218,2009,3,28.0752459891,0.098,22.1188054999,0.158,-0.065
0150-334,2009,3,28.2921738495,0.719,-33.1738505158,0.405,-0.37
0151+474,2009,3,28.7345411948,0.072,47.7240388054,0.09,-0.048
0153+744,2009,1,29.3956870029,0.265,74.7120082377,0.208,0.03
0159+723,2009,3,30.8891039101,0.049,72.548240931,0.044,0.106
0201+113,2009,5,30.9444043857,0.167,11.5792804437,0.301,-0.096
0202+149,2009,8,31.2100579003,0.087,15.2364009957,0.199,0.105
0202+319,2009,3,31.270522302,0.06,32.2083598952,0.101,-0.014
0202-172,2009,2,31.2403097559,0.097,-17.0221779957,0.255,0.295
0206+136,2009,3,32.3999929736,0.211,13.8668755151,0.3,0.413
0208-512,2009,30,32.69250175,0.404,-51.0171921315,0.428,-0.502
0212+735,2009,2,34.3783894597,0.047,73.8257281867,0.053,-0.129
0215+015,2009,14,34.4539781245,0.075,1.7471386254,0.12,-0.012
0219+428,2009,2,35.6650479951,0.137,43.0354996827,0.21,-0.13
0220-349,2009,2,35.7350067674,0.288,-34.6913138956,0.241,-0.081
0221+067,2009,4,36.1184508065,0.083,6.9898170902,0.207,-0.307
0227-369,2009,18,37.3685376992,0.222,-36.7324506421,0.192,-0.16
0229+131,2009,12,37.9412252361,0.092,13.3818656812,0.143,0.013
0234+285,2009,3,39.4683569526,0.068,28.8024972484,0.086,-0.256
0234-301,2009,3,39.1298726485,0.379,-29.8987612821,0.269,-0.295
0235+164,2009,79,39.6622087697,0.079,16.616465165,0.112,-0.034
0237-027,2009,18,39.9394677759,0.121,-2.5780317882,0.169,0.081
0237-233,2009,3,40.034059538,0.502,-23.1543695853,0.32,-0.125
0239+108,2009,2,40.6215452039,0.106,11.0168689497,0.146,0.299
0239+175,2009,4,40.6011177659,0.334,17.7163471138,0.327,-0.078
0248+430,2009,2,42.8939031397,0.097,43.254397005,0.131,-0.011
0256+075,2009,2,44.8628192657,0.065,7.7943453704,0.149,-0.064
0256-005,2009,12,44.8688172881,0.113,-0.333326516,0.147,0.262
0300+470,2009,3,45.896842558,0.08,47.2711876917,0.109,0.19
0302+625,2009,3,46.6777481094,0.052,62.7172289705,0.072,0.175
0302-437,2009,1,46.1216756343,0.333,-43.5544527284,1.157,0.328
0302-623,2009,1,45.960963931,0.958,-62.1904300312,1.615,-0.319
0306+102,2009,3,47.2650979064,0.151,10.4878725627,0.207,-0.126
0307+380,2009,15,47.7078330358,0.074,38.2482882942,0.113,-0.044
0308-611,2009,20,47.483746459,0.143,-60.9775156096,0.191,0.172
0309+411,2009,2,48.2581755108,0.053,41.3336620748,0.114,0.106
0317+188,2009,2,49.9635697342,0.494,19.025358537,0.5,-0.305
0322+222,2009,17,51.4033931189,0.084,22.4001016005,0.137,0.072
0329-404,2009,1,52.712933049,0.285,-40.2379439014,0.85,0.461
0332+078,2009,4,53.7221527691,0.228,8.0040053542,0.313,0.283
0332-375,2009,1,53.5642705509,0.239,-37.4286295591,1.281,-0.522
0332-403,2009,7,53.5568936612,0.121,-40.140388326,0.177,-0.367
0338-214,2009,14,55.1483661029,0.163,-21.3253255966,0.235,0.004
0340+362,2009,5,55.8706350309,0.15,36.3701193269,0.224,0.375
0342+147,2009,2,56.2767355809,0.058,14.8970995642,0.119,0.278
0345+460,2009,19,57.3280899068,0.069,46.1665716347,0.087,-0.025
0346-279,2009,13,57.158935737,0.174,-27.8204349016,0.169,-0.136
0347-211,2009,11,57.490944476,0.148,-21.0465948698,0.123,0.232
0358+210,2009,7,60.4381919994,0.092,21.1746075204,0.159,0.269
0400+258,2009,2,60.7732754268,0.052,26.0004174457,0.075,-0.062
0400-319,2009,1,60.5886117443,5.706,-31.7905402685,0.491,0.913
0402-362,2009,2,60.9739577122,0.266,-36.0838648606,1.366,0.489
0403-132,2009,1,61.3916807751,0.143,-13.1371363182,0.15,-0.559
0405-123,2009,3,61.9517957362,0.102,-12.193516497,0.23,-0.019
0405-385,2009,12,61.7459804902,0.395,-38.4411228202,0.506,-0.685
0406+121,2009,1,62.3417029062,0.525,12.2944019389,0.424,0.357
0406-127,2009,3,62.2740405743,0.321,-12.646706588,0.162,-0.154
0414-189,2009,9,64.1522685756,0.182,-18.8523167418,0.168,-0.159
0415+398,2009,12,64.8439563702,0.1,39.924715991,0.121,0.015
0420+022,2009,6,65.7175610432,0.082,2.3241474724,0.088,0.188
0420+417,2009,3,65.9833741168,0.049,41.8340869572,0.069,-0.065
0420-014,2009,10,65.8158363707,0.072,-1.3425182412,0.093,-0.034
0422+004,2009,7,66.1951752425,0.081,0.6017582152,0.181,0.034
0422-380,2009,10,66.1760155437,0.306,-37.9391067352,0.263,0.126
0422-389,2009,1,66.1404846247,1.691,-38.8115638761,7.27,-0.025
0423+051,2009,1,66.6525170447,0.404,5.3055205474,1.283,0.127
0426+273,2009,3,67.4706699077,0.088,27.4105211945,0.196,-0.083
0426-380,2009,2,67.1684344542,0.104,-37.938772329,0.309,0.037
0430+289,2009,14,68.4076244252,0.097,29.0987436541,0.132,0.166
0434-188,2009,7,69.2561781377,0.232,-18.7468366735,1.07,0.132
0436-129,2009,9,69.6459208595,0.145,-12.8509330832,0.31,0.107
0437-454,2009,3,69.7535612235,0.487,-45.3729342392,0.318,-0.705
0440+345,2009,1,70.8818133892,0.09,34.6851845413,0.196,0.005
0442+389,2009,5,71.5478918154,0.188,39.0047499753,0.369,0.568
0446+112,2009,12,72.281962891,0.111,11.3579434761,0.166,-0.223
0451-282,2009,3,73.3110282892,0.368,-28.1270351046,0.256,-0.608
0454+844,2009,40,77.1765147124,0.131,84.5345956061,0.164,-0.014
0454-234,2009,82,74.2632467303,0.167,-23.414450068,0.18,-0.241
0457+024,2009,3,74.966877768,0.225,2.4919935918,0.201,0.338
0458+138,2009,1,75.4386285539,0.132,13.9353389582,0.253,-0.028
0458-020,2009,64,75.3033744861,0.181,-1.9872934663,0.221,0.021
0502+049,2009,2,76.3466030262,0.209,4.9952011557,0.189,0.026
0502-152,2009,1,76.1199881359,0.573,-15.207458296,1.05,-0.354
0506+101,2009,8,77.3644044396,0.096,10.1957223102,0.165,0.106
0506-612,2009,7,76.6832863384,0.348,-61.1613872016,0.372,-0.7
0507+179,2009,3,77.5098714142,0.123,18.0115505098,0.25,-0.06
0514-459,2009,1,78.9385421325,0.303,-45.9453323457,1.068,-0.184
0515+208,2009,10,79.5159354956,0.086,20.9145826,0.162,0.118
0521-365,2009,4,80.7416027393,0.168,-36.4585699274,0.267,-0.479
0521-403,2009,1,80.7254797214,0.168,-40.3419279085,0.347,-0.085
0524+034,2009,9,81.8862726829,0.129,3.5254212721,0.211,-0.174
0528+134,2009,65,82.7350697445,0.124,13.5319860213,0.213,0.149
0529+483,2009,20,83.3161074676,0.054,48.3813355121,0.072,-0.027
0532-378,2009,1,83.5728607564,0.226,-37.79044251,0.557,0.122
0534-340,2009,8,84.118468123,0.283,-34.01985236,0.296,0.2
0536+145,2009,13,84.9265249773,0.135,14.5626560238,0.174,0.327
0537-286,2009,18,84.976172864,0.127,-28.665541114,0.11,-0.072
0537-441,2009,92,84.709839843,0.175,-44.0858163997,0.182,0.081
0539-057,2009,3,85.4086806605,0.306,-5.6970635769,0.323,0.455
0540+529,2009,1,86.0586501267,2.391,52.9684751292,3.711,0.027
0544+273,2009,6,86.8922871675,0.059,27.365789613,0.113,-0.006
0548+378,2009,7,88.0747372028,0.158,37.9070228705,0.194,0.099
0552+398,2009,30,88.8783566947,0.049,39.8136569311,0.07,0.047
0556+238,2009,4,89.88347133,0.147,23.8983129108,0.238,0.076
0600+177,2009,2,90.7880427727,0.076,17.7046696328,0.18,-0.252
0602+673,2009,88,91.9694651134,0.072,67.3487250361,0.096,-0.127
0605-085,2009,2,91.9987467819,0.226,-8.5805495206,0.134,-0.269
0606-223,2009,18,92.2486951427,0.136,-22.3391546404,0.1,0.081
0607-157,2009,84,92.4206231218,0.137,-15.7112980044,0.15,-0.094
0609+607,2009,2,93.5994425065,0.163,60.7727099649,0.201,-0.085
0611+131,2009,2,93.4903864488,0.06,13.1126113727,0.174,0.064
0613+570,2009,5,94.3205106792,0.268,57.0212286822,0.284,-0.219
0615+820,2009,3,96.5125263587,0.071,82.0404355455,0.089,-0.071
0615-365,2009,1,94.3846934317,8.483,-36.5707811756,14.438,-0.721
0620+389,2009,2,96.0792553283,0.062,38.9468711479,0.086,-0.148
0627+814,2009,1,99.4307357806,1.292,81.4243593257,0.606,0.35
0627-199,2009,5,97.3490078169,0.12,-19.9888121321,0.157,-0.27
0632-235,2009,6,98.7458374856,0.105,-23.5866548485,0.2,-0.279
0636+680,2009,2,100.5177390804,0.14,67.9765613678,0.168,-0.024
0637-752,2009,26,98.9437825815,0.319,-75.271337613,0.227,-0.279
0641+392,2009,14,101.2237900323,0.098,39.2465371692,0.139,0.141
0642+449,2009,82,101.6334417256,0.055,44.8546083971,0.068,-0.002
0646-306,2009,6,102.0587351393,0.338,-30.7387942868,0.293,-0.135
0647-475,2009,1,102.2018769823,11.319,-47.5742290519,48.765,0.546
0648-165,2009,12,102.6024244262,0.089,-16.6277015269,0.107,-0.161
0656+082,2009,73,104.8249834838,0.165,8.22526485,0.328,-0.109
0657+172,2009,13,105.0063564136,0.052,17.1560281555,0.077,-0.076
0700-197,2009,8,105.6787527998,0.278,-19.8561209647,0.326,0.675
0704-231,2009,1,106.6396719797,5.223,-23.1938383774,4.989,0.365
0705-412,2009,1,106.6794152726,1.137,-41.3732779636,7.9,-0.296
0707+476,2009,3,107.6921037423,0.103,47.5364285723,0.163,-0.253
0710+439,2009,2,108.4090171925,0.227,43.8214466217,0.544,-0.38
0713+669,2009,1,109.5234663697,0.124,66.8648136195,0.186,0.088
0714+457,2009,11,109.4660517125,0.058,45.634239169,0.077,-0.093
0716+714,2009,18,110.4727020201,0.033,71.3434343037,0.038,-0.021
0717-393,2009,1,109.913661491,1.031,-39.4801930201,5.303,-0.21
0722+145,2009,2,111.3200323265,0.066,14.4204851944,0.143,-0.236
0723+219,2009,5,111.5594197357,0.123,21.8889205834,0.201,0.068
0723-008,2009,3,111.4609999197,0.308,-0.9157067447,0.225,-0.326
0727-115,2009,122,112.5796353121,0.101,-11.6868335114,0.104,-0.127
0729+259,2009,8,113.2344802743,0.124,25.8107765521,0.188,0.145
0733-174,2009,2,113.9408853394,0.78,-17.5968063509,0.654,-0.012
0735+178,2009,2,114.5308073104,0.2,17.7052772776,0.173,-0.033
0736+017,2009,2,114.8251411988,0.08,1.6179494228,0.172,-0.332
0738+313,2009,2,115.2945970967,0.054,31.2000639694,0.125,-0.152
0738+491,2009,9,115.5114540063,0.07,49.0043358188,0.105,-0.051
0741-444,2009,1,115.8864940485,1.492,-44.5680918387,9.924,0.23
0743+259,2009,58,116.6078090799,0.111,25.8172596332,0.176,0.101
0743+277,2009,6,116.6684679797,0.055,27.5830686522,0.106,0.016
0743-006,2009,1,116.4753430824,0.057,-0.7382055223,0.139,-0.067
0745+241,2009,2,117.1504553252,0.082,24.0066972603,0.171,-0.054
0747+185,2009,1,117.5013747,0.226,18.3865019015,0.325,0.319
0748+126,2009,11,117.7168572534,0.055,12.51800785,0.069,0.05
0749+540,2009,70,118.2557690355,0.086,53.8832325377,0.105,0.372
0750+633,2009,1,118.8401704555,0.123,63.2099209151,0.206,-0.252
0754+100,2009,3,119.2776789668,0.048,9.9430145173,0.121,-0.044
0759+183,2009,9,120.7001332135,0.115,18.1636803584,0.19,-0.01
0800+618,2009,15,121.325748224,0.049,61.7399168166,0.07,-0.109
0804+499,2009,13,122.1652762286,0.065,49.8434806639,0.073,-0.146
0805+046,2009,1,121.9897439291,0.124,4.5429254619,0.351,-0.19
0805+410,2009,34,122.2360502266,0.107,40.8791358355,0.161,0.294
0808+019,2009,13,122.8612805141,0.084,1.781172258,0.129,0.043
0812+367,2009,3,123.8581036007,0.084,36.5875413574,0.167,-0.309
0814+425,2009,1,124.566665032,0.05,42.3792818485,0.069,-0.09
0818-128,2009,2,125.2393651734,0.867,-12.9831025887,0.258,0.361
0820+560,2009,2,126.1968183927,0.216,55.8785192857,0.275,-0.041
0821+394,2009,1,126.2311827837,0.064,39.2783066715,0.098,-0.005
0822-152,2009,1,126.21508945,0.249,-15.4627542134,0.464,-0.003
0823+033,2009,77,126.4597431437,0.118,3.1568111201,0.284,0.311
0826+180,2009,1,127.2701199154,3.86,17.904406718,2.787,-0.691
0826-373,2009,2,127.019917746,0.141,-37.518411471,0.164,-0.105
0827+243,2009,4,127.717025853,0.061,24.1832833942,0.094,-0.022
0828+493,2009,1,128.0967364416,0.249,49.2225106918,0.29,0.333
0829+046,2009,1,127.95365399,0.09,4.4941905277,0.174,0.011
0831+557,2009,3,128.7287670368,0.428,55.5725195694,0.457,0.011
0833+585,2009,2,129.343373671,0.094,58.4171792056,0.1,-0.015
0834-201,2009,2,129.1633968408,0.221,-20.2831954302,0.317,-0.339
0836+710,2009,2,130.3515220781,0.067,70.8950481182,0.077,0.123
0839+187,2009,1,130.5212258513,0.109,18.5947198827,0.267,0.167
0843-336,2009,1,131.2839348131,0.51,-33.7947389594,1.696,-0.726
0847-120,2009,17,132.5401484312,0.115,-12.2264933967,0.134,-0.016
0850+581,2009,2,133.6749849269,0.2,57.9583165173,0.32,-0.096
0854-108,2009,17,134.1741839602,0.121,-11.0873417936,0.147,-0.009
0855+143,2009,1,134.6726959416,0.138,14.1624339317,0.214,-0.192
0857-329,2009,1,134.8367204552,1.136,-33.1568675593,3.909,0.118
0859+470,2009,3,135.7666255281,0.053,46.8511492845,0.085,0.053
0859-140,2009,2,135.5701288403,0.119,-14.2585765043,0.245,-0.232
0910-414,2009,1,138.0531275536,0.309,-41.62115424,0.889,0.14
0912+029,2009,22,138.6579726584,0.078,2.7664574477,0.177,-0.051
0912-330,2009,1,138.6530042204,0.489,-33.2478931379,1.556,0.18
0915-118,2009,1,139.5236187069,0.436,-12.0955014742,0.914,0.816
0917+449,2009,2,140.2435770071,0.056,44.6983291842,0.089,-0.183
0917+624,2009,2,140.4009628496,0.059,62.2644946011,0.068,-0.108
0919-260,2009,2,140.3723075376,0.413,-26.3120517024,0.17,-0.661
0920+390,2009,7,140.8102205868,0.091,38.8277528124,0.127,0.169
0920-397,2009,13,140.693409371,0.34,-39.9930746417,0.387,-0.26
0925-203,2009,17,141.9659346106,0.147,-20.5808978772,0.196,-0.031
0943+105,2009,6,146.6461247864,0.257,10.2850373587,0.761,0.897
0945+408,2009,3,147.2305755663,0.065,40.6623853057,0.085,-0.189
0949+354,2009,3,148.1334422916,0.077,35.2145562255,0.149,0.136
0951+268,2009,1,148.6658188606,0.308,26.6568177781,0.755,0.695
0952+179,2009,3,148.7367650682,0.091,17.7253395403,0.186,-0.016
0954+658,2009,3,149.6968546883,0.07,65.5652272395,0.072,-0.032
0955+326,2009,3,149.5872902007,0.101,32.4006137538,0.131,-0.08
0955+476,2009,43,149.5819651725,0.05,47.4188451067,0.061,0.007
0958+346,2009,4,150.2997884176,0.136,34.4140164475,0.179,0.139
1004+141,2009,3,151.9229086903,0.062,13.9415557322,0.141,-0.281
1004-217,2009,1,151.6933866,4.81,-21.9890030172,0.396,0.918
1004-500,2009,4,151.558372115,0.977,-50.3037417982,0.492,-0.841
1011+250,2009,3,153.4726199148,0.215,24.8212335819,0.267,0.193
1012+232,2009,3,153.6961061002,0.055,23.0212696376,0.112,-0.147
1013+054,2009,21,154.0130686552,0.1,5.2173169972,0.166,-0.033
1013+127,2009,3,153.933430881,0.281,12.451963939,0.346,0.584
1015+057,2009,12,154.6160345479,0.125,5.5083227693,0.153,0.362
1015+359,2009,7,154.5457837923,0.104,35.7109558484,0.176,0.028
1016-311,2009,1,154.6198064608,0.541,-31.3982917007,0.244,-0.299
1020+400,2009,1,155.7981903902,0.154,39.8042737202,0.255,0.134
1022+194,2009,2,156.1867066857,0.138,19.2056711813,0.227,0.058
1027-186,2009,4,157.3879069685,0.268,-18.8806359169,0.375,0.481
1030+074,2009,1,158.3917678675,0.104,7.1905965674,0.235,0.024
1030+415,2009,2,158.2654494795,0.034,41.2683980196,0.052,-0.066
1032-199,2009,4,158.7589804644,0.099,-20.1928777166,0.195,-0.379
1034-293,2009,82,159.3169989068,0.242,-29.5674481779,0.219,-0.624
1034-374,2009,3,159.2226651279,0.59,-37.7375184236,0.367,-0.519
1038+064,2009,2,160.3215104669,0.104,6.1713677213,0.117,0.3
1038+52A,2009,3,160.4449235401,0.116,52.5578420655,0.22,-0.065
1039+811,2009,3,161.096093555,0.066,80.9109564045,0.079,-0.071
1040+244,2009,9,160.7876490953,0.062,24.1431692368,0.07,0.159
1042+071,2009,1,161.2329635064,0.089,6.9272953233,0.244,-0.354
1044+719,2009,78,162.1150830442,0.073,71.7266495995,0.091,-0.279
1045-188,2009,4,162.0275858459,0.107,-19.1599241172,0.209,0.279
1048-313,2009,3,162.769906578,0.716,-31.6373076214,0.36,-0.399
1049+215,2009,3,162.9532877549,0.12,21.3311983596,0.229,-0.122
1053+704,2009,17,164.2234063543,0.064,70.1960877002,0.062,-0.202
1053+815,2009,17,164.5480641068,0.05,81.2424097351,0.053,0.069
1055+018,2009,3,164.6233550028,0.09,1.566339931,0.14,-0.03
1056+212,2009,4,164.9126778569,0.282,20.9560988633,0.223,-0.134
1057-797,2009,43,164.680457429,0.183,-80.0650444118,0.174,-0.032
1059+282,2009,6,165.5595352838,0.393,27.9524137641,0.457,-0.114
1059-438,2009,1,165.5201504722,0.234,-44.0730109973,0.638,-0.084
1100+122,2009,2,165.7647073857,0.565,11.9712843913,1.234,-0.476
1101+384,2009,4,166.1138081295,0.055,38.2088330276,0.098,-0.15
1104-445,2009,2,166.7862248794,1.075,-44.8187804663,3.19,-0.792
1111+149,2009,11,168.4945628528,0.074,14.7074868586,0.167,-0.138
1123+264,2009,3,171.4737996846,0.071,26.1722163215,0.082,-0.103
1124-186,2009,88,171.7683018904,0.144,-18.9548449586,0.164,-0.06
1125+062,2009,1,171.9021900402,0.111,5.9255715602,0.09,0.257
1127-145,2009,1,172.5293865558,0.593,-14.8242744789,0.26,-0.276
1128+385,2009,74,172.7220108961,0.087,38.2551519302,0.127,0.04
1130+009,2009,3,173.3335658527,0.155,0.6813436372,0.289,0.49
1133-032,2009,14,174.1024038786,0.089,-3.5081935299,0.222,-0.088
1137+660,2009,1,174.9876060311,1.085,65.7970782573,1.237,0.374
1143-245,2009,3,176.533763718,0.424,-24.7924711519,0.267,-0.339
1143-287,2009,1,176.6091188626,0.768,-28.988473576,0.381,-0.287
1144+402,2009,16,176.7429080216,0.054,39.9761956468,0.078,0.007
1144-379,2009,84,176.7557112947,0.208,-38.2030621123,0.198,-0.167
1145+268,2009,9,176.9990162831,0.08,26.5950923652,0.15,0.043
1145-071,2009,3,176.964808586,0.098,-7.411428082,0.138,-0.158
1147+245,2009,3,177.5800507906,0.102,24.2982875386,0.157,0.103
1149-084,2009,20,178.0717063009,0.116,-8.6842538707,0.093,-0.003
1150+497,2009,3,178.3519443567,0.082,49.5191194448,0.115,0.208
1150+812,2009,2,178.3020795185,0.079,80.974765098,0.086,0.031
1155+251,2009,1,179.6074482445,0.459,24.8383232439,0.677,0.059
1156+295,2009,21,179.8826413425,0.054,29.2455074647,0.074,0.059
1212+171,2009,7,183.7665797283,0.093,16.910543496,0.125,0.216
1213+350,2009,2,183.9816711037,0.11,34.804227981,0.184,0.189
1213-172,2009,4,183.9447990493,0.077,-17.5292786828,0.102,-0.204
1215+303,2009,2,184.4670082129,0.065,30.1168433299,0.114,-0.153
1216+487,2009,2,184.7767281637,0.153,48.4989345947,0.208,0.291
1219+044,2009,24,185.5939567862,0.094,4.2210489514,0.263,0.111
1221+809,2009,2,185.9187238877,0.061,80.6678723668,0.069,0.157
1226+373,2009,8,187.1975986607,0.076,37.1033599485,0.13,-0.011
1232-338,2009,1,188.6921672851,0.244,-34.1497377933,0.747,0.249
1236+077,2009,3,189.8524513594,0.134,7.5047746608,0.164,-0.19
1237-101,2009,2,189.9294227176,0.3,-10.3913037859,0.882,0.016
1240+381,2009,2,190.7140377884,0.109,37.8500069495,0.151,0.058
1243-072,2009,4,191.5176337941,0.053,-7.5129374712,0.132,-0.226
1243-160,2009,6,191.4739261356,0.179,-16.279362524,0.232,0.239
1244-255,2009,16,191.6950085302,0.19,-25.7970247395,0.159,-0.082
1247-442,2009,1,192.5950201015,0.271,-44.5343008947,0.853,-0.109
1252+119,2009,3,193.6593982357,0.088,11.6849707907,0.141,-0.251
1255-177,2009,12,194.6595905005,0.155,-18.0008679441,0.267,-0.037
1255-316,2009,14,194.4960867908,0.123,-31.9213477046,0.397,0.039
1256+802,2009,1,194.38219331,1.118,79.9673631158,0.797,-0.058
1257+145,2009,3,195.0871617825,0.146,14.2884808525,0.325,0.122
1300+580,2009,19,195.7186053443,0.054,57.8104470287,0.066,0.052
1302-102,2009,2,196.3875625953,1.311,-10.5553972666,2.341,0.544
1302-208,2009,1,196.246122138,0.515,-21.1117941464,1.128,-0.062
1306+360,2009,8,197.0987880667,0.053,35.7769899841,0.09,-0.129
1308+326,2009,58,197.6194326975,0.225,32.3454952407,0.267,0.001
1308+328,2009,9,197.7475114267,0.071,32.5595693018,0.098,0.054
1308+554,2009,4,197.7633784064,0.078,55.2317562164,0.122,-0.013
1313-333,2009,2,199.0332747301,0.091,-33.6497701958,0.12,0.372
1318-434,2009,1,200.3035185595,1.377,-43.7046746804,7.716,0.073
1320-303,2009,1,200.831113752,0.171,-30.6351848611,0.497,-0.011
1324+224,2009,19,201.7535888136,0.052,22.1806007658,0.079,-0.024
1327+504,2009,5,202.2741779727,0.144,50.1573335922,0.166,-0.244
1334-127,2009,77,204.415761562,0.15,-12.9568592762,0.139,-0.145
1335+658,2009,1,204.3169152987,0.133,65.5461990353,0.127,0.182
1339-287,2009,2,205.5639400347,0.376,-29.011620022,0.782,0.148
1342+662,2009,16,205.9414983051,0.045,66.0404847355,0.048,0.053
1342+663,2009,3,206.0361650069,0.073,66.1032343256,0.066,0.075
1346-306,2009,1,207.3349939365,0.244,-30.9400545118,0.48,0.084
1347+539,2009,2,207.3944026924,0.158,53.6880666411,0.133,-0.342
1348+308,2009,3,207.71973425,0.292,30.5815528743,0.298,0.592
1351-018,2009,43,208.5287305354,0.133,-2.1008862125,0.409,0.296
1352-104,2009,13,208.6938278806,0.158,-10.6840711731,0.155,-0.041
1354+195,2009,1,209.2684860908,0.165,19.3187145431,0.168,-0.211
1354-152,2009,5,209.2968540636,0.103,-15.4579963685,0.128,-0.001
1354-174,2009,3,209.2753089572,0.782,-17.7338625384,0.547,0.202
1357+769,2009,71,209.4807147616,0.067,76.7225141688,0.069,0.006
1402+044,2009,2,211.2546658965,0.072,4.2599496662,0.176,-0.065
1402-012,2009,3,211.1912312095,0.592,-1.5060964342,0.382,-0.15
1406-076,2009,3,212.2353383374,0.102,-7.8740740177,0.248,-0.588
1406-267,2009,10,212.4590408576,0.12,-26.9602722564,0.327,0.119
1412-368,2009,3,213.8584011106,1.107,-37.0908250251,0.824,-0.527
1413+135,2009,2,213.9950729679,0.051,13.3399202545,0.109,0.216
1417+273,2009,3,214.9970710969,0.091,27.1070979801,0.135,0.044
1417+385,2009,4,214.94422403,0.079,38.3634652945,0.117,0.112
1418+546,2009,80,214.9441558644,0.071,54.3874408603,0.079,-0.032
1423+146,2009,1,216.454241671,0.249,14.4158064933,0.519,-0.115
1424+366,2009,3,216.6545311815,0.103,36.419325966,0.153,0.17
1424-418,2009,44,216.9845732222,0.237,-42.1053993691,0.249,-0.399
1428+370,2009,5,217.6690987106,0.087,36.8177468654,0.119,0.187
1432+200,2009,13,218.665805677,0.125,19.8668710314,0.237,0.36
1435+638,2009,2,219.1908423076,0.069,63.6105184256,0.063,0.046
1441+252,2009,13,220.9870507865,0.087,25.0290251659,0.123,0.195
1443-162,2009,3,221.4724012101,0.411,-16.483783071,0.255,-0.225
1448+762,2009,2,222.1199125818,0.125,76.0198881242,0.1,-0.2
1451-375,2009,11,223.614207407,0.343,-37.7925401488,0.307,-0.091
1451-400,2009,2,223.6371346968,1.389,-40.2090316301,0.636,0.248
1454-354,2009,1,224.3612989422,0.576,-35.6527699056,0.288,-0.38
1456+044,2009,12,224.7473175763,0.122,4.2705056659,0.219,0.149
1459+480,2009,3,225.20272593,0.078,47.854316143,0.12,0.087
1502+036,2009,14,226.2769881666,0.125,3.4418923613,0.172,0.034
1502+106,2009,4,226.1040824445,0.055,10.4942217653,0.084,0.088
1504+377,2009,2,226.5397081672,0.099,37.5142034709,0.216,-0.009
1504-166,2009,3,226.76994575,0.507,-16.8750742176,0.313,-0.386
1508+572,2009,1,227.5121766006,0.077,57.0453821675,0.112,0.192
1508-055,2009,2,227.7232975842,0.086,-5.718727074,0.121,-0.076
1508-325,2009,1,227.9600115611,0.815,-32.7160528733,2.549,0.175
1510-089,2009,3,228.2105538366,0.18,-9.0999526563,0.167,-0.039
1510-421,2009,1,228.3775939915,1.812,-42.3655670829,9.563,0.198
1511-360,2009,1,228.6703076706,0.693,-36.2846885444,1.984,-0.284
1514+197,2009,3,229.2366506872,0.055,19.5369422709,0.112,-0.161
1514-241,2009,3,229.4242214028,0.084,-24.3720767031,0.224,-0.469
1519-273,2009,26,230.6569832867,0.165,-27.5029959624,0.186,-0.243
1519-294,2009,6,230.606193272,0.62,-29.6070085615,0.281,0.001
1520+319,2009,12,230.5416322065,0.091,31.7373282988,0.119,0.088
1520+437,2009,22,230.4567244834,0.068,43.6109078153,0.096,0.07
1532+016,2009,3,233.7185569929,0.11,1.5178351319,0.133,0.136
1546+027,2009,18,237.3726534948,0.079,2.6169897496,0.147,-0.05
1547+507,2009,2,237.3227856893,0.057,50.6349411317,0.075,0.124
1548+056,2009,1,237.646955073,0.073,5.4529023408,0.108,0.066
1550-242,2009,5,238.3817825327,0.407,-24.3683432041,0.624,-0.01
1555+001,2009,9,239.4643082067,0.105,-0.0306705022,0.179,-0.105
1556-245,2009,2,239.9225379916,0.557,-24.7107868014,0.318,-0.521
1557+032,2009,3,239.8790526361,0.14,3.0800712693,0.209,-0.095
1600+335,2009,2,240.5302644095,0.166,33.4480756078,0.201,0.458
1601+112,2009,1,240.9247133168,0.36,11.0968547609,1.095,0.848
1602-115,2009,9,241.3230485741,0.134,-11.6574531153,0.252,0.229
1604-333,2009,3,241.8948429445,0.842,-33.5191425369,0.479,-0.473
1606+106,2009,81,242.1925132652,0.108,10.4854932736,0.147,0.063
1608+243,2009,4,242.6751115083,0.114,24.2469476208,0.183,0.185
1611+343,2009,84,243.4211010003,0.067,34.2133079922,0.087,0.034
1613-350,2009,1,244.1791885375,0.233,-35.1616219484,0.626,-0.185
1614+051,2009,3,244.1564867328,0.077,4.992426783,0.129,0.027
1615+029,2009,5,244.4579505502,0.437,2.7786401436,1.066,0.078
1616+063,2009,5,244.7653653229,0.127,6.2172896685,0.243,-0.164
1617+229,2009,19,244.8117691624,0.106,22.7966253134,0.147,-0.325
1618-399,2009,1,245.498704981,1.306,-40.0595778531,6.831,-0.074
1621-351,2009,1,246.0935491267,0.425,-35.2753344481,1.605,-0.743
1622-253,2009,70,246.4453817948,0.269,-25.4606463626,0.189,-0.083
1622-297,2009,2,246.5250868818,0.082,-29.8574920188,0.23,0.287
1622-310,2009,2,246.4812664091,0.197,-31.1357166777,0.497,0.08
1623+578,2009,14,246.1033648971,0.138,57.6878557996,0.14,-0.055
1624+416,2009,2,246.490290597,0.283,41.5779525118,0.275,-0.426
1633-409,2009,1,249.2307299874,1.789,-41.0334723039,6.129,-0.019
1636+473,2009,7,249.4380439864,0.085,47.2927308002,0.109,-0.02
1637+574,2009,2,249.5560679062,0.058,57.3399941538,0.068,-0.228
1639+230,2009,16,250.3551148811,0.076,22.9511201754,0.139,-0.074
1639-062,2009,5,250.5090737709,0.2,-6.3565819046,0.16,0.836
1642+690,2009,3,250.5327020958,0.052,68.9443766875,0.052,-0.055
1647+744,2009,1,251.5632192005,5.22,74.3197495017,25.568,0.218
1647-296,2009,2,252.6647671147,0.538,-29.7297096148,0.329,-0.342
1650-157,2009,1,253.3925267961,0.173,-15.8583022571,0.386,0.068
1651+391,2009,5,253.2437899112,0.071,39.0471728411,0.127,0.099
1655+077,2009,2,254.5375477506,0.191,7.6909834246,0.231,-0.078
1656+053,2009,2,254.6393638762,0.118,5.2545678139,0.121,0.32
1656+477,2009,1,254.5115816137,0.164,47.6303417081,0.221,-0.219
1656-075,2009,7,254.6835916706,0.118,-7.6549149873,0.238,0.144
1657-261,2009,20,255.2214752398,0.155,-26.1810348134,0.204,-0.212
1659+399,2009,4,255.3526450548,0.081,39.9103032097,0.103,0.037
1705+018,2009,12,256.8933969699,0.106,1.8126942117,0.236,0.198
1705+456,2009,2,256.8239723439,0.257,45.6029313215,0.262,0.261
1706-174,2009,3,257.3931058286,0.17,-17.4814903181,0.214,-0.336
1711-209,2009,1,258.6677578911,0.907,-21.0114877334,1.48,0.612
1717+178,2009,3,259.8043686533,0.063,17.7517881163,0.138,-0.075
1722+330,2009,1,261.0591576478,0.105,33.051094179,0.14,-0.177
1725+044,2009,2,262.1039696321,0.232,4.4513649447,0.17,0.041
1725+123,2009,2,262.0293800405,0.12,12.2609681348,0.242,0.2
1726+455,2009,4,261.8652118344,0.39,45.5110363651,0.282,-0.057
1732+389,2009,7,263.5857439434,0.074,38.9642897282,0.1,0.019
1736+324,2009,3,264.6687575798,0.127,32.4025070822,0.314,0.094
1738+476,2009,3,264.9880377604,0.103,47.6328781669,0.117,-0.004
1738+499,2009,2,264.8641269915,0.069,49.9176022627,0.088,0.099
1739+522,2009,72,265.1540743366,0.068,52.1953909821,0.085,0.007
1741-038,2009,114,265.9952339055,0.117,-3.8346158015,0.144,0.058
1743+173,2009,3,266.3967006988,0.129,17.3337288523,0.406,0.029
1745+624,2009,19,266.5584756227,0.059,62.4485384631,0.072,0.19
1749+096,2009,86,267.8867440578,0.101,9.6502023536,0.142,-0.006
1749+701,2009,3,267.1368347137,0.062,70.0974357503,0.056,-0.215
1751+288,2009,12,268.426973521,0.043,28.8013719233,0.064,-0.036
1751+441,2009,3,268.3443661578,0.093,44.1626905552,0.091,0.007
1753-144,2009,1,269.1077600722,0.803,-14.4526568799,1.356,0.143
1753-418,2009,1,269.3152970985,0.357,-41.8218566876,1.242,0.666
1754+155,2009,28,269.2212589076,0.139,15.5891184658,0.209,0.364
1758+388,2009,8,270.1031889822,0.085,38.8085270661,0.125,-0.082
1759-396,2009,15,270.677833614,0.165,-39.6688634151,0.432,0.058
1800+440,2009,9,270.3846450849,0.047,44.072750067,0.063,0.092
1803+784,2009,76,270.1903495966,0.058,78.4677828723,0.058,-0.017
1806+456,2009,2,272.0911912075,0.142,45.7057961875,0.182,-0.058
1815-553,2009,23,274.9391647825,1.078,-55.3557625956,0.585,-0.794
1817+157,2009,1,274.9095388119,0.321,15.7290910409,0.408,0.28
1821+107,2009,2,276.0118968604,0.06,10.7399372446,0.139,-0.254
1823+568,2009,3,276.0294515376,0.056,56.8504141036,0.08,-0.063
1823+689,2009,12,275.8868912666,0.094,68.9646145535,0.111,0.089
1826-447,2009,1,277.5036239936,0.339,-44.686576952,1.017,-0.31
1830+285,2009,3,278.2091067292,0.075,28.5599875807,0.129,-0.381
1842+681,2009,2,280.6401735661,0.114,68.1570077412,0.128,-0.277
1846+322,2009,24,282.0920357315,0.064,32.3173899369,0.092,0.06
1849+670,2009,3,282.3169678119,0.048,67.0949111629,0.055,-0.009
1906-217,2009,1,287.4381439873,0.274,-21.6598333621,0.74,-0.475
1907-224,2009,1,287.739821499,0.315,-22.3914784771,0.888,-0.15
1908-201,2009,22,287.7902204852,0.285,-20.1153081018,0.252,-0.048
1909+161,2009,5,287.9927391818,0.127,16.1963514501,0.199,0.435
1913-272,2009,1,289.0827612852,0.133,-27.1422943815,0.378,0.09
1920-211,2009,18,290.8841242579,0.115,-21.0759259458,0.155,-0.235
1921-293,2009,57,291.2127330769,0.159,-29.2417003022,0.22,0.576
1923+210,2009,86,291.4983555924,0.114,21.1072672381,0.146,0.09
1926+087,2009,1,292.1702311583,0.256,8.8134480345,0.342,0.087
1928+738,2009,2,291.9520629258,0.101,73.9671029304,0.105,-0.232
1929+226,2009,8,292.8538199105,0.095,22.7253495967,0.19,-0.102
1932+204,2009,1,293.7936375617,1.05,20.5317095736,0.803,0.381
1933-400,2009,1,294.31757232,0.291,-39.9670980145,0.253,-0.612
1936+095,2009,1,294.681693898,1.141,9.7055773571,1.051,-0.409
1936-155,2009,3,294.8610738938,0.167,-15.4286273014,0.141,0.028
1937-101,2009,3,294.9885691431,0.142,-10.0448667166,0.294,0.119
1942-313,2009,1,296.4973724388,0.191,-31.193988137,0.501,-0.322
1954+513,2009,2,298.9280760155,0.073,51.5301517241,0.13,-0.31
1954-388,2009,24,299.4992469824,0.252,-38.7517655391,0.257,-0.146
1958-179,2009,76,300.2378768479,0.178,-17.8160201347,0.211,0.026
2000+148,2009,7,300.6749967585,0.127,15.0207150084,0.263,0.17
2000+472,2009,25,300.5434093702,0.048,47.4246593759,0.059,-0.016
2000-330,2009,1,300.8504878116,5.623,-32.8625366299,0.495,0.912
2005+372,2009,1,301.9391549803,4.525,37.3673071111,3.501,-0.53
2005-489,2009,1,302.3557954755,3.56,-48.8315866631,8.476,0.457
2007+777,2009,3,301.3791607263,0.054,77.8786798739,0.054,-0.047
2008-159,2009,25,302.8154622002,0.131,-15.7778482495,0.116,0.17
2013+163,2009,11,304.0577501013,0.144,16.5428091717,0.155,0.231
2021+317,2009,3,305.8292389859,0.094,31.8839738843,0.12,-0.159
2021+614,2009,3,305.5278407271,0.067,61.6163347539,0.099,0.167
2029+121,2009,1,307.9791428183,0.07,12.3281500802,0.181,-0.295
2030+547,2009,1,307.9498268277,0.454,54.9175383055,1.226,0.159
2033-286,2009,1,309.1573951627,0.184,-28.5073696536,0.493,0.055
2037-253,2009,3,310.0365539214,0.51,-25.1296288195,0.328,-0.557
2039+037,2009,1,310.5604243009,0.391,3.9372051996,0.565,0.424
2045-405,2009,1,312.2917292604,0.192,-40.341981977,0.502,-0.506
2052-474,2009,66,314.0681659058,0.369,-47.2465632391,0.397,-0.525
2058-297,2009,3,315.256916487,0.43,-29.5577322744,0.33,-0.655
2059+034,2009,37,315.4118089647,0.097,3.6920335398,0.155,0.142
2106+143,2009,1,317.1709672689,0.13,14.5075034646,0.195,0.107
2106-413,2009,3,317.3882857913,0.332,-41.1723903435,0.182,-0.424
2113+293,2009,91,318.8725560595,0.08,29.5606575084,0.13,0.147
2120-309,2009,1,320.9524980839,0.164,-30.7681773751,0.452,-0.015
2121+053,2009,73,320.9354891567,0.169,5.5894703082,0.373,0.047
2122-238,2009,1,321.4671760853,0.172,-23.6365942836,0.495,-0.204
2126-158,2009,68,322.3007328648,0.138,-15.6447337912,0.307,0.204
2127-096,2009,7,322.5795344447,0.242,-9.4603986546,0.204,-0.007
2128-123,2009,15,322.8969239605,0.209,-12.1179989531,0.3,0.185
2131-021,2009,2,323.5429566283,0.088,-1.8881218064,0.214,-0.402
2136+141,2009,25,324.7554553048,0.071,14.3933311527,0.135,-0.15
2138-377,2009,3,325.4685374966,1.237,-37.4869418883,0.799,-0.26
2141+175,2009,9,325.8981023449,0.096,17.7302188103,0.132,0.138
2142+110,2009,4,326.3282293703,0.424,11.2575866816,0.531,-0.077
2143-156,2009,8,326.595747167,0.197,-15.4288570706,0.288,0.491
2144+092,2009,7,326.7923457048,0.065,9.49629788,0.136,0.194
2145+067,2009,15,327.0227443826,0.079,6.9607234247,0.093,-0.306
2149+056,2009,1,327.9078146317,0.353,5.87026521,0.347,0.441
2150+173,2009,3,328.1034141083,0.134,17.577165097,0.296,0.179
2155-304,2009,3,329.7169378322,0.592,-30.2255883988,0.434,-0.602
2157-255,2009,1,329.9616343561,0.113,-25.28115997,0.304,-0.16
2201+315,2009,17,330.8123991293,0.155,31.7606304764,0.142,-0.083
2205+166,2009,3,331.9702737131,0.264,16.8716154865,0.453,0.742
2208-137,2009,8,332.8504144373,0.239,-13.4693677957,0.209,0.365
2209+236,2009,11,333.0248596061,0.06,23.9279288541,0.099,-0.189
2214+350,2009,18,334.0833745656,0.064,35.3039388972,0.092,-0.038
2215+020,2009,1,334.4509912304,0.557,2.3363088265,0.335,0.06
2215+150,2009,10,334.5454745612,0.057,15.3432548899,0.09,-0.009
2216+178,2009,2,334.8087185533,0.162,18.1098835403,0.324,0.278
2216-038,2009,2,334.7168238297,0.064,-3.5935775592,0.156,0.225
2220-318,2009,1,335.840132028,0.188,-31.6172525474,0.501,0.197
2220-351,2009,1,335.774710951,0.526,-34.9297715067,0.415,-0.518
2221-387,2009,1,336.183172385,0.188,-38.525842079,0.537,-0.442
2227-088,2009,11,337.4170180765,0.076,-8.5484543146,0.128,-0.148
2229+695,2009,29,337.6519570302,0.044,69.7744658168,0.046,0.007
2232-488,2009,3,338.8051519858,1.209,-48.5996649634,0.714,-0.835
2233-186,2009,1,338.9840431424,0.48,-18.436820471,1.228,-0.424
2234+282,2009,67,339.0936284737,0.146,28.4826147701,0.192,0.281
2235+731,2009,1,339.160820201,0.466,73.3812952132,0.633,-0.096
2236+678,2009,1,339.562622484,2.433,68.0832673203,1.181,-0.575
2238-362,2009,1,340.4512975533,0.193,-35.9966057596,0.584,-0.156
2243+047,2009,9,341.4735588126,0.127,5.0158228096,0.201,0.169
2243-123,2009,66,341.5759665329,0.169,-12.1142438421,0.317,0.317
2244-372,2009,4,341.7663222167,0.447,-36.962862316,0.378,-0.633
2245-328,2009,1,342.1611908107,0.775,-32.5978299624,0.259,0.329
2250+194,2009,6,343.280704843,0.123,19.7096190818,0.232,0.044
2253+417,2009,2,343.9029493135,0.085,42.0479257394,0.132,-0.255
2254+074,2009,2,344.3220963099,0.252,7.7200840421,0.214,0.271
2255-282,2009,63,344.5248453024,0.17,-27.9725712925,0.209,0.811
2307+106,2009,17,347.6188238806,0.087,10.9251935506,0.163,0.181
2309+454,2009,10,347.9475373146,0.072,45.7322268382,0.094,-0.051
2311-373,2009,1,348.4987842694,0.225,-37.079505271,0.786,0.371
2312-319,2009,3,348.7020855692,0.673,-31.6443128191,0.387,-0.406
2314-340,2009,2,349.1807766423,1.091,-33.8201348965,0.852,-0.665
2318+049,2009,49,350.1869024699,0.18,5.2305423809,0.24,0.246
2319+272,2009,2,350.499425783,0.135,27.5462344191,0.199,0.371
2319+317,2009,15,350.4789832763,0.066,32.0687840442,0.095,0.08
2319+444,2009,1,350.5848253069,0.139,44.7617649124,0.166,0.441
2320+506,2009,2,350.6082591302,0.089,50.9644344734,0.138,-0.003
2320-035,2009,3,350.8831406767,0.373,-3.2847287872,0.266,-0.371
2322+396,2009,1,351.3244576044,0.17,39.9601412437,0.201,-0.338
2322-411,2009,1,351.2640808392,5.396,-40.8583614898,11.603,0.354
2326-477,2009,1,352.3237681005,0.63,-47.5053097349,0.363,-0.708
2327-376,2009,1,352.6491491782,0.167,-37.4105454697,0.511,-0.229
2329-162,2009,3,352.9110517641,0.341,-15.9491694763,0.235,-0.423
2329-384,2009,4,352.9978172611,0.127,-38.1965697387,0.333,-0.297
2335-027,2009,11,354.4889127773,0.136,-2.5160081436,0.135,0.136
2348-432,2009,1,357.8956078814,0.237,-42.992635054,0.308,-0.112
2351+456,2009,2,358.5903342939,0.095,45.8845101937,0.088,0.05
2351-154,2009,1,358.6258132188,0.096,-15.2197813915,0.142,-0.394
2351-309,2009,3,358.4477451398,0.68,-30.6301396775,0.42,-0.134
2355-106,2009,27,359.5453433537,0.1,-10.3357253794,0.122,-0.109
2356+385,2009,76,359.8882533257,0.123,38.8450884022,0.175,0.145
2357-318,2009,16,359.897881432,0.166,-31.5621735384,0.233,-0.19
2358+189,2009,19,0.2859231935,0.11,19.2427227366,0.181,0.11
