iers_name,year,num_ses,ra,ra_err,dec,dec_err,ra_dec_corr
0002+051,2019,3,1.3342312313,0.172,5.4030009033,0.233,-0.1
0002-478,2019,10,1.1485644086,0.238,-47.6054455076,0.428,0.183
0003-066,2019,31,1.5578870131,0.076,-6.3931486883,0.083,0.082
0005+021,2019,3,1.932667593,0.732,2.4422910329,1.831,0.187
0008-264,2019,31,2.7551947038,0.191,-26.2092713895,0.253,-0.264
0009-148,2019,3,2.9185660387,0.185,-14.5679539961,0.437,-0.337
0010+405,2019,6,3.3797091396,0.167,40.860317826,0.194,-0.276
0010-401,2019,4,3.2496242678,0.256,-39.9072376624,0.506,0.237
0013-005,2019,11,4.0462023081,0.12,-0.2534570423,0.26,-0.158
0014+813,2019,6,4.2853121308,0.099,81.585593224,0.109,0.028
0016+731,2019,72,4.9407763646,0.038,73.4583382341,0.037,-0.054
0017+200,2019,53,4.9077270029,0.057,20.3626790684,0.056,0.048
0019+058,2019,29,5.635171705,0.1,6.1345191545,0.106,-0.022
0020+015,2019,3,5.6592712984,0.14,1.7840073722,0.314,-0.155
0021+040,2019,3,5.90901946,0.999,4.2834544704,2.402,-0.585
0025+197,2019,19,7.1242436562,0.165,20.0074288819,0.164,-0.05
0027+056,2019,4,7.4412346677,0.115,5.9113089623,0.253,0.149
0033+079,2019,3,9.0671878014,0.232,8.251119952,0.533,-0.554
0033+098,2019,3,9.0990298029,0.209,10.1329073265,0.147,-0.131
0034+078,2019,3,9.3841548773,0.114,8.1369603613,0.199,-0.379
0035-252,2019,8,9.5613979417,0.124,-24.9839543225,0.333,-0.385
0038-326,2019,9,10.1277285784,0.581,-32.4223135872,1.445,-0.05
0041+047,2019,3,10.9447111585,0.131,5.0488992763,0.304,-0.439
0047+023,2019,10,12.4301497218,0.114,2.6177162326,0.26,-0.553
0047-579,2019,5,12.4978041046,0.194,-57.6409276,0.362,0.121
0048-097,2019,35,12.6721557207,0.105,-9.4847806512,0.104,-0.008
0048-427,2019,20,12.7895908926,0.205,-42.4425814997,0.414,-0.147
0054+161,2019,28,14.2303930067,0.09,16.4203724946,0.112,-0.022
0055-059,2019,10,14.52110961,0.084,-5.6645217045,0.202,-0.13
0056-001,2019,3,14.7729789227,0.135,0.1143391071,0.324,-0.51
0059+581,2019,88,15.690676543,0.039,58.4030935024,0.041,-0.009
0104-275,2019,3,16.6086751897,0.097,-27.3032847869,0.284,-0.115
0104-408,2019,91,16.6879498723,0.14,-40.5722112166,0.197,-0.237
0106+013,2019,13,17.1615463162,0.125,1.5834214872,0.102,-0.048
0107+069,2019,3,17.637579563,0.228,7.2450671542,0.564,-0.233
0109+224,2019,12,18.0242696464,0.108,22.7441073239,0.147,0.121
0110+495,2019,5,18.3625283228,0.109,49.8066787102,0.124,-0.312
0111+021,2019,15,18.4297706144,0.116,2.3714767142,0.143,0.057
0115+027,2019,4,19.5770073024,0.12,2.9682747154,0.127,-0.005
0115-214,2019,12,19.4532505785,0.164,-21.1851759182,0.27,-0.215
0118+111,2019,3,20.3708299106,0.151,11.4501397212,0.261,-0.068
0119+041,2019,25,20.4869237045,0.063,4.3735373695,0.194,-0.019
0119+115,2019,46,20.423312713,0.089,11.8306704711,0.152,0.302
0131-522,2019,66,23.2740103998,0.156,-52.0010959328,0.226,-0.047
0133+476,2019,67,24.2441450606,0.041,47.8580833751,0.047,-0.159
0134+311,2019,23,24.2863901497,0.11,31.3766265991,0.135,0.173
0137+012,2019,5,24.9887740666,0.277,1.5294829825,0.241,0.017
0138-097,2019,6,25.3576340484,0.186,-9.4787984495,0.15,0.364
0149+218,2019,9,28.0752460065,0.127,22.1188055374,0.165,-0.292
0151+474,2019,22,28.7345411599,0.087,47.724038816,0.116,0.033
0153-410,2019,3,28.9044137939,0.253,-40.8117660553,0.253,0.356
0156+128,2019,3,29.7344740979,0.105,13.1174280595,0.191,0.023
0159+723,2019,7,30.8891040232,0.112,72.5482409487,0.096,0.204
0201+113,2019,10,30.9444043845,0.146,11.5792804901,0.258,-0.261
0202+145,2019,3,31.3046551567,0.116,14.7423294822,0.186,-0.041
0202+149,2019,5,31.2100579118,0.093,15.2364009195,0.119,-0.113
0202+319,2019,87,31.2705223368,0.045,32.2083598637,0.048,0.068
0202-172,2019,13,31.24030968,0.093,-17.0221779462,0.132,-0.118
0206+136,2019,12,32.3999930116,0.069,13.8668755123,0.13,-0.122
0208+106,2019,3,32.8049058214,0.079,10.8596662865,0.153,-0.281
0208-512,2019,14,32.6925019262,0.135,-51.0171922378,0.158,0.118
0211+171,2019,3,33.6871369011,0.38,17.3804198523,0.482,0.258
0212+735,2019,10,34.3783891803,0.043,73.8257281995,0.038,-0.12
0215+015,2019,22,34.4539781115,0.082,1.7471386125,0.092,-0.021
0221+067,2019,19,36.1184507862,0.113,6.9898171054,0.146,-0.14
0227-369,2019,12,37.3685377678,0.147,-36.7324507737,0.37,-0.065
0227-542,2019,7,37.3032721906,0.198,-54.0566763074,0.523,-0.142
0229+131,2019,44,37.941225351,0.062,13.3818656737,0.09,0.193
0229-479,2019,3,37.7991833897,0.105,-47.7698842385,0.261,-0.228
0234+285,2019,15,39.4683569353,0.057,28.8024973083,0.06,0.008
0234-301,2019,3,39.1298725048,0.197,-29.8987610424,0.54,-0.566
0235+164,2019,17,39.6622087345,0.126,16.6164651346,0.219,-0.25
0237-027,2019,37,39.9394678003,0.1,-2.5780318239,0.156,-0.039
0239+175,2019,10,40.601117759,0.093,17.7163470451,0.169,-0.221
0240+110,2019,3,40.8235811775,0.158,11.261585178,0.317,-0.461
0241+622,2019,6,41.2404025981,0.848,62.4684766256,0.776,-0.067
0242+131,2019,4,41.19038889,0.125,13.3353393072,0.162,0.059
0244-470,2019,3,41.5004917026,0.102,-46.8547868,0.244,0.2
0250+178,2019,3,43.3953425917,0.176,18.0951456191,0.315,-0.076
0252-549,2019,8,43.3715850195,0.15,-54.6976210881,0.239,0.163
0253+133,2019,3,44.1457693604,0.107,13.5764846447,0.215,-0.328
0254+185,2019,3,44.4401185733,0.104,18.784822474,0.191,0.027
0256-005,2019,28,44.8688173336,0.14,-0.3333264861,0.19,-0.166
0300+470,2019,17,45.8968425042,0.051,47.2711876773,0.061,-0.089
0302+625,2019,7,46.6777480719,0.138,62.7172289488,0.189,-0.055
0302-623,2019,5,45.9609636143,0.165,-62.1904305849,0.181,-0.008
0304+124,2019,3,46.7522190138,0.413,12.690534458,0.757,-0.114
0306+102,2019,3,47.2650978891,0.093,10.4878725106,0.109,-0.188
0307+380,2019,23,47.7078330249,0.096,38.2482883114,0.109,0.011
0308-611,2019,106,47.4837463829,0.135,-60.9775156237,0.184,0.11
0309+411,2019,3,48.2581754936,0.064,41.333662083,0.046,-0.278
0312+100,2019,12,48.8380826643,0.213,10.2119678292,0.188,-0.231
0312-770,2019,3,47.9802085266,0.185,-76.8641244218,0.21,0.151
0317+188,2019,3,49.9635695632,0.128,19.0253587105,0.235,-0.153
0322+222,2019,72,51.4033931515,0.081,22.4001015818,0.09,0.004
0332+078,2019,14,53.722152853,0.097,8.0040053172,0.132,-0.158
0332-403,2019,23,53.5568935924,0.169,-40.1403883136,0.269,-0.015
0334-131,2019,5,54.1459825642,0.206,-13.0346276456,0.484,-0.171
0338-214,2019,8,55.1483660273,0.164,-21.3253256308,0.233,0.56
0340+362,2019,10,55.870635023,0.097,36.3701193668,0.11,0.053
0342+147,2019,4,56.2767354781,0.151,14.8970995293,0.174,0.054
0345+460,2019,8,57.3280898325,0.1,46.1665716787,0.103,-0.041
0346+800,2019,6,58.6921912207,0.424,80.1580133008,0.39,-0.3
0346-279,2019,19,57.158935702,0.148,-27.8204349454,0.197,0.219
0347-211,2019,16,57.4909444713,0.22,-21.0465948889,0.16,0.234
0354-405,2019,3,59.0872823754,0.252,-40.3581080297,0.145,0.478
0355-669,2019,3,58.9495138296,0.499,-66.7593936263,0.928,-0.013
0358+210,2019,8,60.4381920099,0.104,21.1746074306,0.177,-0.057
0400-319,2019,14,60.5886083136,0.267,-31.7905404394,0.334,0.006
0402-362,2019,31,60.9739579007,0.137,-36.083864828,0.112,0.129
0403-132,2019,28,61.3916807971,0.085,-13.1371363416,0.155,-0.089
0405-385,2019,21,61.7459805986,0.129,-38.4411227758,0.13,0.02
0410+110,2019,6,63.4180875321,0.26,11.2041072686,0.201,-0.317
0414-189,2019,12,64.1522685478,0.272,-18.8523166938,0.248,0.374
0415+211,2019,3,64.6678513956,0.315,21.2753201032,0.74,-0.658
0415+398,2019,19,64.8439563019,0.119,39.9247160195,0.138,-0.133
0420+022,2019,35,65.7175610812,0.074,2.3241474796,0.068,0.011
0420-014,2019,23,65.8158363573,0.099,-1.3425182399,0.111,-0.067
0422+004,2019,5,66.1951752546,0.08,0.6017581962,0.188,-0.153
0422+224,2019,3,66.424773941,0.245,22.5853470754,0.488,-0.085
0422-380,2019,9,66.1760154869,0.279,-37.9391067441,0.614,0.471
0422-389,2019,3,66.1404841786,0.246,-38.8115674757,0.149,0.407
0423+233,2019,5,66.7322283384,0.075,23.4610092733,0.124,-0.225
0425+174,2019,3,67.1484736916,0.115,17.5398853976,0.233,-0.213
0426+181,2019,4,67.3714735549,0.134,18.2644940298,0.258,-0.107
0429+174,2019,4,67.9890801494,0.134,17.5266042645,0.277,-0.342
0430+289,2019,20,68.407624429,0.191,29.0987436514,0.366,-0.123
0433-422,2019,3,68.6888072415,0.319,-42.1855392913,0.179,0.612
0434-188,2019,8,69.2561778809,1.148,-18.746837229,2.67,-0.529
0437-454,2019,10,69.7535611431,0.236,-45.3729341916,0.405,-0.08
0438-436,2019,5,70.0715831723,0.219,-43.5523899479,0.519,-0.28
0439+186,2019,3,70.7131720647,0.133,18.7274837086,0.3,-0.358
0440+209,2019,3,70.9065032854,0.112,21.0857411911,0.233,-0.286
0442+389,2019,9,71.5478917632,0.126,39.0047499243,0.201,0.045
0446+112,2019,39,72.2819629372,0.077,11.3579434321,0.084,-0.058
0448-392,2019,3,72.4260610837,0.181,-39.1859639548,0.115,0.146
0451-282,2019,6,73.3110283123,0.157,-28.1270350553,0.18,-0.172
0454+844,2019,15,77.1765148066,0.062,84.5345956084,0.071,0.133
0454-234,2019,89,74.2632467615,0.072,-23.4144500699,0.068,-0.031
0454-463,2019,13,73.9615523164,0.163,-46.2662999267,0.175,-0.086
0454-810,2019,11,72.5226669282,0.11,-81.0172864958,0.136,0.035
0458-020,2019,81,75.3033745316,0.056,-1.9872934796,0.052,-0.045
0506+056,2019,3,77.3581851514,0.327,5.6931481721,0.205,0.114
0506+101,2019,14,77.3644044864,0.17,10.1957223026,0.122,-0.112
0506-612,2019,3,76.6832865557,0.213,-61.1613872397,0.232,-0.1
0507+179,2019,7,77.5098713298,0.085,18.0115504769,0.131,0.047
0515+208,2019,8,79.5159354884,0.151,20.9145826227,0.236,-0.233
0516-621,2019,5,79.1871922603,0.183,-62.1181637139,0.21,0.115
0521-365,2019,10,80.7416026427,0.146,-36.4585698142,0.215,-0.022
0522-611,2019,7,80.6434394579,0.399,-61.1325370904,0.54,0.377
0524+034,2019,8,81.8862726591,0.068,3.5254212403,0.145,-0.299
0524-485,2019,5,81.5694638237,0.169,-48.5102199938,0.303,0.153
0528-250,2019,6,82.5331782495,0.186,-25.0583053257,0.208,0.168
0529+483,2019,51,83.3161074072,0.049,48.381335613,0.051,0.022
0530-727,2019,78,82.3751757416,0.19,-72.7579187773,0.198,-0.028
0534-340,2019,14,84.1184681849,0.121,-34.0198523342,0.338,-0.209
0534-611,2019,4,83.6490521217,0.392,-61.1019648422,0.528,-0.575
0536+145,2019,19,84.9265249869,0.241,14.5626559979,0.162,0.237
0537-286,2019,36,84.9761727983,0.138,-28.6655411055,0.183,-0.146
0537-441,2019,77,84.7098398034,0.162,-44.0858164007,0.263,0.139
0539-057,2019,4,85.4086807839,0.166,-5.697063645,0.378,-0.577
0544+273,2019,37,86.8922871826,0.086,27.3657896155,0.122,-0.018
0548+084,2019,3,87.7967887619,0.158,8.4864503813,0.313,-0.669
0548+378,2019,5,88.0747371722,0.057,37.9070229453,0.061,-0.288
0549+201,2019,3,88.0291723042,0.109,20.1221632917,0.203,-0.182
0549-575,2019,5,87.5399174938,0.197,-57.5401101627,0.254,-0.007
0552+398,2019,54,88.878356743,0.033,39.8136569577,0.042,-0.039
0553+261,2019,3,89.0952014397,0.19,26.1744754144,0.281,0.017
0556+238,2019,27,89.8834713876,0.079,23.898312949,0.135,-0.253
0558+234,2019,4,90.4473209497,0.11,23.4148569485,0.214,0.143
0601+242,2019,3,91.1666703768,0.162,24.2538600516,0.382,-0.298
0601-172,2019,3,90.9905518714,0.08,-17.2745051353,0.193,-0.361
0602+673,2019,38,91.969465104,0.052,67.3487250651,0.058,-0.149
0605-085,2019,21,91.998746827,0.118,-8.5805494733,0.102,-0.187
0606-223,2019,29,92.2486951695,0.157,-22.3391546595,0.14,0.056
0607-157,2019,11,92.4206230399,0.163,-15.7112979657,0.117,-0.02
0613+570,2019,56,94.3205107223,0.052,57.0212286654,0.052,-0.048
0615+820,2019,6,96.5125263967,0.128,82.0404355504,0.147,-0.127
0622-645,2019,5,95.782067959,0.207,-64.6057562432,0.321,0.206
0627-199,2019,21,97.3490077675,0.1,-19.9888121543,0.197,-0.131
0632-235,2019,15,98.7458374731,0.149,-23.5866548282,0.157,0.126
0636+680,2019,4,100.5177391407,0.072,67.9765613751,0.068,-0.076
0637-752,2019,9,98.9437833756,0.131,-75.2713376535,0.152,0.095
0638-411,2019,3,99.9399558339,0.269,-41.2255964914,0.165,0.249
0641+392,2019,32,101.2237900365,0.228,39.2465371944,0.299,0.323
0642+449,2019,39,101.6334415686,0.053,44.8546083675,0.047,0.055
0642-349,2019,6,101.1053374673,0.25,-34.994985838,0.676,-0.276
0646-306,2019,44,102.0587352133,0.122,-30.7387943517,0.179,-0.217
0647-410,2019,3,102.3087949576,0.653,-41.1480635348,3.012,-0.46
0648-165,2019,49,102.6024244107,0.092,-16.6277015277,0.089,-0.041
0656+082,2019,46,104.8249834466,0.08,8.2252650067,0.192,-0.233
0657+172,2019,14,105.0063564877,0.126,17.1560281497,0.178,-0.249
0700-197,2019,21,105.6787527721,0.114,-19.8561210037,0.119,-0.167
0707+476,2019,3,107.6921037189,0.31,47.5364285023,0.284,-0.071
0709-387,2019,3,107.6818182363,0.24,-38.8436213102,0.172,0.5
0714+457,2019,3,109.4660517223,0.058,45.6342391391,0.07,-0.396
0716+714,2019,66,110.4727019858,0.034,71.3434342809,0.041,-0.028
0722+145,2019,7,111.3200323514,0.169,14.4204851977,0.152,-0.208
0723+219,2019,14,111.5594197816,0.099,21.8889205582,0.153,-0.026
0723-008,2019,13,111.4609995937,0.057,-0.9157065512,0.057,-0.157
0727-115,2019,95,112.5796353056,0.066,-11.6868335155,0.052,0.049
0729+259,2019,5,113.2344803187,0.301,25.8107765223,0.29,0.089
0732+207,2019,4,113.9697621038,0.143,20.6107935514,0.277,-0.293
0733+261,2019,3,114.2419734682,0.176,26.0805406298,0.315,-0.256
0736+017,2019,33,114.8251412472,0.079,1.6179493847,0.113,0.076
0738+313,2019,7,115.2945971421,0.104,31.2000641522,0.132,0.053
0738+491,2019,17,115.5114539659,0.036,49.0043358194,0.049,-0.141
0741-379,2019,3,115.936752405,0.287,-38.0656669867,0.322,0.019
0741-444,2019,3,115.8864941607,1.201,-44.5680880187,6.398,-0.278
0743+259,2019,19,116.6078090721,0.134,25.8172596247,0.223,-0.211
0743+277,2019,37,116.6684679896,0.075,27.5830686123,0.099,-0.185
0743-006,2019,7,116.4753429862,0.165,-0.7382054623,0.179,0.224
0745+241,2019,7,117.1504553198,0.075,24.0066971981,0.111,0.149
0747+185,2019,4,117.5013747946,0.15,18.3865020025,0.133,0.008
0748+126,2019,55,117.7168572475,0.056,12.5180078264,0.05,0.177
0749+540,2019,29,118.2557690563,0.114,53.8832325079,0.132,0.262
0759+183,2019,13,120.7001332066,0.178,18.1636804882,0.253,-0.123
0800+618,2019,45,121.3257481871,0.086,61.7399167896,0.094,-0.052
0802-010,2019,3,121.3037019805,0.101,-1.1871654123,0.185,0.302
0804+499,2019,27,122.1652762635,0.067,49.8434806461,0.073,-0.289
0804-267,2019,8,121.5530108783,0.223,-26.8759191041,0.579,-0.184
0805+046,2019,3,121.9897434519,0.125,4.5429255781,0.222,-0.325
0805+410,2019,28,122.2360502416,0.054,40.8791358551,0.059,0.027
0805-077,2019,4,122.0647335648,0.215,-7.8527462462,0.178,-0.206
0808+019,2019,44,122.8612805054,0.111,1.7811722873,0.107,-0.015
0812+367,2019,5,123.8581036293,0.107,36.5875413178,0.11,0.021
0814+425,2019,33,124.5666650535,0.044,42.3792818807,0.049,0.01
0818-128,2019,4,125.2393650273,0.089,-12.9831025608,0.199,0.02
0821+394,2019,29,126.2311827587,0.103,39.2783066874,0.096,-0.032
0823+033,2019,32,126.4597431257,0.097,3.1568111229,0.143,0.206
0823-223,2019,6,126.5065539394,0.263,-22.5075563572,0.684,-0.986
0824+131,2019,4,126.7269811016,0.243,12.950581994,0.597,-0.682
0826-373,2019,14,127.0199176168,0.184,-37.5184115941,0.473,-0.199
0827+243,2019,13,127.7170258504,0.057,24.183283389,0.067,-0.136
0829+089,2019,8,127.9795479274,0.304,8.7954588209,0.626,-0.245
0834+250,2019,14,129.4176903992,0.123,24.90642261,0.182,-0.207
0834-201,2019,52,129.1633969254,0.208,-20.2831956334,0.235,0.16
0838+133,2019,3,130.1982851357,0.115,13.2065454763,0.17,-0.107
0844-652,2019,7,131.2972290897,0.25,-65.4564340147,0.383,-0.507
0847-120,2019,16,132.540148486,0.073,-12.2264934049,0.108,-0.018
0854-108,2019,12,134.1741839966,0.103,-11.0873417441,0.168,-0.082
0855+133,2019,3,134.4623612411,0.418,13.1168896156,0.703,0.083
0855+143,2019,3,134.6726959592,0.117,14.162433908,0.247,-0.2
0903+031,2019,3,136.4683532972,0.476,2.9920877992,1.134,0.033
0903-573,2019,4,136.2215797827,0.168,-57.5849395726,0.212,0.356
0906+015,2019,9,137.2920483786,0.135,1.359893893,0.107,0.106
0912+029,2019,34,138.6579726586,0.089,2.7664572304,0.226,0.257
0912+297,2019,3,138.9683401925,0.51,29.5566785457,0.917,0.003
0917+624,2019,3,140.4009627917,0.039,62.2644946344,0.061,-0.208
0918-534,2019,3,139.9334979022,0.921,-53.6684574567,0.603,0.492
0919-260,2019,4,140.3723078346,0.153,-26.3120517682,0.198,0.172
0920+390,2019,19,140.8102205969,0.133,38.8277527843,0.154,-0.139
0920-397,2019,44,140.6934094788,0.173,-39.9930745085,0.364,-0.203
0925-203,2019,14,141.9659346611,0.127,-20.580897957,0.214,0.049
0930-080,2019,6,143.3212308022,0.184,-8.3196807418,0.289,-0.159
0936-853,2019,3,142.6357024606,0.373,-85.5665820201,0.378,0.18
0943+105,2019,21,146.6461248302,0.107,10.2850373322,0.223,-0.326
0946+181,2019,3,147.415677907,0.176,17.8803914168,0.211,0.083
0951+268,2019,6,148.6658188458,0.088,26.656817576,0.119,0.109
0954+658,2019,14,149.6968546438,0.103,65.5652272,0.117,-0.014
0955+326,2019,4,149.5872901708,0.061,32.4006137174,0.076,-0.142
0955+476,2019,85,149.5819651796,0.045,47.4188451009,0.051,-0.007
0956-409,2019,3,149.6595663972,0.335,-41.1758820419,0.23,0.295
0958+346,2019,5,150.2997884708,0.172,34.4140164585,0.144,-0.076
0959+105,2019,3,150.4905624612,0.17,10.2638070422,0.412,-0.134
1004-217,2019,9,151.6933902674,0.105,-21.9890027607,0.266,-0.149
1004-500,2019,8,151.5583722286,0.197,-50.3037418837,0.323,0.248
1005+073,2019,4,151.9575656199,0.143,7.1433161737,0.131,-0.011
1012+091,2019,3,153.7037939613,0.31,8.8828287471,0.491,-0.218
1012+232,2019,3,153.6961061295,0.09,23.0212697019,0.154,-0.413
1013+054,2019,4,154.0130686735,0.065,5.2173170046,0.104,-0.055
1013+127,2019,10,153.9334308178,0.093,12.4519639743,0.132,-0.01
1015+057,2019,12,154.6160345195,0.164,5.5083228253,0.352,-0.378
1015+359,2019,7,154.545783793,0.055,35.7109557896,0.067,0.103
1016-311,2019,7,154.6198062302,0.477,-31.3982914092,1.113,-0.297
1021-006,2019,4,156.1232780267,0.09,-0.8820823885,0.174,0.072
1022+194,2019,6,156.1867066795,0.15,19.2056709839,0.21,0.074
1024+091,2019,4,156.6825341534,0.208,8.876514676,0.472,-0.074
1027-186,2019,7,157.3879070741,0.147,-18.8806360018,0.389,-0.404
1030+415,2019,31,158.2654493169,0.056,41.2683980771,0.063,-0.031
1034-293,2019,64,159.316998892,0.173,-29.5674481924,0.261,-0.391
1034-374,2019,11,159.222665026,0.22,-37.7375182741,0.505,-0.035
1036+054,2019,3,159.6949161593,0.092,5.2080794668,0.194,0.195
1036-529,2019,4,159.6694047466,0.178,-53.1953529704,0.243,0.435
1038+52A,2019,7,160.444923712,0.153,52.5578424042,0.174,0.103
1039+811,2019,13,161.0960940131,0.057,80.9109563797,0.059,-0.001
1039-474,2019,4,160.4360411464,0.179,-47.6666849957,0.266,0.312
1040+080,2019,3,160.739949682,0.149,7.8140399765,0.295,0.035
1040+244,2019,32,160.7876491146,0.043,24.1431692562,0.063,0.013
1041-452,2019,3,160.9642596481,0.369,-45.5026559284,0.984,0.298
1042+071,2019,7,161.2329635541,0.153,6.9272950779,0.344,-0.475
1044+719,2019,6,162.1150831656,0.076,71.7266494841,0.105,-0.336
1045-188,2019,3,162.0275859073,0.211,-19.1599242245,0.4,0.253
1045-620,2019,4,161.9289677812,0.191,-62.287398374,0.208,0.138
1053+704,2019,92,164.2234062855,0.057,70.1960876718,0.061,0.013
1053+815,2019,15,164.5480640248,0.038,81.242409705,0.044,0.076
1055+018,2019,19,164.6233550072,0.044,1.5663399298,0.033,-0.079
1057-797,2019,107,164.6804574308,0.11,-80.0650444233,0.102,0.006
1059+282,2019,32,165.5595352853,0.106,27.9524137254,0.091,0.011
1100+122,2019,11,165.7647076532,0.069,11.9712845906,0.134,-0.177
1101+384,2019,11,166.1138081219,0.08,38.2088330345,0.098,-0.203
1103+023,2019,3,166.4124699813,0.164,2.0492982051,0.106,0.126
1104+728,2019,6,166.9238440317,0.145,72.5433346948,0.139,-0.295
1104-445,2019,50,166.7862256528,0.409,-44.8187829388,0.348,-0.435
1109+027,2019,3,167.9652961049,0.469,2.4804137987,0.968,-0.236
1109+076,2019,3,168.039827224,0.132,7.4136437255,0.3,-0.252
1111+149,2019,14,168.4945628637,0.082,14.7074868659,0.15,-0.451
1113+087,2019,3,169.0415557852,0.113,8.4894533808,0.185,0.163
1116-462,2019,10,169.6123233898,0.194,-46.5708339204,0.271,0.012
1117+044,2019,3,169.9284343457,0.132,4.1744244025,0.271,0.134
1123+002,2019,4,171.4262081309,0.152,0.0170549793,0.133,-0.048
1123+264,2019,15,171.4737996665,0.067,26.1722162766,0.072,-0.062
1124-186,2019,82,171.7683019072,0.099,-18.9548449586,0.109,-0.18
1125+366,2019,7,171.9952951744,0.135,36.3412087407,0.138,-0.047
1127+025,2019,3,172.4234441727,0.275,2.3093845947,0.212,-0.349
1127-023,2019,3,172.470496334,0.222,-2.6688259485,0.145,0.125
1128+385,2019,23,172.7220110286,0.049,38.2551518956,0.066,-0.035
1130+005,2019,4,173.2626251276,0.185,0.2636053647,0.418,-0.215
1130+009,2019,13,173.3335657994,0.14,0.6813435923,0.328,-0.407
1133-032,2019,28,174.1024039178,0.07,-3.5081935562,0.147,-0.14
1136+014,2019,3,174.7719324704,0.609,1.173102764,1.607,-0.18
1136+047,2019,3,174.7118298067,0.159,4.477647864,0.133,0.116
1138+020,2019,3,175.287088302,0.143,1.7888821261,0.156,0.101
1143-245,2019,5,176.5337637959,0.183,-24.7924714056,0.496,-0.599
1143-332,2019,6,176.6185489869,0.282,-33.4785090437,0.615,-0.394
1144+402,2019,74,176.7429079917,0.05,39.9761956525,0.054,-0.011
1144-379,2019,75,176.7557112936,0.142,-38.203062107,0.162,-0.283
1145+268,2019,11,176.9990162699,0.069,26.595092319,0.102,-0.096
1145-071,2019,18,176.9648084461,0.198,-7.4114281178,0.148,-0.154
1145-676,2019,6,176.8891646791,0.187,-67.8949360548,0.197,0.43
1147+245,2019,4,177.5800507602,0.103,24.2982875219,0.092,0.269
1149-084,2019,41,178.0717063076,0.099,-8.6842538847,0.081,-0.017
1150+497,2019,8,178.3519444302,0.128,49.5191195144,0.167,0.035
1156+295,2019,34,179.8826413427,0.062,29.245507413,0.07,-0.02
1156-663,2019,5,179.8262728125,0.953,-66.5942854286,1.822,-0.022
1205-043,2019,3,182.0099248696,0.213,-4.5925065739,0.51,-0.466
1212+171,2019,9,183.7665797801,0.079,16.9105435891,0.111,0.05
1213-172,2019,26,183.9447990739,0.098,-17.5292786539,0.121,-0.099
1215+303,2019,6,184.4670082272,0.119,30.1168433167,0.104,-0.011
1215-457,2019,3,184.5260441813,2.637,-46.0080529122,1.782,0.322
1217+023,2019,4,185.049519099,0.146,2.0617290369,0.275,0.145
1217-088,2019,3,185.0402048898,0.273,-9.1598243217,0.397,0.155
1219+044,2019,27,185.5939567792,0.124,4.2210489074,0.228,0.331
1219-036,2019,3,185.4545510122,0.169,-3.9690992199,0.441,-0.597
1221+809,2019,9,185.9187238572,0.106,80.6678722986,0.117,0.035
1226+373,2019,12,187.197598675,0.188,37.1033599411,0.276,0.139
1227+255,2019,5,187.5587055937,0.152,25.3019822558,0.185,-0.075
1228-008,2019,3,187.7304010319,0.414,-1.147236408,1.124,-0.555
1236+077,2019,9,189.85245138,0.115,7.5047747272,0.193,-0.153
1236-066,2019,3,189.6603596844,0.193,-6.9367147988,0.471,-0.394
1238-110,2019,3,190.1555919657,0.166,-11.3568909285,0.153,0.281
1243-072,2019,56,191.5176338178,0.093,-7.5129374106,0.107,0.029
1243-160,2019,34,191.47392612,0.092,-16.2793626003,0.099,0.024
1244-255,2019,39,191.6950084996,0.114,-25.7970247381,0.113,-0.177
1248-017,2019,3,192.8265952003,0.114,-2.035408789,0.292,-0.393
1249-673,2019,6,193.1800503553,0.113,-67.6274296289,0.144,0.189
1251-197,2019,6,193.6552316415,0.383,-20.0156685568,0.281,0.411
1251-713,2019,5,193.7496726082,0.184,-71.6384546798,0.194,0.007
1252+119,2019,7,193.6593984451,0.153,11.6849708215,0.122,0.182
1255-177,2019,3,194.6595904942,0.172,-18.0008679514,0.156,0.444
1255-316,2019,73,194.4960868103,0.147,-31.9213476326,0.193,0.284
1256-220,2019,3,194.7269949378,0.239,-22.3253125171,0.168,0.197
1300+580,2019,42,195.7186052472,0.072,57.8104470896,0.077,0.118
1305-104,2019,3,197.0516324752,0.223,-10.7213060177,0.387,0.155
1306+360,2019,9,197.0987880734,0.048,35.776989968,0.066,-0.203
1306-395,2019,6,197.4520347054,0.368,-39.8091907986,1.265,-0.28
1308+326,2019,4,197.6194327352,0.241,32.3454951905,0.274,-0.166
1308+328,2019,14,197.7475114186,0.063,32.5595693048,0.079,-0.129
1308+554,2019,3,197.7633784096,0.074,55.231756261,0.089,0.031
1312-533,2019,3,198.7674214467,0.182,-53.5766317712,0.243,0.564
1313-333,2019,15,199.0332747031,0.226,-33.6497701667,0.494,-0.111
1318-263,2019,3,200.3084871258,0.221,-26.6029067201,0.572,-0.779
1322-110,2019,3,201.3050815883,0.131,-11.2941893389,0.232,-0.254
1323-527,2019,5,201.7051211204,0.222,-52.939898152,0.525,-0.156
1324+224,2019,60,201.7535887997,0.084,22.1806007626,0.1,-0.017
1324-168,2019,3,201.7122043742,0.158,-17.1429002661,0.124,0.359
1325+126,2019,3,201.9778458014,0.132,12.3858828416,0.33,-0.359
1325-133,2019,3,201.9250988528,0.153,-13.6000447414,0.191,-0.287
1325-558,2019,3,202.2547704831,0.211,-56.1340736905,0.219,0.323
1327+504,2019,18,202.2741779947,0.052,50.1573335293,0.063,-0.061
1329-126,2019,3,203.163547478,0.125,-12.9375954275,0.284,-0.234
1330+022,2019,8,203.2219605649,0.13,2.0126941651,0.24,-0.056
1330+476,2019,11,203.1885268015,0.117,47.3729632376,0.135,-0.091
1331-109,2019,3,203.4593091595,0.148,-11.214354151,0.199,-0.162
1331-115,2019,3,203.5174615515,0.153,-11.8372976696,0.187,-0.127
1333-049,2019,3,203.9853198581,0.134,-5.1949056386,0.31,-0.263
1333-170,2019,4,204.1485195679,0.167,-17.290861445,0.108,-0.125
1333-337,2019,3,204.1626357544,1.083,-33.9658536723,0.72,-0.903
1334-127,2019,61,204.4157615758,0.074,-12.9568592705,0.069,-0.151
1334-179,2019,3,204.4064764795,0.698,-18.1947063797,1.229,0.313
1334-649,2019,3,204.4685209854,0.649,-65.1569166439,1.11,-0.216
1342+662,2019,17,205.9414982321,0.082,66.0404847096,0.077,0.213
1342+663,2019,3,206.0361651563,0.144,66.103234349,0.137,0.618
1346-109,2019,3,207.2633043481,0.125,-11.166894235,0.326,-0.271
1346-113,2019,4,207.3810135634,0.129,-11.548286206,0.242,0.03
1348+308,2019,8,207.7197342401,0.259,30.5815530109,0.24,0.028
1349-145,2019,3,207.9693734556,0.093,-14.8207107344,0.13,-0.2
1349-439,2019,4,208.2355624633,0.588,-44.21121898,0.423,-0.044
1351-018,2019,53,208.5287304821,0.151,-2.1008861169,0.315,0.238
1352-104,2019,5,208.6938278113,0.213,-10.6840711992,0.171,0.044
1353-095,2019,3,208.9495623847,0.467,-9.7986664719,0.855,0.13
1353-171,2019,3,209.0289708798,0.203,-17.4088382684,0.122,0.332
1354-107,2019,3,209.1951325745,0.195,-11.0247852819,0.193,-0.007
1354-152,2019,16,209.2968541058,0.089,-15.4579963798,0.142,-0.011
1357+769,2019,10,209.4807146506,0.117,76.7225141877,0.1,-0.04
1402-144,2019,3,211.3869472806,0.112,-14.6717490433,0.288,-0.304
1404-342,2019,3,211.9788209527,0.252,-34.5245179686,0.863,-0.13
1406-076,2019,43,212.2353383463,0.108,-7.8740740468,0.096,0.017
1406-267,2019,9,212.4590407634,0.259,-26.9602723722,0.508,0.396
1409-162,2019,3,213.0865344019,0.139,-16.5246885743,0.19,0.076
1412-368,2019,12,213.8584015327,0.375,-37.0908251283,1.004,-0.435
1413+135,2019,19,213.9950729381,0.077,13.3399202357,0.089,0.232
1413-168,2019,3,214.1432072034,0.108,-17.0960368884,0.141,-0.116
1416-156,2019,3,214.7497973405,0.138,-15.9270343857,0.351,-0.477
1416-516,2019,4,214.8968551505,0.247,-51.9162697967,0.56,-0.312
1417+385,2019,47,214.9442239847,0.064,38.3634652864,0.077,-0.019
1418+546,2019,49,214.9441558864,0.068,54.3874408193,0.068,-0.141
1420-679,2019,10,216.2314891565,0.152,-68.1328040158,0.176,0.068
1423+146,2019,7,216.4542417585,0.147,14.4158061003,0.291,-0.14
1424+240,2019,12,216.7516324469,0.176,23.8000104508,0.181,0.162
1424-418,2019,126,216.9845731936,0.119,-42.1053993542,0.145,-0.19
1428+370,2019,6,217.669098634,0.145,36.8177468629,0.194,-0.291
1435-218,2019,9,219.5394558339,0.127,-22.0818745934,0.146,-0.012
1441+252,2019,5,220.9870508642,0.068,25.0290251804,0.1,-0.299
1443-162,2019,8,221.4724012246,0.148,-16.4837831425,0.377,-0.372
1446-214,2019,3,222.4165589562,0.144,-21.656870955,0.168,0.353
1448+762,2019,8,222.1199131944,0.148,76.0198881575,0.143,0.186
1450-131,2019,4,223.2423158272,0.121,-13.3230388119,0.119,-0.139
1451-375,2019,10,223.6142073618,0.139,-37.7925402496,0.48,-0.102
1451-400,2019,9,223.6371349101,0.257,-40.2090317535,0.75,-0.066
1452-168,2019,3,223.7617110956,0.246,-17.0038761056,0.157,0.253
1456+044,2019,8,224.7473175495,0.101,4.2705056622,0.153,-0.162
1456-16A,2019,3,224.8531729058,0.621,-16.6934041016,1.543,0.014
1459+480,2019,4,225.2027259202,0.098,47.854316135,0.101,-0.049
1502+036,2019,48,226.2769881751,0.105,3.4418923528,0.111,-0.036
1502+106,2019,27,226.1040823983,0.07,10.4942218484,0.062,-0.145
1502-159,2019,4,226.3456250132,0.174,-16.1779513876,0.199,0.069
1504+377,2019,42,226.5397082512,0.088,37.5142034683,0.106,0.099
1505-156,2019,3,227.148756773,0.236,-15.8087590543,0.642,-0.711
1505-496,2019,6,227.162269641,0.274,-49.8839752154,0.441,0.03
1508+572,2019,4,227.5121765359,0.14,57.0453822027,0.16,-0.091
1510-089,2019,25,228.2105538926,0.072,-9.0999527428,0.081,-0.136
1511-100,2019,8,228.4370559135,0.206,-10.2000735683,0.119,-0.001
1511-476,2019,6,228.6667691627,0.173,-47.8082936822,0.254,-0.017
1511-558,2019,3,228.8028040657,0.422,-55.9924549557,0.3,0.122
1514+197,2019,26,229.2366506883,0.088,19.5369421921,0.104,-0.142
1514-241,2019,5,229.4242214136,0.134,-24.3720767589,0.131,0.511
1519-273,2019,65,230.6569833015,0.127,-27.5029959939,0.25,0.15
1519-294,2019,6,230.6061930297,0.361,-29.6070085632,0.351,0.368
1520+319,2019,23,230.541632227,0.132,31.7373282924,0.155,-0.06
1520+437,2019,10,230.4567244938,0.062,43.6109078615,0.076,-0.115
1527-196,2019,3,232.6202665536,0.113,-19.8442201743,0.296,-0.398
1529-195,2019,3,233.0327760317,13.426,-19.6956011268,19.647,-0.697
1529-230,2019,3,233.1313680055,0.134,-23.1756841886,0.339,-0.216
1531-221,2019,4,233.5980333839,0.188,-22.315094811,0.206,-0.076
1531-225,2019,4,233.5950052547,0.248,-22.7326749547,0.252,0.339
1538+149,2019,19,235.2062146836,0.113,14.7960790539,0.123,0.081
1540-828,2019,3,237.7464275518,0.276,-82.9685681912,0.494,0.079
1541-230,2019,4,236.0590759196,0.134,-23.2003730614,0.15,0.145
1545-226,2019,4,237.2072890633,0.231,-22.8506990252,0.244,0.049
1546+027,2019,52,237.3726535292,0.065,2.6169898244,0.072,0.015
1548+056,2019,7,237.6469552066,0.101,5.4529022246,0.084,0.039
1550-238,2019,6,238.4826891112,0.421,-23.9782248933,0.489,0.05
1550-242,2019,3,238.3817824735,0.204,-24.3683433673,0.161,0.429
1555+001,2019,17,239.4643082236,0.073,-0.0306704901,0.122,-0.015
1556-245,2019,8,239.9225379848,0.134,-24.7107867501,0.349,-0.247
1557+032,2019,3,239.8790526013,0.076,3.0800712534,0.146,-0.206
1600-445,2019,4,241.1292531323,0.381,-44.6922146546,0.578,-0.064
1600-489,2019,3,240.9611860705,1.68,-49.068195846,1.413,-0.183
1601+112,2019,3,240.9247135235,0.512,11.0968552758,0.191,0.632
1602-115,2019,25,241.3230485785,0.079,-11.6574531074,0.193,-0.225
1606+106,2019,28,242.1925132839,0.074,10.48549327,0.092,-0.169
1606-219,2019,4,242.3955528575,0.245,-22.0962788071,0.258,-0.266
1606-398,2019,13,242.5911630167,0.195,-39.9828694194,0.568,-0.284
1608+243,2019,6,242.6751115386,0.07,24.2469476771,0.097,-0.131
1609-225,2019,4,243.1185057436,0.286,-22.6629775444,0.211,0.202
1610-771,2019,4,244.4553187955,0.363,-77.2884631797,0.36,0.478
1611+343,2019,15,243.4211009869,0.035,34.21330801,0.043,0.207
1611-710,2019,8,244.1276732227,0.566,-71.1420707113,0.805,0.067
1612-243,2019,3,243.7983005045,0.308,-24.5165584774,0.969,-0.195
1613-586,2019,5,244.3245465911,0.213,-58.8021836714,0.367,0.661
1614+051,2019,3,244.1564867844,0.23,4.9924267905,0.235,-0.327
1615+029,2019,5,244.457950487,0.498,2.7786403189,0.838,0.308
1616+063,2019,10,244.7653653256,0.069,6.2172897049,0.124,-0.212
1617+229,2019,32,244.8117691643,0.183,22.7966252719,0.162,-0.125
1619-680,2019,3,246.0768209765,0.158,-68.1534713016,0.144,-0.373
1622-253,2019,16,246.4453818326,0.122,-25.4606463757,0.199,0.111
1623+578,2019,28,246.1033648292,0.089,57.6878558453,0.076,0.046
1624-617,2019,4,247.2278741287,0.222,-61.8767772848,0.263,0.131
1629-228,2019,4,248.1281711769,0.256,-22.9824076553,0.284,0.066
1631-208,2019,3,248.6263490574,0.17,-20.9738717098,0.432,0.035
1633-810,2019,5,250.7389395661,0.489,-81.1430750008,0.508,0.164
1636+473,2019,27,249.4380439658,0.105,47.2927308565,0.127,-0.128
1637+574,2019,3,249.5560679192,0.069,57.3399941276,0.095,-0.049
1639+230,2019,57,250.3551148799,0.077,22.9511201628,0.125,-0.069
1639-062,2019,54,250.5090738329,0.079,-6.3565819863,0.069,0.079
1639-200,2019,4,250.5220454577,0.252,-20.1235692404,0.249,0.254
1642+690,2019,7,250.5327021608,0.091,68.9443767017,0.117,-0.241
1642-645,2019,7,251.9072561239,0.271,-64.6334078974,0.38,0.29
1647-296,2019,7,252.6647671363,0.168,-29.7297096238,0.428,-0.332
1656-075,2019,16,254.6835914891,0.122,-7.654915134,0.223,0.045
1657-261,2019,104,255.2214752342,0.113,-26.1810348268,0.139,-0.183
1657-562,2019,7,255.4369089707,0.2,-56.3655285899,0.315,-0.069
1659+399,2019,6,255.3526450213,0.121,39.9103032382,0.133,-0.141
1704-178,2019,3,256.8191303042,0.288,-17.9378205314,0.826,-0.178
1705+018,2019,19,256.893396969,0.088,1.8126942294,0.111,0.038
1706-174,2019,7,257.3931057568,0.168,-17.481490227,0.19,-0.288
1706-223,2019,3,257.3678641852,0.506,-22.4473724367,1.383,-0.637
1717+178,2019,6,259.8043686663,0.143,17.7517880955,0.22,-0.22
1718-259,2019,10,260.4832464548,0.23,-25.9779703166,0.567,-0.282
1722+330,2019,7,261.0591576344,0.175,33.0510941281,0.253,0.129
1725+123,2019,24,262.0293800675,0.082,12.2609681747,0.128,-0.133
1726+455,2019,23,261.8652117215,0.044,45.5110364757,0.049,0.025
1732+389,2019,7,263.5857438778,0.067,38.964289705,0.084,0.063
1736+324,2019,4,264.6687575892,0.102,32.4025070999,0.128,-0.144
1738+476,2019,4,264.9880378299,0.145,47.6328782077,0.133,-0.087
1738+499,2019,5,264.8641271004,0.115,49.9176022993,0.111,0.087
1739+522,2019,3,265.1540742959,0.147,52.1953909794,0.17,-0.349
1740-517,2019,4,266.1060638926,0.799,-51.7454884065,0.566,-0.01
1741-038,2019,104,265.9952339119,0.062,-3.8346157783,0.055,-0.046
1743+173,2019,5,266.3967007144,0.145,17.3337286908,0.249,0.34
1745+624,2019,5,266.5584753688,0.067,62.4485383419,0.087,-0.048
1749+096,2019,69,267.8867440637,0.041,9.6502023152,0.048,0.04
1751+288,2019,66,268.42697351,0.048,28.8013718937,0.063,0.092
1754+155,2019,8,269.2212589198,0.062,15.5891184707,0.116,-0.262
1754+159,2019,3,269.1405233254,0.355,15.8955091598,0.328,-0.511
1758+388,2019,8,270.1031889838,0.122,38.8085270218,0.171,-0.168
1758-651,2019,36,270.847902656,0.313,-65.1268781884,0.373,0.173
1759-396,2019,118,270.6778335262,0.205,-39.6688633954,0.273,-0.096
1800+440,2019,7,270.3846450146,0.095,44.0727500355,0.091,0.214
1801+010,2019,5,271.0666020313,0.205,1.0256686202,0.405,-0.336
1803+784,2019,45,270.1903496774,0.03,78.4677828739,0.028,-0.028
1806+456,2019,61,272.0911911919,0.068,45.705796233,0.083,0.11
1806-458,2019,4,272.4911322099,0.241,-45.878059208,0.37,-0.069
1815-553,2019,3,274.9391647692,0.293,-55.3557626089,0.344,0.658
1817-254,2019,3,275.2410361028,0.172,-25.4701619424,0.489,0.737
1823+568,2019,7,276.029451536,0.089,56.8504140751,0.118,0.175
1823+689,2019,10,275.8868912176,0.335,68.9646144657,0.419,-0.175
1824-582,2019,10,277.3016764925,0.273,-58.2319893588,0.342,-0.297
1831-711,2019,6,279.3696456665,0.212,-71.1454317589,0.234,0.271
1835-189,2019,3,279.6879555401,1.66,-18.8918601789,4.41,0.111
1837-271,2019,3,280.1083453187,0.418,-27.0665376683,1.111,0.032
1842+681,2019,10,280.6401737207,0.1,68.1570076919,0.109,-0.18
1842-220,2019,3,281.4162617531,0.27,-22.0101606791,0.401,-0.369
1846+322,2019,56,282.0920357576,0.096,32.3173898974,0.129,-0.04
1849+670,2019,35,282.3169677802,0.039,67.0949112049,0.044,-0.033
1852-534,2019,3,284.251884429,0.782,-53.4167720696,0.614,0.097
1853-226,2019,4,284.1519311563,0.308,-22.6046447732,0.479,0.091
1854-210,2019,3,284.3153146142,0.219,-20.9746695082,0.317,-0.029
1856-252,2019,3,284.7709920716,0.123,-25.1630858051,0.289,-0.305
1858-255,2019,3,285.3838597637,0.173,-25.4706189777,0.384,-0.285
1902-257,2019,3,286.2999351101,0.159,-25.6343140964,0.261,-0.257
1906-217,2019,4,287.43814392,0.15,-21.6598331172,0.19,0.141
1907-192,2019,3,287.6510457245,0.69,-19.1919395345,1.493,-0.789
1907-224,2019,4,287.7398214961,0.199,-22.3914783826,0.223,0.155
1907-248,2019,4,287.5646235297,0.15,-24.7959352528,0.243,-0.031
1908+484,2019,4,287.4440112518,1.017,48.5755055777,0.928,0.371
1908-201,2019,71,287.7902203791,0.09,-20.1153079971,0.126,-0.019
1908-211,2019,3,287.9747392101,0.092,-21.0455007264,0.229,-0.356
1909+161,2019,28,287.9927391627,0.074,16.1963514035,0.125,0.102
1910-298,2019,3,288.5151418584,0.18,-29.7957700724,0.167,0.205
1910-451,2019,5,288.4437952471,0.21,-45.0532137887,0.422,0.493
1920-211,2019,12,290.8841242853,0.262,-21.0759258669,0.245,0.403
1921-293,2019,63,291.2127331335,0.15,-29.2417002008,0.161,0.26
1923+210,2019,25,291.49835574,0.28,21.1072672741,0.191,0.336
1925-610,2019,3,292.5256671073,0.13,-60.9358844105,0.171,0.202
1927-223,2019,3,292.7062985205,0.243,-22.2330816136,0.401,0.302
1928+738,2019,3,291.9520628878,0.032,73.9671029226,0.039,-0.01
1928-698,2019,3,293.3798329328,0.201,-69.7163649753,0.214,0.237
1929+226,2019,24,292.8538198067,0.097,22.7253495758,0.12,-0.103
1936+046,2019,6,294.6277898093,0.166,4.80322632,0.353,-0.564
1936-155,2019,61,294.8610739768,0.101,-15.4286273617,0.094,-0.158
1936-623,2019,3,295.3407025225,0.142,-62.1891822502,0.185,0.364
1937-101,2019,3,294.9885692354,0.25,-10.0448667827,0.541,-0.03
1938-202,2019,3,295.2387722576,0.211,-20.1141428247,0.346,0.2
1950-613,2019,3,298.7948778001,0.395,-61.2553157324,0.457,0.596
1951+355,2019,4,298.3786487679,0.156,35.6331553627,0.26,0.412
1954+513,2019,3,298.9280761883,0.09,51.530151645,0.113,-0.029
1954-388,2019,83,299.4992469548,0.208,-38.7517655155,0.27,-0.125
1958-179,2019,18,300.2378768658,0.123,-17.816020173,0.175,0.2
2000+148,2019,11,300.6749968133,0.112,15.0207149874,0.191,-0.283
2000+472,2019,67,300.5434094078,0.056,47.4246593694,0.061,-0.052
2002-375,2019,13,301.4794620518,0.201,-37.3948550675,0.487,-0.135
2005+403,2019,3,301.9372699375,0.318,40.496834571,0.364,0.248
2005-474,2019,3,302.1957108532,0.916,-47.2873164127,0.543,0.117
2005-489,2019,4,302.3557948571,0.227,-48.8315890386,0.349,0.497
2008-159,2019,79,302.8154621833,0.093,-15.777848264,0.107,0.017
2013+163,2019,34,304.0577501298,0.088,16.5428091883,0.103,0.028
2018-453,2019,4,305.610054334,0.237,-45.2248749448,0.639,-0.117
2019-202,2019,3,305.5753464865,0.318,-20.1172999588,0.872,-0.162
2024-223,2019,3,306.7786684921,0.193,-22.136513324,0.299,0.503
2029+024,2019,6,307.94687961,0.195,2.6603565511,0.153,0.26
2029+121,2019,4,307.9791427015,0.11,12.3281499676,0.14,-0.168
2033-219,2019,3,309.2132196082,0.147,-21.7768749635,0.29,-0.23
2034-155,2019,4,309.3664055946,0.149,-15.3668063534,0.214,0.054
2036-034,2019,3,309.7916036205,0.476,-3.2873381962,1.059,-0.436
2037+216,2019,3,309.8950346021,0.17,21.8693563721,0.283,-0.076
2037-253,2019,9,310.0365538064,0.146,-25.1296288264,0.35,-0.54
2040-225,2019,3,310.7386525937,0.482,-22.3908096596,0.642,0.61
2042-191,2019,4,311.348894287,0.15,-18.9815354598,0.243,-0.007
2044-168,2019,3,311.831945877,0.147,-16.6516229893,0.338,-0.386
2046-194,2019,4,312.4262233901,0.17,-19.2513198253,0.359,-0.299
2052-474,2019,75,314.0681659058,0.338,-47.2465632868,0.402,-0.271
2056-369,2019,3,314.9233205557,0.248,-36.7651704543,0.703,-0.306
2059+034,2019,65,315.4118089534,0.079,3.6920335851,0.11,-0.036
2101-490,2019,6,316.2548253212,0.179,-48.8129230604,0.378,0.277
2102-659,2019,3,316.748841935,0.423,-65.7954407314,0.484,-0.239
2105-489,2019,5,317.2116543827,0.395,-48.7726727241,0.659,-0.266
2106+143,2019,5,317.1709672887,0.182,14.507503563,0.225,-0.138
2106-413,2019,4,317.3882858144,0.212,-41.1723903974,0.341,0.087
2111+400,2019,5,318.3728592971,0.297,40.2142743259,0.364,-0.1
2112-556,2019,3,319.1242340995,0.28,-55.4556790006,0.54,0.632
2113+293,2019,74,318.8725560248,0.063,29.5606574692,0.09,0.107
2117-614,2019,4,320.2669762812,1.245,-61.1901734892,1.185,0.777
2121+053,2019,13,320.9354891363,0.127,5.5894702608,0.22,0.242
2121+547,2019,6,320.7721392749,0.206,55.0075903467,0.234,-0.324
2123-463,2019,5,321.6279344374,0.231,-46.0966365792,0.274,-0.078
2126-158,2019,56,322.3007328932,0.097,-15.6447339115,0.186,0.21
2128-123,2019,7,322.8969239699,0.181,-12.1179990754,0.103,0.54
2128-208,2019,3,322.7561493209,0.65,-20.615599211,0.793,-0.571
2131-021,2019,6,323.5429565795,0.099,-1.8881219277,0.111,-0.15
2133-069,2019,3,324.092951758,0.306,-6.7311383694,0.16,0.2
2136+141,2019,12,324.7554552922,0.056,14.3933311942,0.051,0.001
2136-190,2019,3,324.6977043772,0.238,-18.8251871135,0.341,0.321
2141+175,2019,23,325.8981023587,0.091,17.7302187768,0.095,-0.11
2142-758,2019,9,326.8030441807,0.23,-75.6036735122,0.218,0.254
2143-156,2019,22,326.5957471957,0.099,-15.4288571164,0.234,-0.349
2144+092,2019,22,326.792345712,0.06,9.4962978448,0.079,-0.09
2145+067,2019,16,327.0227443763,0.091,6.9607233852,0.078,-0.229
2145+082,2019,6,326.9800807082,0.218,8.5033045275,0.146,0.325
2146-783,2019,3,328.0131439577,0.213,-78.1185108851,0.225,0.415
2149+056,2019,18,327.9078145288,0.068,5.8702651602,0.143,0.05
2150+173,2019,5,328.1034140906,0.176,17.5771653124,0.148,0.045
2152-699,2019,9,329.2749188431,0.273,-69.6899124498,0.286,0.231
2154-135,2019,5,329.2624013114,0.143,-13.3174902291,0.184,-0.138
2155+312,2019,21,329.3700995187,0.119,31.450375486,0.118,0.015
2155-152,2019,6,329.526174637,0.067,-15.0192577348,0.088,0.131
2155-304,2019,13,329.7169380098,0.215,-30.2255883122,0.301,-0.127
2157-200,2019,3,330.0323414276,0.275,-19.7631535993,0.236,0.115
2158-167,2019,4,330.2286620451,0.158,-16.5424174862,0.216,0.049
2201+315,2019,3,330.8123991809,0.91,31.7606305601,0.518,0.21
2204-540,2019,6,331.9322221258,0.141,-53.7760610652,0.254,0.248
2208-137,2019,8,332.8504144262,0.136,-13.4693677812,0.272,-0.003
2209+236,2019,21,333.0248596601,0.112,23.9279288295,0.117,0.013
2210-257,2019,8,333.260408214,0.236,-25.491689018,0.613,-0.649
2211-132,2019,3,333.6107636114,0.152,-12.9617999672,0.188,-0.069
2214+350,2019,54,334.083374583,0.083,35.3039389571,0.135,-0.114
2214-151,2019,3,334.2144703807,0.162,-14.8711688328,0.267,0.261
2215+020,2019,3,334.4509913885,0.402,2.3363089072,0.292,-0.175
2215+150,2019,29,334.5454745915,0.069,15.3432548449,0.079,0.014
2216+178,2019,3,334.8087186338,0.088,18.1098835252,0.15,-0.073
2216-038,2019,9,334.7168238414,0.117,-3.5935775275,0.247,-0.028
2216-126,2019,3,334.7811996842,0.128,-12.361071289,0.206,0.226
2220-119,2019,3,335.7333543238,0.151,-11.7406601013,0.285,0.383
2220-163,2019,3,335.9215529057,0.214,-16.118103566,0.286,-0.395
2220-351,2019,6,335.7747107043,0.243,-34.929771704,0.657,-0.556
2227-088,2019,78,337.4170180437,0.071,-8.5484543197,0.065,-0.043
2227-136,2019,4,337.5637754054,0.121,-13.4285844383,0.148,0.068
2229+695,2019,77,337.6519569493,0.051,69.7744658089,0.049,0.019
2232-488,2019,11,338.8051524344,0.17,-48.5996651171,0.316,0.083
2234+282,2019,10,339.0936284557,0.064,28.4826147054,0.056,0.324
2236-572,2019,5,339.8003163271,0.148,-57.0168998676,0.228,0.056
2237-088,2019,3,340.0558693677,0.214,-8.6079860874,0.331,-0.432
2237-110,2019,5,340.1048577539,0.158,-10.7394277278,0.186,0.272
2237-124,2019,3,340.1079237001,0.16,-12.1591684794,0.208,0.049
2243-123,2019,7,341.5759665512,0.174,-12.1142435969,0.172,0.33
2244-372,2019,12,341.7663222731,0.194,-36.9628622574,0.463,-0.035
2245-091,2019,3,341.9674716725,0.139,-8.839466286,0.233,-0.27
2245-328,2019,6,342.1611905943,0.219,-32.5978301889,0.624,-0.503
2247-131,2019,3,342.4983853234,0.139,-12.8546734559,0.159,0.231
2250+194,2019,15,343.2807048366,0.082,19.709619065,0.15,-0.238
2254+074,2019,10,344.3220963582,0.153,7.7200840441,0.158,0.085
2255-282,2019,115,344.5248453216,0.14,-27.972571272,0.173,0.492
2306-312,2019,3,347.3097141889,0.313,-30.9868288921,0.443,-0.293
2307+106,2019,11,347.6188239356,0.151,10.9251935174,0.235,0.078
2309+454,2019,56,347.9475373436,0.079,45.7322267962,0.082,-0.285
2309-014,2019,3,348.0931721919,0.206,-1.1568727291,0.426,-0.254
2317-007,2019,3,350.1122291942,0.403,-0.4586683962,1.147,-0.711
2318+049,2019,57,350.1869024371,0.066,5.2305424413,0.084,0.019
2319+317,2019,46,350.4789832878,0.128,32.0687840268,0.205,0.1
2319+444,2019,10,350.5848253053,0.087,44.7617649078,0.092,-0.101
2321-065,2019,3,350.9129740304,0.131,-6.2997889292,0.216,-0.116
2322-040,2019,3,351.2927419892,0.142,-3.7463095738,0.332,-0.073
2325+093,2019,3,351.889919002,0.228,9.6692951766,0.094,-0.176
2325-150,2019,5,351.9498512703,0.145,-14.7988195643,0.344,-0.089
2326-068,2019,4,352.163390315,0.195,-6.5744618249,0.342,0.155
2326-477,2019,8,352.3237680859,0.151,-47.5053097759,0.296,-0.135
2329+009,2019,3,353.0000601888,0.309,1.2530271581,0.583,-0.185
2329-415,2019,6,353.0793678592,0.266,-41.3104394907,0.271,0.305
2331-240,2019,6,353.4801575987,0.14,-23.7279607682,0.246,-0.334
2332-531,2019,6,353.6871530267,0.117,-52.8554531282,0.306,0.449
2333-528,2019,4,354.0506022542,0.201,-52.6060974757,0.349,0.567
2335-018,2019,3,354.4551466824,0.315,-1.5927770351,0.724,-0.422
2335-027,2019,41,354.4889127987,0.116,-2.5160081079,0.178,-0.007
2335-181,2019,4,354.4859489973,0.085,-17.8723360732,0.223,-0.288
2336-083,2019,3,354.7301629945,0.196,-8.0274930463,0.134,0.357
2345+061,2019,3,357.1323777454,0.136,6.4166060808,0.194,-0.195
2346-049,2019,3,357.292358995,0.102,-4.634274755,0.146,-0.266
2351-154,2019,3,358.6258132992,0.177,-15.2197814349,0.119,-0.071
2353+816,2019,7,359.0949743024,0.091,81.8811819912,0.092,-0.011
2353-686,2019,9,359.0028395943,0.181,-68.3342979042,0.209,-0.027
2355-106,2019,81,359.5453433439,0.09,-10.3357254112,0.085,-0.042
2355-534,2019,13,359.4719417987,0.194,-53.1871360294,0.247,0.03
2356+196,2019,5,359.6920212258,0.177,19.9223061031,0.183,0.056
2356+385,2019,27,359.8882532873,0.059,38.8450884798,0.082,-0.145
2357-318,2019,14,359.8978814435,0.15,-31.5621734911,0.183,0.008
2358+189,2019,6,0.2859231985,0.099,19.2427226712,0.173,-0.207
