iers_name,year,num_ses,ra,ra_err,dec,dec_err,ra_dec_corr
0014+813,1995,59,4.2853119624,0.11,81.5855934588,0.116,0.029
0016+731,1995,7,4.9407766096,0.112,73.458338129,0.113,-0.032
0048-097,1995,127,12.6721557492,0.147,-9.4847806092,0.23,-0.14
0059+581,1995,125,15.6906765516,0.079,58.4030935565,0.083,-0.062
0104-408,1995,61,16.6879498257,0.395,-40.5722112219,0.525,0.753
0106+013,1995,13,17.1615462873,0.282,1.5834214931,0.328,-0.034
0119+041,1995,51,20.4869237379,0.095,4.373537315,0.168,-0.243
0201+113,1995,29,30.9444043896,0.206,11.5792804746,0.336,-0.068
0202+149,1995,57,31.2100579038,0.103,15.2364009512,0.125,-0.058
0202-172,1995,4,31.2403097893,0.577,-17.0221778116,0.516,-0.088
0208-512,1995,29,32.6925017132,0.259,-51.0171921559,0.337,-0.027
0212+735,1995,4,34.3783892641,0.094,73.8257282567,0.113,0.097
0215+015,1995,3,34.4539781183,0.123,1.7471386526,0.272,-0.259
0220-349,1995,3,35.7350068171,0.343,-34.6913140297,0.396,0.084
0229+131,1995,88,37.9412252101,0.11,13.3818656344,0.155,-0.104
0234+285,1995,3,39.468357024,0.169,28.8024973006,0.258,-0.458
0235+164,1995,14,39.6622087622,0.159,16.6164651508,0.207,-0.146
0302+625,1995,3,46.6777479798,0.313,62.7172289026,0.377,-0.156
0308-611,1995,7,47.4837464209,0.227,-60.9775156867,0.295,0.311
0402-362,1995,26,60.9739579266,0.306,-36.0838647431,0.419,0.698
0420-014,1995,12,65.8158363245,0.205,-1.3425181756,0.333,-0.429
0434-188,1995,3,69.2561779081,0.343,-18.746836845,1.174,-0.001
0437-454,1995,3,69.7535611223,0.318,-45.3729339772,0.77,0.227
0438-436,1995,3,70.0715832561,0.253,-43.5523899601,0.571,0.201
0440+345,1995,5,70.8818133372,0.095,34.6851844455,0.127,0.046
0454-234,1995,127,74.2632467809,0.208,-23.4144500356,0.323,-0.119
0457+024,1995,3,74.9668778182,0.397,2.4919933569,0.461,-0.574
0458-020,1995,127,75.3033745493,0.154,-1.9872933968,0.206,-0.158
0516-621,1995,6,79.1871922161,0.279,-62.1181636461,0.46,-0.084
0528+134,1995,116,82.7350697749,0.105,13.5319859564,0.153,-0.149
0530-727,1995,14,82.3751759047,0.645,-72.7579188032,0.989,-0.335
0537-441,1995,53,84.7098397272,0.148,-44.0858164515,0.186,0.147
0552+398,1995,141,88.8783567463,0.071,39.8136569474,0.083,-0.085
0556+238,1995,5,89.8834714667,0.15,23.8983130442,0.215,-0.115
0605-085,1995,3,91.9987468635,0.382,-8.580549672,0.511,0.297
0607-157,1995,3,92.4206231392,0.393,-15.7112979618,0.229,-0.343
0636+680,1995,3,100.517739337,0.192,67.9765613315,0.204,0.001
0637-752,1995,34,98.9437831152,0.162,-75.2713376142,0.181,-0.004
0642+449,1995,59,101.6334416454,0.126,44.8546083824,0.142,-0.08
0648-165,1995,3,102.602424285,0.319,-16.6277019946,1.219,0.273
0716+714,1995,3,110.4727020874,0.165,71.3434342795,0.189,-0.011
0727-115,1995,146,112.5796352965,0.139,-11.6868335347,0.176,-0.116
0735+178,1995,10,114.5308072684,0.144,17.7052772885,0.164,0.056
0738-674,1995,3,114.735401014,0.293,-67.5974516315,0.385,0.071
0742+103,1995,5,116.3877481115,0.127,10.1868588141,0.224,-0.598
0749+540,1995,24,118.25576911,0.073,53.8832325211,0.074,-0.021
0804+499,1995,109,122.1652762358,0.094,49.8434806926,0.106,-0.03
0805+410,1995,22,122.2360501928,0.076,40.8791357989,0.086,0.069
0818-128,1995,3,125.2393650486,0.604,-12.983102765,1.063,-0.574
0820+560,1995,4,126.1968180776,0.171,55.8785192875,0.154,0.033
0823+033,1995,63,126.4597431809,0.099,3.1568111198,0.176,-0.235
0919-260,1995,33,140.3723078864,0.249,-26.3120516906,0.646,-0.032
0920+390,1995,21,140.8102206316,0.245,38.8277527981,0.322,-0.012
0920-397,1995,10,140.6934092699,0.53,-39.9930743025,1.17,0.103
0954+658,1995,6,149.696854694,0.126,65.5652272327,0.131,-0.101
0955+476,1995,103,149.5819652604,0.101,47.4188451221,0.102,-0.067
1004+141,1995,6,151.9229087296,0.17,13.9415556986,0.32,0.01
1034-293,1995,59,159.3169989321,0.199,-29.5674482081,0.257,-0.166
1038+064,1995,3,160.3215104902,0.167,6.1713675398,0.329,-0.306
1038+52A,1995,10,160.4449235014,0.168,52.5578419549,0.212,0.144
1044+719,1995,57,162.1150830544,0.082,71.726649542,0.08,0.001
1053+704,1995,3,164.2234063984,0.23,70.1960877618,0.326,0.163
1053+815,1995,11,164.5480642226,0.218,81.2424097364,0.194,0.16
1057-797,1995,22,164.6804573842,0.315,-80.0650443914,0.244,0.208
1101-536,1995,7,165.9675903518,0.239,-53.9501934246,0.41,0.301
1104-445,1995,25,166.7862254651,0.38,-44.8187829297,0.381,-0.518
1124-186,1995,16,171.7683017946,0.202,-18.9548449767,0.242,-0.395
1128+385,1995,98,172.7220109387,0.107,38.2551519236,0.134,-0.049
1130+009,1995,3,173.333565954,0.288,0.6813437555,0.633,-0.475
1144-379,1995,44,176.7557112947,0.207,-38.2030621062,0.235,0.458
1145-071,1995,7,176.964808558,0.243,-7.4114280926,0.375,0.024
1156+295,1995,4,179.8826413828,0.093,29.2455074923,0.174,-0.193
1213-172,1995,3,183.9447990833,0.267,-17.5292786567,0.424,0.238
1219+044,1995,110,185.5939567806,0.14,4.2210489055,0.218,-0.18
1219+285,1995,3,185.3820438306,0.347,28.2329166899,0.271,-0.269
1226+373,1995,3,187.1975987804,0.335,37.1033598054,0.399,-0.383
1244-255,1995,3,191.6950084836,0.347,-25.7970248053,1.39,0.234
1255-316,1995,11,194.4960867651,0.383,-31.9213477569,0.506,-0.549
1300+580,1995,19,195.7186053846,0.099,57.8104470204,0.107,-0.04
1308+326,1995,142,197.619432696,0.081,32.3454952225,0.1,-0.093
1308+328,1995,3,197.7475114422,0.252,32.5595692529,0.35,-0.424
1313-333,1995,3,199.0332748083,0.252,-33.6497701485,0.807,0.253
1334-127,1995,122,204.4157616216,0.14,-12.9568592809,0.195,-0.128
1342+663,1995,3,206.0361652017,0.18,66.1032343812,0.281,0.163
1351-018,1995,26,208.5287304978,0.228,-2.1008863244,0.415,-0.003
1357+769,1995,118,209.4807148002,0.098,76.7225141594,0.098,-0.015
1402+044,1995,5,211.2546658877,0.123,4.2599497711,0.274,-0.243
1424-418,1995,16,216.9845732755,0.329,-42.1053992742,0.62,0.253
1451-400,1995,8,223.6371348809,0.414,-40.2090318146,0.613,-0.1
1504-166,1995,4,226.7699456149,0.302,-16.8750742531,0.633,-0.402
1508+572,1995,9,227.5121765242,0.162,57.0453821783,0.208,0.053
1510-089,1995,4,228.2105539244,0.142,-9.0999526482,0.328,-0.133
1514-241,1995,7,229.424221425,0.24,-24.3720766217,0.399,-0.073
1519-273,1995,3,230.6569833195,0.295,-27.502996092,1.363,0.45
1546+027,1995,4,237.3726534862,0.145,2.6169897937,0.264,-0.042
1557+032,1995,5,239.8790525669,0.307,3.0800715307,0.691,-0.198
1606+106,1995,130,242.1925132288,0.12,10.4854932624,0.157,-0.178
1610-771,1995,30,244.4553183382,0.19,-77.2884631459,0.203,0.07
1611+343,1995,49,243.4211010233,0.126,34.2133080589,0.169,-0.142
1614+051,1995,7,244.1564867034,0.231,4.9924268624,0.441,-0.104
1622-253,1995,105,246.4453818382,0.169,-25.4606463786,0.235,0.199
1622-297,1995,5,246.5250868802,0.366,-29.8574920769,0.617,0.382
1637+574,1995,3,249.5560677632,0.174,57.3399940953,0.119,-0.02
1642+690,1995,3,250.5327020345,0.12,68.9443768262,0.151,0.132
1657-261,1995,3,255.2214751643,0.713,-26.1810344993,2.359,-0.866
1705+018,1995,3,256.8933969646,0.127,1.8126941004,0.299,-0.186
1706-174,1995,4,257.3931058474,0.336,-17.481490248,0.833,-0.186
1725+044,1995,3,262.1039696098,0.151,4.4513650242,0.3,-0.321
1726+455,1995,98,261.8652116766,0.128,45.511036436,0.142,-0.038
1739+522,1995,33,265.1540743141,0.103,52.1953909637,0.104,0.049
1741-038,1995,138,265.9952339015,0.114,-3.8346157712,0.149,-0.15
1745+624,1995,58,266.5584755247,0.136,62.4485384013,0.153,0.105
1749+096,1995,130,267.8867440537,0.124,9.6502023356,0.172,-0.042
1749+701,1995,3,267.136834534,0.246,70.097435748,0.314,-0.316
1758+388,1995,3,270.1031889947,0.175,38.8085271199,0.194,-0.099
1758-651,1995,3,270.8479026063,0.353,-65.1268781512,0.665,-0.003
1803+784,1995,22,270.1903495357,0.091,78.4677828862,0.097,-0.014
1815-553,1995,16,274.9391647125,1.229,-55.3557626592,0.832,-0.415
1823+568,1995,3,276.0294515339,0.079,56.8504140424,0.087,-0.048
1908-201,1995,3,287.7902203765,0.301,-20.1153080703,0.246,-0.24
1921-293,1995,109,291.2127331478,0.156,-29.2417002754,0.22,-0.069
1935-692,1995,3,295.106367328,0.625,-69.1324921324,1.179,0.337
1954-388,1995,29,299.4992470271,0.173,-38.7517655352,0.186,-0.076
1958-179,1995,39,300.237876838,0.116,-17.816020163,0.303,-0.091
2000-330,1995,3,300.850484514,0.507,-32.8625369284,0.99,0.078
2005+642,1995,3,301.573727243,0.2,64.4126160921,0.232,0.071
2007+777,1995,5,301.3791606383,0.077,77.8786798582,0.072,-0.161
2029+121,1995,3,307.9791428352,0.158,12.3281501272,0.295,0.192
2052-474,1995,11,314.068165808,0.402,-47.246563222,0.334,-0.731
2106-413,1995,4,317.388285838,0.414,-41.1723903587,0.647,0.176
2109-811,1995,4,319.1285242905,0.565,-80.8986730075,0.469,-0.218
2113+293,1995,3,318.8725559956,0.103,29.5606574622,0.143,-0.171
2121+053,1995,24,320.9354892093,0.125,5.5894703442,0.217,-0.12
2128-123,1995,66,322.8969240298,0.242,-12.1179988855,0.291,-0.113
2136+141,1995,3,324.7554551787,0.091,14.3933310843,0.134,0.051
2145+067,1995,145,327.0227444676,0.115,6.9607233783,0.147,-0.006
2201+315,1995,6,330.8123991426,0.092,31.7606305702,0.135,-0.032
2232-488,1995,5,338.8051524408,0.427,-48.5996650936,0.676,0.508
2234+282,1995,126,339.0936285508,0.123,28.4826147871,0.152,0.005
2243-123,1995,54,341.5759664599,0.214,-12.1142435762,0.326,-0.082
2255-282,1995,51,344.5248453222,0.163,-27.9725713494,0.416,0.063
2337+264,1995,3,355.1209560484,0.282,26.6991124503,0.358,0.073
2355-106,1995,3,359.5453433667,0.422,-10.3357257895,1.738,0.295
