iers_name,year,num_ses,ra,ra_err,dec,dec_err,ra_dec_corr
0003-066,1997,75,1.5578870055,0.1,-6.3931487436,0.242,-0.084
0008-264,1997,3,2.7551947262,0.117,-26.2092714328,0.336,-0.197
0013-005,1997,8,4.0462022567,0.231,-0.2534570665,0.438,-0.057
0014+813,1997,65,4.2853119576,0.054,81.5855934733,0.059,-0.025
0016+731,1997,5,4.9407767103,0.144,73.4583381341,0.118,-0.296
0019+058,1997,5,5.6351717282,0.258,6.1345191824,0.447,-0.233
0048-097,1997,112,12.6721557513,0.122,-9.4847806083,0.197,-0.097
0059+581,1997,121,15.6906765627,0.063,58.4030935219,0.071,-0.033
0104-408,1997,42,16.687949858,0.205,-40.5722111485,0.428,0.563
0106+013,1997,3,17.1615463354,0.115,1.5834216426,0.209,-0.856
0111+021,1997,31,18.4297705971,0.172,2.3714768157,0.314,-0.336
0119+041,1997,69,20.4869237395,0.13,4.3735373199,0.234,-0.321
0119+115,1997,40,20.423312662,0.077,11.8306703214,0.161,-0.028
0133+476,1997,54,24.2441450212,0.053,47.8580833586,0.066,-0.09
0135-247,1997,3,24.4097768665,0.083,-24.5149681366,0.207,-0.004
0146+056,1997,5,27.3432119837,0.147,5.9315468884,0.254,-0.377
0201+113,1997,47,30.9444043838,0.128,11.5792804899,0.239,-0.383
0202+149,1997,47,31.2100578775,0.083,15.2364009954,0.158,-0.193
0202+319,1997,3,31.2705223018,0.135,32.2083599027,0.173,-0.075
0202-172,1997,3,31.2403097262,0.118,-17.0221779917,0.311,-0.109
0208-512,1997,34,32.6925017184,0.262,-51.0171922183,0.313,0.552
0215+015,1997,3,34.4539781103,0.279,1.7471385916,0.705,-0.223
0221+067,1997,5,36.1184508327,0.188,6.9898171123,0.363,-0.23
0229+131,1997,116,37.9412251819,0.152,13.3818656361,0.231,-0.009
0234+285,1997,36,39.4683569805,0.06,28.802497241,0.101,-0.419
0235+164,1997,13,39.6622087714,0.282,16.6164651691,0.546,-0.136
0237-027,1997,3,39.9394677688,0.201,-2.5780316628,0.378,-0.139
0239+108,1997,10,40.6215452197,0.151,11.0168688874,0.274,-0.365
0256+075,1997,5,44.8628192474,0.184,7.7943454195,0.35,-0.183
0306+102,1997,8,47.2650978752,0.191,10.4878724691,0.338,-0.261
0338-214,1997,7,55.1483660796,0.132,-21.3253256114,0.344,-0.065
0402-362,1997,12,60.9739578964,0.1,-36.0838648408,0.279,0.187
0405-385,1997,3,61.7459805411,0.07,-38.4411228841,0.203,0.874
0409+229,1997,3,63.1819452538,0.417,23.0848480599,0.691,-0.59
0414-189,1997,3,64.1522685284,0.091,-18.8523166998,0.225,-0.084
0420-014,1997,10,65.8158363449,0.139,-1.3425181974,0.263,-0.338
0426+273,1997,5,67.4706698563,0.196,27.4105212229,0.268,-0.056
0430+289,1997,7,68.407624428,0.164,29.0987436138,0.27,-0.14
0434-188,1997,4,69.2561780954,0.105,-18.7468371794,0.261,-0.234
0454+844,1997,5,77.1765148146,0.209,84.5345956004,0.227,-0.213
0454-234,1997,87,74.2632467946,0.125,-23.4144500518,0.229,0.169
0457+024,1997,3,74.9668777363,0.15,2.4919933945,0.295,-0.053
0458-020,1997,117,75.3033745195,0.144,-1.9872934374,0.287,-0.255
0507+179,1997,4,77.5098712864,0.361,18.0115504792,0.557,0.046
0521-365,1997,4,80.7416028892,0.627,-36.4585694378,1.228,0.365
0528+134,1997,112,82.7350697883,0.077,13.5319859669,0.135,-0.084
0528-250,1997,3,82.5331782841,0.119,-25.0583054542,0.352,-0.296
0537-158,1997,3,84.8833755383,0.163,-15.8417560144,0.428,0.033
0537-441,1997,32,84.7098397747,0.195,-44.0858164261,0.309,0.534
0544+273,1997,6,86.8922872107,0.21,27.3657895317,0.33,-0.127
0552+398,1997,133,88.8783567255,0.06,39.8136569586,0.078,-0.037
0554+242,1997,4,89.2696399308,0.274,24.2320274114,0.348,0.348
0556+238,1997,37,89.8834714222,0.073,23.8983130555,0.124,-0.16
0637-752,1997,28,98.9437828942,0.227,-75.2713376586,0.185,0.072
0642+449,1997,60,101.6334416121,0.058,44.8546083754,0.076,-0.101
0657+172,1997,6,105.0063564393,0.213,17.1560281365,0.308,-0.204
0727-115,1997,128,112.5796352925,0.122,-11.6868334838,0.204,-0.199
0735+178,1997,9,114.530807316,0.193,17.7052772546,0.291,-0.01
0736+017,1997,5,114.8251412574,0.143,1.6179493974,0.239,-0.498
0742+103,1997,9,116.3877480699,0.049,10.1868588634,0.102,-0.34
0745+241,1997,7,117.1504553612,0.167,24.0066972487,0.249,-0.38
0749+540,1997,38,118.2557690888,0.076,53.8832325119,0.091,-0.018
0804+499,1997,73,122.1652762184,0.082,49.8434806655,0.102,-0.052
0805+410,1997,10,122.2360501817,0.152,40.8791357962,0.222,0.021
0823+033,1997,67,126.4597431484,0.13,3.1568110401,0.265,0.398
0827+243,1997,8,127.7170258271,0.147,24.1832834319,0.213,-0.129
0917+624,1997,19,140.4009629374,0.098,62.2644945088,0.109,-0.095
0919-260,1997,12,140.3723078179,0.1,-26.3120517929,0.268,0.039
0920+390,1997,4,140.8102204945,0.271,38.8277528465,0.444,-0.234
0920-397,1997,8,140.6934092593,0.18,-39.9930743276,0.593,-0.418
0925-203,1997,3,141.9659346514,0.107,-20.5808980834,0.311,-0.231
0952+179,1997,7,148.7367650545,0.188,17.7253393981,0.385,-0.121
0954+658,1997,5,149.6968545938,0.182,65.5652272157,0.242,-0.319
0955+476,1997,120,149.5819652382,0.077,47.4188451204,0.099,-0.021
1004+141,1997,59,151.9229086932,0.149,13.9415557787,0.241,-0.318
1022+194,1997,4,156.1867066437,0.262,19.2056709853,0.533,-0.213
1032-199,1997,3,158.7589804535,0.099,-20.1928776627,0.247,-0.1
1034-293,1997,92,159.3169989078,0.171,-29.5674481867,0.357,-0.011
1038+064,1997,8,160.3215104877,0.195,6.1713673974,0.439,-0.471
1038+52A,1997,28,160.4449235145,0.21,52.5578420398,0.269,-0.08
1039+811,1997,3,161.0960942195,0.139,80.9109563852,0.141,0.156
1044+719,1997,69,162.1150831865,0.05,71.7266494965,0.054,-0.036
1045-188,1997,4,162.0275858956,0.105,-19.1599240886,0.258,-0.168
1055+018,1997,6,164.6233550116,0.141,1.566339876,0.282,-0.421
1057-797,1997,25,164.6804576542,0.184,-80.065044421,0.181,0.111
1101+384,1997,31,166.1138081258,0.098,38.2088330678,0.137,-0.113
1104-445,1997,3,166.7862256205,0.672,-44.8187831608,2.858,-0.062
1111+149,1997,3,168.4945628732,0.22,14.707486847,0.417,-0.309
1124-186,1997,51,171.7683019213,0.117,-18.9548449293,0.305,0.319
1128+385,1997,100,172.7220109119,0.088,38.2551519102,0.125,-0.044
1144+402,1997,5,176.7429079706,0.138,39.9761957208,0.195,-0.139
1144-379,1997,43,176.7557113066,0.187,-38.203062142,0.347,0.502
1145-071,1997,16,176.964808479,0.099,-7.4114281449,0.227,-0.307
1156+295,1997,61,179.8826413055,0.11,29.2455074775,0.184,-0.132
1213-172,1997,3,183.944799084,0.079,-17.5292787384,0.177,-0.082
1219+044,1997,82,185.5939567735,0.129,4.2210488966,0.288,-0.348
1219+285,1997,3,185.3820438963,0.247,28.23291665,0.324,-0.224
1221+809,1997,3,185.9187242776,0.18,80.667872336,0.154,0.039
1222+037,1997,5,186.2184247802,0.176,3.5139702216,0.29,-0.767
1226-028,1997,4,187.1538220569,0.543,-3.0775865918,0.981,0.215
1236+077,1997,3,189.8524512636,0.35,7.5047747724,0.471,-0.256
1243-072,1997,7,191.5176337894,0.167,-7.5129374997,0.342,-0.575
1244-255,1997,3,191.6950083751,0.096,-25.7970244946,0.261,-0.143
1255-316,1997,26,194.4960867252,0.15,-31.9213476898,0.437,0.708
1300+580,1997,30,195.7186053891,0.103,57.8104470023,0.135,-0.011
1302-102,1997,6,196.3875625701,0.19,-10.5553969171,0.371,-0.583
1308+326,1997,103,197.6194327181,0.097,32.3454952568,0.117,-0.134
1308+328,1997,7,197.7475114256,0.261,32.5595692108,0.375,-0.131
1313-333,1997,12,199.0332747966,0.115,-33.6497701313,0.361,-0.277
1334-127,1997,116,204.4157615921,0.112,-12.9568592972,0.247,-0.292
1351-018,1997,36,208.5287305075,0.154,-2.1008862788,0.308,-0.063
1352-104,1997,7,208.6938278439,0.295,-10.6840713113,0.747,-0.51
1354-152,1997,6,209.2968540773,0.133,-15.4579964861,0.304,-0.719
1354-174,1997,4,209.2753092261,0.185,-17.7338624269,0.403,-0.341
1357+769,1997,105,209.4807147014,0.07,76.7225141565,0.07,0.004
1406-076,1997,6,212.2353383293,0.182,-7.8740740485,0.416,-0.589
1418+546,1997,22,214.9441558575,0.069,54.3874408508,0.075,-0.154
1424-418,1997,38,216.9845731755,0.183,-42.1053993258,0.464,0.556
1435-218,1997,3,219.5394557283,0.104,-22.0818746561,0.26,-0.063
1451-375,1997,12,223.6142073554,0.153,-37.7925402772,0.47,0.003
1504-166,1997,10,226.769945732,0.105,-16.8750741645,0.247,-0.793
1508+572,1997,9,227.5121765376,0.185,57.0453821466,0.205,0.08
1508-055,1997,3,227.7232975861,0.315,-5.7187269061,0.76,-0.365
1510-089,1997,7,228.2105539398,0.161,-9.0999528645,0.325,-0.422
1514-241,1997,26,229.4242214102,0.074,-24.3720767379,0.216,-0.554
1519-273,1997,10,230.6569832414,0.091,-27.5029958999,0.233,-0.865
1555+001,1997,13,239.464308207,0.232,-0.0306704839,0.448,-0.422
1557+032,1997,4,239.8790524288,0.401,3.080071508,1.038,-0.526
1600+335,1997,3,240.5302643962,0.185,33.448075624,0.249,-0.024
1606+106,1997,120,242.1925132792,0.091,10.4854932627,0.137,-0.195
1610-771,1997,28,244.455318693,0.219,-77.2884631972,0.269,0.078
1611+343,1997,45,243.4211010209,0.056,34.2133080625,0.082,-0.12
1614+051,1997,8,244.1564867105,0.188,4.9924267809,0.349,-0.561
1622-253,1997,41,246.4453818629,0.104,-25.4606464332,0.294,-0.397
1622-297,1997,5,246.5250870088,0.42,-29.8574919577,0.574,-0.912
1637+574,1997,6,249.5560679097,0.104,57.3399941629,0.148,0.242
1657-261,1997,7,255.2214752777,0.109,-26.1810347659,0.27,-0.908
1705+018,1997,3,256.8933968785,0.317,1.8126944469,0.626,-0.527
1706-174,1997,3,257.3931057942,0.145,-17.4814903211,0.36,-0.016
1726+455,1997,81,261.8652116881,0.129,45.5110364584,0.138,0.057
1739+522,1997,70,265.154074357,0.063,52.1953909548,0.075,0.017
1741-038,1997,128,265.9952338761,0.097,-3.8346157467,0.14,-0.236
1745+624,1997,61,266.558475544,0.088,62.4485384086,0.095,0.158
1749+096,1997,90,267.8867440359,0.093,9.6502023601,0.176,-0.176
1758+388,1997,3,270.1031890401,0.263,38.8085270518,0.351,-0.111
1803+784,1997,66,270.1903495658,0.057,78.4677828889,0.056,0.009
1815-553,1997,18,274.9391648878,1.505,-55.3557625775,0.524,0.659
1817-254,1997,3,275.2410362853,0.213,-25.4701621436,0.597,0.107
1823+568,1997,18,276.0294515463,0.138,56.8504140865,0.168,0.118
1830+285,1997,3,278.2091067294,0.172,28.5599875184,0.255,-0.264
1849+670,1997,10,282.3169678623,0.142,67.0949111682,0.142,0.031
1908-201,1997,33,287.7902203788,0.075,-20.1153080084,0.217,-0.441
1920-211,1997,4,290.8841242136,0.277,-21.0759259634,0.428,0.064
1921-293,1997,80,291.212733148,0.134,-29.2417003454,0.212,0.178
1928+738,1997,4,291.9520631588,0.134,73.9671027737,0.135,-0.114
1936-155,1997,9,294.8610739439,0.117,-15.4286273698,0.253,-0.227
1937-101,1997,3,294.9885690211,0.189,-10.0448670385,0.421,-0.25
1954-388,1997,52,299.4992469693,0.171,-38.7517654736,0.305,0.341
1958-179,1997,55,300.2378768462,0.196,-17.8160201555,0.316,0.327
2000-330,1997,3,300.8504843625,1.207,-32.8625364819,1.485,-0.746
2007+777,1997,4,301.3791607307,0.11,77.8786798713,0.103,-0.133
2008-159,1997,12,302.8154621908,0.138,-15.7778483901,0.323,-0.018
2037-253,1997,3,310.0365538432,0.155,-25.1296286775,0.423,-0.109
2052-474,1997,8,314.0681659157,0.449,-47.24656322,0.563,-0.224
2113+293,1997,15,318.8725560572,0.137,29.5606575149,0.21,-0.27
2121+053,1997,7,320.9354891829,0.451,5.5894702945,0.435,-0.173
2126-158,1997,33,322.3007329239,0.128,-15.6447335582,0.288,-0.829
2128-123,1997,27,322.8969239716,0.261,-12.117998824,0.578,0.288
2136+141,1997,38,324.7554552466,0.081,14.3933311664,0.143,-0.421
2143-156,1997,3,326.5957471362,0.117,-15.4288571988,0.298,-0.003
2145+067,1997,122,327.0227445463,0.096,6.9607233558,0.165,-0.198
2149+056,1997,7,327.9078145106,0.218,5.8702650632,0.402,-0.112
2155-152,1997,6,329.5261746248,0.134,-15.0192576533,0.29,0.038
2201+315,1997,10,330.8123990977,0.156,31.7606305369,0.223,0.198
2216-038,1997,5,334.7168238356,0.245,-3.5935775796,0.716,-0.188
2227-088,1997,6,337.4170180624,0.291,-8.5484542533,0.548,-0.204
2234+282,1997,90,339.0936284495,0.17,28.4826147557,0.224,0.346
2243-123,1997,57,341.5759665424,0.086,-12.1142438362,0.224,-0.632
2255-282,1997,53,344.5248453158,0.14,-27.9725712703,0.339,0.738
2318+049,1997,16,350.186902476,0.178,5.2305423907,0.414,-0.696
2320-035,1997,6,350.8831406363,0.196,-3.2847288297,0.429,-0.414
2331-240,1997,3,353.4801575922,0.189,-23.7279605117,0.436,-0.43
2351-154,1997,3,358.6258132369,0.128,-15.2197813367,0.275,-0.371
2355-106,1997,4,359.5453433402,0.139,-10.3357252629,0.291,-0.55
2356+385,1997,16,359.8882532729,0.147,38.8450884759,0.231,-0.183
