iers_name,year,num_ses,ra,ra_err,dec,dec_err,ra_dec_corr
0002-478,2004,3,1.1485644285,0.348,-47.6054454795,0.646,0.631
0003-066,2004,80,1.5578870283,0.117,-6.3931486946,0.206,0.035
0014+813,2004,114,4.2853119331,0.117,81.5855935098,0.126,-0.03
0021+243,2004,3,6.1138772378,0.349,24.6572858873,0.307,-0.024
0039+230,2004,3,10.518938151,0.097,23.3336283138,0.143,-0.127
0047-579,2004,4,12.4978045908,0.311,-57.6409277711,0.338,0.044
0048-097,2004,26,12.6721557747,0.123,-9.4847806123,0.187,-0.188
0059+581,2004,133,15.6906765767,0.053,58.4030935138,0.061,-0.031
0104-408,2004,25,16.6879498881,0.194,-40.5722111954,0.297,-0.091
0106+013,2004,50,17.1615463166,0.108,1.5834214886,0.116,-0.01
0107-610,2004,3,17.3144801414,0.397,-60.8301277267,0.562,0.227
0119+041,2004,9,20.4869237114,0.163,4.3735373039,0.264,-0.535
0119+115,2004,90,20.4233126568,0.112,11.8306703045,0.262,-0.128
0130-171,2004,4,23.1811977378,0.423,-16.9134783211,0.275,0.191
0131-522,2004,4,23.2740106675,0.274,-52.0010960791,0.444,0.583
0133+476,2004,128,24.2441449939,0.063,47.8580833716,0.081,-0.055
0159+723,2004,5,30.889103992,0.147,72.5482408923,0.169,-0.055
0201+113,2004,51,30.9444043523,0.171,11.5792805482,0.309,-0.187
0202+149,2004,67,31.2100578566,0.19,15.2364010763,0.296,-0.289
0208-512,2004,38,32.692501736,0.181,-51.0171921554,0.248,-0.039
0220-349,2004,4,35.7350069037,0.161,-34.6913138394,0.475,0.25
0229+131,2004,66,37.9412252386,0.119,13.3818656519,0.188,-0.083
0230-790,2004,6,37.3956108461,0.286,-78.7960005491,0.333,-0.027
0235+164,2004,53,39.6622087866,0.068,16.6164651702,0.114,-0.023
0237-027,2004,3,39.9394677494,0.07,-2.5780317867,0.16,-0.042
0252-549,2004,4,43.3715848625,0.258,-54.6976211442,0.377,0.456
0308-611,2004,3,47.4837464262,0.749,-60.9775157391,0.691,0.554
0319+121,2004,3,50.4712646034,0.199,12.3538759226,0.193,0.019
0400-319,2004,3,60.5886083561,0.483,-31.7905403469,0.749,0.38
0402-362,2004,22,60.9739578793,0.156,-36.0838648137,0.204,0.261
0405-385,2004,26,61.74598055,0.155,-38.4411228033,0.279,-0.258
0406+121,2004,6,62.3417029348,0.168,12.2944021977,0.272,-0.216
0426+273,2004,5,67.4706698459,0.105,27.4105212034,0.221,0.24
0430+289,2004,5,68.4076244122,0.094,29.0987436532,0.179,0.086
0434-188,2004,11,69.2561781306,0.281,-18.746836818,0.703,-0.616
0438-436,2004,7,70.0715832189,0.183,-43.5523900939,0.503,0.317
0451-282,2004,6,73.3110282867,0.12,-28.1270352382,0.305,0.536
0454+844,2004,21,77.1765146419,0.132,84.5345955696,0.139,-0.032
0454-234,2004,123,74.2632467856,0.164,-23.4144500777,0.15,-0.108
0454-810,2004,5,72.5226683569,0.322,-81.0172864784,0.239,0.32
0458-020,2004,83,75.3033744937,0.138,-1.9872934126,0.171,-0.251
0506+101,2004,3,77.3644044456,0.05,10.1957222151,0.117,-0.139
0506-612,2004,4,76.6832862436,0.343,-61.1613871978,0.34,0.163
0516-621,2004,4,79.1871925674,0.29,-62.1181636751,0.305,0.185
0528+134,2004,71,82.7350698064,0.077,13.531985999,0.135,0.086
0530-727,2004,5,82.3751755953,0.219,-72.757918703,0.204,0.123
0534-340,2004,3,84.1184677814,0.785,-34.0198529032,2.781,0.99
0537-286,2004,4,84.9761726974,0.199,-28.6655411422,0.33,-0.61
0537-441,2004,73,84.7098397878,0.186,-44.0858163674,0.231,-0.042
0547+234,2004,9,87.697462119,0.332,23.4467157929,0.388,-0.09
0552+398,2004,142,88.8783567468,0.061,39.8136569514,0.08,-0.028
0556+238,2004,42,89.8834713751,0.114,23.8983129793,0.222,0.055
0601+245,2004,19,91.229672418,0.151,24.4986212211,0.227,-0.051
0602+673,2004,75,91.9694650959,0.061,67.3487250112,0.077,-0.143
0607-157,2004,84,92.4206230832,0.117,-15.7112979869,0.101,-0.066
0611+131,2004,3,93.4903864216,0.119,13.1126112946,0.276,0.063
0636+680,2004,5,100.5177392551,0.122,67.9765613946,0.145,0.026
0642+449,2004,109,101.6334416791,0.06,44.8546083781,0.081,-0.034
0646-306,2004,3,102.0587352205,0.583,-30.7387942392,0.892,0.577
0648-165,2004,3,102.6024243742,0.386,-16.6277014264,0.414,0.679
0656+082,2004,43,104.8249834995,0.206,8.2252647698,0.418,-0.635
0722+145,2004,3,111.320032305,0.259,14.420485163,0.257,-0.104
0727-115,2004,153,112.5796353442,0.123,-11.686833491,0.117,-0.124
0738-674,2004,3,114.735400956,0.315,-67.5974517489,0.314,0.391
0743+259,2004,100,116.6078090776,0.126,25.817259661,0.191,-0.17
0743-673,2004,4,115.8817144387,0.436,-67.4404295184,0.239,0.113
0745+241,2004,3,117.1504553209,0.068,24.0066971678,0.109,0.013
0748+126,2004,55,117.7168572726,0.195,12.5180078139,0.257,-0.169
0749+540,2004,58,118.2557690652,0.075,53.883232521,0.1,0.083
0804+499,2004,63,122.1652762146,0.169,49.8434806803,0.206,-0.172
0805+410,2004,37,122.2360501934,0.124,40.8791357762,0.185,-0.049
0808+019,2004,18,122.861280484,0.103,1.7811722743,0.214,-0.221
0823+033,2004,64,126.4597431418,0.1,3.1568110995,0.213,0.123
0826-373,2004,5,127.0199174765,0.287,-37.5184114237,0.866,0.616
0827+243,2004,3,127.7170258073,0.119,24.1832834176,0.123,0.041
0834-201,2004,3,129.1633968232,0.398,-20.2831956489,0.224,-0.213
0920+390,2004,4,140.8102205745,0.09,38.8277527904,0.169,0.019
0920-397,2004,3,140.6934094934,0.133,-39.9930744422,0.556,0.057
0925-203,2004,4,141.9659346127,0.151,-20.5808979166,0.3,-0.309
0955+476,2004,125,149.5819651569,0.065,47.4188451167,0.082,0.013
1004+141,2004,3,151.9229088195,0.186,13.9415557488,0.264,0.011
1004-500,2004,4,151.5583722813,0.273,-50.3037418709,0.474,0.587
1022-665,2004,5,155.9313882468,0.296,-66.7801995442,0.346,0.364
1023+131,2004,36,156.4845224287,0.306,12.8969505112,0.334,-0.306
1030+074,2004,5,158.3917679795,0.355,7.1905965906,0.323,0.34
1032-199,2004,5,158.7589804884,0.495,-20.1928776783,0.438,0.592
1034-293,2004,30,159.3169988845,0.171,-29.5674481569,0.298,-0.0
1038+52A,2004,3,160.4449235375,0.084,52.5578419985,0.15,0.072
1044+719,2004,67,162.1150830209,0.067,71.7266496095,0.09,-0.09
1048-313,2004,3,162.7699064559,0.248,-31.6373077135,0.33,-0.434
1053+704,2004,4,164.2234064607,0.08,70.1960876429,0.078,0.464
1053+815,2004,78,164.5480642661,0.093,81.2424097683,0.098,0.105
1057-797,2004,14,164.680457512,0.198,-80.0650443991,0.172,0.2
1101+384,2004,25,166.1138081133,0.114,38.2088330424,0.212,-0.098
1101-536,2004,4,165.9675903481,0.273,-53.9501933701,0.423,0.475
1116+128,2004,6,169.7387559533,0.16,12.5782549443,0.167,0.059
1116-462,2004,3,169.6123237548,1.584,-46.570833796,0.81,-0.362
1121+238,2004,3,171.0112745461,0.438,23.6127416342,0.692,-0.465
1124-186,2004,84,171.7683019042,0.121,-18.9548449414,0.137,-0.105
1128+385,2004,59,172.7220109187,0.069,38.2551519142,0.102,0.049
1129-580,2004,3,172.9303671031,0.409,-58.3148451981,0.56,-0.643
1144-379,2004,22,176.7557113761,0.203,-38.2030620055,0.331,0.051
1147+245,2004,3,177.5800507178,0.088,24.2982875447,0.135,-0.062
1156+295,2004,95,179.8826412948,0.09,29.245507432,0.148,0.098
1213-172,2004,6,183.944798939,0.073,-17.5292786209,0.196,0.113
1219+044,2004,26,185.5939567625,0.129,4.2210488558,0.339,0.002
1221+809,2004,4,185.9187239403,0.078,80.6678723125,0.082,0.076
1237-101,2004,4,189.9294227753,0.059,-10.391303591,0.131,-0.033
1243-072,2004,3,191.517633754,0.088,-7.512937379,0.214,0.279
1244-255,2004,3,191.6950085636,0.06,-25.7970247201,0.149,-0.292
1251-713,2004,4,193.7496729759,0.248,-71.6384546151,0.278,0.237
1255-316,2004,52,194.49608676,0.159,-31.9213477635,0.242,0.08
1300+580,2004,113,195.7186053311,0.073,57.8104469955,0.087,0.072
1302-102,2004,10,196.3875624926,0.315,-10.5553971313,0.581,-0.08
1307+121,2004,32,197.3913852239,0.318,11.9068202752,0.333,0.109
1308+326,2004,110,197.6194327384,0.113,32.3454952562,0.169,-0.083
1313-333,2004,5,199.0332748259,0.122,-33.6497701375,0.367,-0.089
1318+225,2004,4,200.2966773346,0.364,22.2700300448,0.874,-0.134
1334-127,2004,116,204.4157616019,0.158,-12.9568592783,0.15,-0.114
1351-018,2004,45,208.5287305372,0.112,-2.1008862697,0.248,-0.013
1352-104,2004,3,208.6938278891,0.369,-10.6840711407,0.382,0.53
1354-152,2004,5,209.2968540959,0.073,-15.4579963519,0.146,-0.113
1357+769,2004,110,209.4807147632,0.074,76.7225141433,0.072,-0.002
1417+385,2004,36,214.9442240409,0.095,38.3634652856,0.141,0.077
1418+546,2004,44,214.944155848,0.09,54.3874408496,0.116,-0.103
1423+146,2004,5,216.4542417568,0.205,14.4158060412,0.261,-0.057
1424-418,2004,18,216.9845732542,0.231,-42.1053993586,0.343,0.142
1435-218,2004,4,219.5394558059,0.087,-22.0818745885,0.196,0.175
1451-375,2004,17,223.6142074712,0.233,-37.792540243,0.405,-0.067
1504+377,2004,3,226.5397082212,0.123,37.5142034169,0.171,-0.162
1508+572,2004,3,227.5121765741,0.146,57.0453821576,0.202,0.709
1510-089,2004,3,228.2105538153,0.074,-9.0999526782,0.189,-0.249
1511-476,2004,3,228.6667691508,0.505,-47.8082936853,0.839,0.603
1514-241,2004,4,229.4242214363,0.083,-24.3720766732,0.272,0.683
1519-273,2004,63,230.6569833117,0.159,-27.5029959795,0.158,-0.092
1522+155,2004,18,231.1733811453,0.291,15.3558474854,0.687,-0.253
1546+027,2004,3,237.372653578,0.147,2.6169897919,0.263,0.158
1555+001,2004,3,239.4643082252,0.095,-0.0306705321,0.22,-0.094
1557+032,2004,4,239.8790525916,0.118,3.0800713702,0.271,0.052
1606+106,2004,131,242.1925132945,0.089,10.4854932476,0.11,-0.14
1610-771,2004,13,244.4553186302,0.221,-77.2884631523,0.209,0.148
1611+343,2004,123,243.4211010196,0.064,34.2133080037,0.088,-0.023
1619-680,2004,3,246.0768208138,0.29,-68.1534712038,0.27,0.121
1622-253,2004,101,246.4453818343,0.185,-25.4606463373,0.183,-0.01
1622-297,2004,6,246.5250868198,0.334,-29.8574920125,0.27,-0.124
1633-810,2004,3,250.7389400483,0.396,-81.143075081,0.546,0.33
1642+690,2004,3,250.5327021356,0.057,68.9443768009,0.058,0.181
1657-562,2004,5,255.4369087842,0.267,-56.3655284546,0.465,0.299
1659-621,2004,5,255.9022554283,0.391,-62.2111133638,0.457,0.604
1705+135,2004,3,256.9401553338,0.177,13.5181203031,0.355,-0.159
1706-174,2004,6,257.3931057443,0.542,-17.4814905838,1.096,0.392
1726+455,2004,100,261.8652116674,0.123,45.5110364754,0.135,0.064
1734+363,2004,3,263.9503608748,0.14,36.2793365326,0.147,0.373
1739+522,2004,107,265.1540743558,0.06,52.1953909244,0.072,0.008
1741-038,2004,153,265.9952338837,0.099,-3.834615778,0.098,-0.081
1745+624,2004,47,266.5584755719,0.132,62.4485384151,0.141,0.355
1749+096,2004,152,267.886744053,0.082,9.6502023424,0.104,-0.043
1758+388,2004,5,270.1031889678,0.083,38.8085270644,0.122,0.044
1758-651,2004,5,270.8479026513,0.285,-65.126878224,0.308,0.343
1803+784,2004,50,270.1903495646,0.044,78.4677828828,0.044,0.007
1806+456,2004,3,272.0911911498,0.137,45.7057960858,0.288,0.067
1806-458,2004,5,272.4911322555,0.506,-45.8780595889,0.973,-0.268
1815-553,2004,11,274.9391648067,0.339,-55.3557625982,0.236,0.051
1903-802,2004,4,288.1667462168,0.346,-80.1683185816,0.386,0.431
1908-201,2004,46,287.7902203745,0.14,-20.1153080447,0.281,-0.075
1920-211,2004,10,290.8841241718,0.446,-21.0759258867,0.338,-0.531
1921-293,2004,26,291.2127331826,0.138,-29.2417003839,0.321,0.557
1923+210,2004,76,291.498355635,0.121,21.1072672073,0.139,0.12
1929+226,2004,4,292.8538199125,0.072,22.7253496368,0.112,0.065
1933-400,2004,5,294.3175721873,0.52,-39.9670983886,1.109,0.737
1935-692,2004,4,295.1063675538,0.275,-69.1324921087,0.331,0.135
1936-155,2004,5,294.8610739695,0.14,-15.4286273626,0.27,-0.043
1954-388,2004,45,299.4992469777,0.23,-38.7517655223,0.269,-0.037
1958-179,2004,54,300.2378768415,0.111,-17.8160201526,0.125,-0.032
2005-489,2004,3,302.3557943238,3.534,-48.8315890676,2.199,0.961
2029+121,2004,6,307.979142798,0.114,12.3281501247,0.195,0.234
2052-474,2004,6,314.0681656056,0.312,-47.2465635061,0.379,0.273
2102-659,2004,3,316.7488405862,5.281,-65.7954422999,2.684,-0.015
2106+143,2004,3,317.1709672735,0.116,14.5075034664,0.287,0.166
2106-413,2004,7,317.3882856012,0.253,-41.172390245,0.765,0.634
2109-811,2004,4,319.1285251609,0.482,-80.8986731432,0.28,-0.359
2113+293,2004,32,318.8725560412,0.098,29.5606574773,0.172,-0.013
2121+053,2004,55,320.9354891483,0.087,5.5894702907,0.11,-0.043
2126-158,2004,33,322.3007329236,0.184,-15.644733672,0.383,-0.483
2128-123,2004,25,322.8969238803,0.127,-12.1179990175,0.28,0.363
2131-021,2004,3,323.5429566486,0.642,-1.8881217804,0.486,0.416
2136+141,2004,107,324.7554552501,0.112,14.393331195,0.164,-0.17
2142-758,2004,4,326.8030435285,0.302,-75.6036736769,0.316,0.262
2145+067,2004,32,327.0227443992,0.084,6.9607234653,0.152,-0.167
2149+056,2004,57,327.9078145475,0.198,5.870265137,0.459,-0.376
2155-304,2004,3,329.716938029,0.408,-30.2255884473,0.293,-0.2
2201+315,2004,93,330.8123991008,0.16,31.7606305468,0.202,-0.007
2204-540,2004,7,331.9322221212,0.258,-53.7760610305,0.399,0.51
2209+236,2004,12,333.0248595496,0.155,23.9279287738,0.204,0.006
2216-038,2004,3,334.7168238522,0.145,-3.5935776328,0.624,0.077
2227-088,2004,3,337.4170180795,0.082,-8.548454312,0.185,0.014
2232-488,2004,5,338.805152191,0.492,-48.5996652565,0.702,0.435
2234+282,2004,48,339.09362859,0.116,28.4826148511,0.148,0.258
2235+731,2004,4,339.1608208565,0.162,73.3812950912,0.193,0.305
2243-123,2004,43,341.5759665574,0.166,-12.1142435418,0.324,-0.109
2254+074,2004,4,344.3220963389,0.106,7.7200840553,0.225,0.04
2255-282,2004,43,344.5248453464,0.155,-27.9725713551,0.354,0.748
2300-683,2004,4,345.9315191584,0.222,-68.127067469,0.231,0.327
2302+232,2004,11,346.1518183619,0.194,23.51878086,0.368,-0.314
2318+049,2004,87,350.1869024356,0.128,5.2305423903,0.17,-0.07
2320-035,2004,3,350.8831405496,1.422,-3.2847290665,0.781,0.523
2325-150,2004,3,351.9498506214,2.458,-14.7988207578,1.866,0.918
2326-477,2004,5,352.323768056,0.284,-47.5053096828,0.47,0.582
2329-162,2004,3,352.9110520344,0.158,-15.9491693393,0.193,0.021
2329-384,2004,3,352.9978172981,0.903,-38.1965700492,2.52,0.989
2353-686,2004,5,359.0028389288,0.281,-68.3342977333,0.275,0.126
2355-106,2004,4,359.5453433824,0.197,-10.3357252782,0.475,0.122
2356+385,2004,31,359.8882533344,0.112,38.8450883916,0.163,-0.256
