iers_name,year,num_ses,ra,ra_err,dec,dec_err,ra_dec_corr
0003-066,2009,70,1.5578869971,0.233,-6.393148744,0.465,0.054
0008-264,2009,3,2.7551947564,0.327,-26.2092714537,0.174,0.242
0010+405,2009,3,3.3797091674,0.072,40.8603177803,0.126,-0.267
0014+813,2009,21,4.2853118793,0.065,81.5855935282,0.069,0.043
0016+731,2009,20,4.9407764672,0.04,73.4583382221,0.041,-0.047
0019+058,2009,12,5.6351716931,0.106,6.134519143,0.161,0.238
0035+413,2009,3,9.603514956,0.064,41.6183334047,0.102,0.001
0035-252,2009,12,9.5613979381,0.116,-24.9839542103,0.196,0.026
0048-097,2009,22,12.6721557588,0.109,-9.4847806456,0.15,0.068
0048-427,2009,11,12.7895909049,0.252,-42.4425815154,0.207,-0.163
0055-059,2009,10,14.5211096342,0.106,-5.6645216664,0.131,0.034
0059+581,2009,49,15.6906765761,0.042,58.4030934987,0.046,-0.01
0104-408,2009,77,16.687949851,0.217,-40.5722111914,0.228,0.278
0106+013,2009,65,17.1615462839,0.162,1.5834214672,0.245,0.118
0109+224,2009,22,18.0242696497,0.114,22.7441073672,0.18,0.005
0110+495,2009,3,18.3625284019,0.056,49.8066786217,0.093,-0.035
0111+021,2009,5,18.4297706973,0.261,2.3714767069,0.217,0.095
0115-214,2009,12,19.4532505196,0.283,-21.1851758819,0.213,0.343
0116-219,2009,4,19.738592429,0.268,-21.6917055179,0.215,-0.37
0119+041,2009,7,20.4869236553,0.124,4.3735373111,0.173,-0.211
0119+115,2009,19,20.4233126764,0.068,11.830670465,0.155,-0.021
0130-171,2009,3,23.1811977741,0.348,-16.9134783107,0.232,-0.36
0133+476,2009,101,24.2441450006,0.051,47.8580833626,0.06,-0.018
0134+311,2009,25,24.2863901342,0.126,31.3766265375,0.228,0.324
0135-247,2009,3,24.409776771,0.137,-24.5149681783,0.104,0.163
0138-097,2009,3,25.3576340582,0.109,-9.4787983689,0.173,-0.376
0149+218,2009,3,28.0752459959,0.098,22.1188054869,0.158,-0.066
0150-334,2009,3,28.2921738494,0.719,-33.1738505071,0.405,-0.37
0151+474,2009,3,28.7345411899,0.072,47.7240388067,0.09,-0.046
0159+723,2009,3,30.8891038719,0.049,72.5482409348,0.045,0.105
0201+113,2009,5,30.9444043896,0.166,11.579280442,0.301,-0.093
0202+149,2009,8,31.210057899,0.087,15.2364009946,0.199,0.105
0202+319,2009,3,31.2705223049,0.06,32.2083598914,0.101,-0.014
0206+136,2009,3,32.3999929719,0.211,13.8668755175,0.3,0.413
0208-512,2009,30,32.6925017527,0.404,-51.0171921351,0.428,-0.502
0215+015,2009,14,34.4539781203,0.075,1.7471386268,0.12,-0.012
0221+067,2009,4,36.118450806,0.083,6.989817087,0.206,-0.311
0227-369,2009,18,37.3685376989,0.222,-36.7324506437,0.192,-0.159
0229+131,2009,12,37.9412252308,0.092,13.3818656823,0.143,0.014
0234+285,2009,3,39.468356959,0.068,28.8024972304,0.086,-0.257
0234-301,2009,3,39.1298726488,0.379,-29.8987612809,0.269,-0.295
0235+164,2009,79,39.6622087687,0.079,16.6164651667,0.11,-0.049
0237-027,2009,18,39.9394677741,0.121,-2.5780317871,0.169,0.081
0237-233,2009,3,40.0340595412,0.499,-23.1543695883,0.32,-0.125
0239+175,2009,4,40.6011177687,0.334,17.7163471139,0.327,-0.078
0256-005,2009,12,44.8688172877,0.113,-0.3333265149,0.147,0.264
0300+470,2009,3,45.8968425561,0.08,47.2711876911,0.109,0.19
0302+625,2009,3,46.6777481017,0.052,62.7172289713,0.072,0.175
0306+102,2009,3,47.2650979026,0.151,10.487872565,0.206,-0.126
0307+380,2009,15,47.7078330339,0.074,38.2482882976,0.113,-0.044
0308-611,2009,20,47.4837464754,0.143,-60.977515624,0.191,0.172
0322+222,2009,17,51.4033931183,0.084,22.4001015984,0.137,0.068
0332+078,2009,4,53.722152765,0.227,8.0040053535,0.312,0.283
0332-403,2009,7,53.556893665,0.12,-40.1403883241,0.175,-0.364
0338-214,2009,14,55.1483660924,0.163,-21.3253255952,0.234,0.004
0340+362,2009,5,55.8706350275,0.15,36.3701193288,0.224,0.379
0345+460,2009,19,57.3280899051,0.068,46.1665716358,0.086,-0.034
0346-279,2009,13,57.1589357299,0.174,-27.8204349169,0.169,-0.135
0347-211,2009,11,57.4909444736,0.148,-21.0465948689,0.123,0.232
0358+210,2009,7,60.4381919972,0.092,21.1746075199,0.159,0.269
0405-123,2009,3,61.9517957346,0.102,-12.1935164939,0.23,-0.02
0405-385,2009,12,61.7459804898,0.395,-38.4411228191,0.504,-0.683
0406-127,2009,3,62.2740405734,0.321,-12.6467065934,0.161,-0.151
0414-189,2009,9,64.1522685766,0.181,-18.8523167315,0.168,-0.158
0415+398,2009,12,64.8439563699,0.099,39.9247159898,0.12,0.01
0420+022,2009,6,65.7175610424,0.082,2.3241474772,0.088,0.187
0420+417,2009,3,65.9833741174,0.048,41.834086958,0.068,-0.065
0420-014,2009,10,65.8158363735,0.071,-1.342518238,0.093,-0.049
0422+004,2009,7,66.1951752416,0.081,0.6017582135,0.181,0.034
0422-380,2009,10,66.1760155392,0.306,-37.9391067341,0.262,0.126
0426+273,2009,3,67.4706699087,0.088,27.4105211932,0.196,-0.083
0430+289,2009,14,68.4076244261,0.097,29.0987436555,0.131,0.167
0434-188,2009,7,69.2561781279,0.23,-18.7468366793,1.061,0.118
0436-129,2009,9,69.6459208674,0.145,-12.8509330857,0.308,0.123
0437-454,2009,3,69.7535612231,0.482,-45.3729342545,0.314,-0.704
0442+389,2009,5,71.5478918132,0.188,39.0047499802,0.369,0.569
0446+112,2009,12,72.2819628935,0.111,11.3579434737,0.165,-0.224
0451-282,2009,3,73.3110282791,0.368,-28.1270351294,0.256,-0.608
0454+844,2009,40,77.1765148222,0.13,84.5345956069,0.164,-0.014
0454-234,2009,82,74.2632467274,0.166,-23.4144500666,0.18,-0.243
0457+024,2009,3,74.9668777719,0.225,2.4919935747,0.201,0.338
0458-020,2009,64,75.3033744854,0.18,-1.9872934547,0.22,0.024
0506+101,2009,8,77.3644044407,0.096,10.1957223116,0.164,0.106
0506-612,2009,7,76.6832862933,0.343,-61.161387176,0.366,-0.704
0507+179,2009,3,77.5098714115,0.122,18.0115505088,0.25,-0.06
0515+208,2009,10,79.5159354973,0.086,20.9145825967,0.162,0.118
0521-365,2009,4,80.7416027457,0.167,-36.4585699169,0.266,-0.482
0524+034,2009,9,81.8862726808,0.128,3.5254212663,0.21,-0.163
0528+134,2009,65,82.7350697474,0.124,13.5319860012,0.213,0.149
0529+483,2009,20,83.3161074676,0.054,48.3813355137,0.072,-0.026
0534-340,2009,8,84.1184681095,0.283,-34.0198523653,0.295,0.2
0536+145,2009,13,84.9265249683,0.134,14.562656016,0.174,0.328
0537-286,2009,18,84.9761728609,0.126,-28.6655411148,0.11,-0.07
0537-441,2009,92,84.7098398352,0.174,-44.0858164041,0.181,0.08
0539-057,2009,3,85.4086806688,0.303,-5.6970635732,0.323,0.456
0544+273,2009,6,86.8922871672,0.059,27.3657896126,0.113,-0.006
0548+378,2009,7,88.0747371993,0.157,37.9070228711,0.194,0.098
0552+398,2009,30,88.8783567053,0.049,39.81365693,0.07,0.039
0556+238,2009,4,89.8834713591,0.13,23.898312944,0.219,0.046
0602+673,2009,88,91.9694651061,0.071,67.3487250292,0.095,-0.131
0606-223,2009,18,92.2486951418,0.136,-22.3391546418,0.099,0.082
0607-157,2009,84,92.4206231196,0.137,-15.7112979917,0.149,-0.099
0613+570,2009,5,94.3205106915,0.268,57.0212286894,0.284,-0.216
0615+820,2009,3,96.5125263553,0.071,82.0404355441,0.089,-0.072
0627-199,2009,5,97.3490078175,0.12,-19.988812131,0.157,-0.27
0632-235,2009,6,98.7458374887,0.104,-23.5866548462,0.197,-0.281
0637-752,2009,26,98.9437825877,0.319,-75.2713376123,0.227,-0.279
0641+392,2009,14,101.2237900311,0.098,39.2465371727,0.139,0.142
0642+449,2009,82,101.6334417213,0.054,44.8546083962,0.068,-0.005
0646-306,2009,6,102.0587351466,0.338,-30.7387943245,0.291,-0.132
0648-165,2009,12,102.6024244189,0.088,-16.6277015222,0.106,-0.145
0656+082,2009,73,104.8249834793,0.164,8.2252648479,0.325,-0.111
0657+172,2009,13,105.0063564137,0.051,17.1560281564,0.077,-0.077
0700-197,2009,8,105.6787527982,0.277,-19.8561209673,0.326,0.677
0707+476,2009,3,107.6921037354,0.103,47.5364285685,0.163,-0.253
0714+457,2009,11,109.4660517245,0.058,45.6342391655,0.077,-0.094
0716+714,2009,18,110.472702041,0.033,71.3434342922,0.038,-0.02
0723+219,2009,5,111.5594197334,0.123,21.8889205876,0.2,0.069
0723-008,2009,3,111.4609999195,0.308,-0.9157067617,0.225,-0.328
0727-115,2009,122,112.5796353086,0.101,-11.6868335183,0.104,-0.134
0729+259,2009,8,113.2344802719,0.124,25.8107765502,0.188,0.145
0738+491,2009,9,115.5114540076,0.07,49.0043358222,0.105,-0.051
0743+259,2009,58,116.6078090872,0.111,25.8172596277,0.176,0.101
0743+277,2009,6,116.6684679772,0.055,27.5830686529,0.106,0.015
0748+126,2009,11,117.7168572524,0.055,12.5180078617,0.069,0.048
0749+540,2009,70,118.2557690369,0.086,53.8832325378,0.105,0.372
0754+100,2009,3,119.2776789715,0.048,9.9430145165,0.121,-0.044
0759+183,2009,9,120.7001332132,0.114,18.1636803692,0.184,-0.011
0800+618,2009,15,121.3257482208,0.049,61.7399168177,0.07,-0.109
0804+499,2009,13,122.16527623,0.065,49.8434806644,0.073,-0.146
0805+410,2009,34,122.2360502257,0.106,40.8791358376,0.161,0.294
0808+019,2009,13,122.8612805121,0.083,1.7811722581,0.128,0.043
0812+367,2009,3,123.8581036024,0.084,36.5875413581,0.167,-0.286
0823+033,2009,77,126.4597431442,0.117,3.1568111019,0.284,0.311
0827+243,2009,4,127.7170258509,0.061,24.1832833819,0.094,-0.022
0831+557,2009,3,128.7287670134,0.428,55.5725195744,0.456,0.01
0847-120,2009,17,132.5401484297,0.114,-12.2264933984,0.134,-0.019
0854-108,2009,17,134.1741839586,0.121,-11.0873417903,0.147,-0.009
0859+470,2009,3,135.7666255302,0.053,46.8511492889,0.085,0.052
0912+029,2009,22,138.6579726622,0.078,2.7664574533,0.177,-0.049
0920+390,2009,7,140.8102205825,0.09,38.8277528195,0.127,0.17
0920-397,2009,13,140.69340937,0.339,-39.9930746395,0.386,-0.263
0925-203,2009,17,141.9659346117,0.146,-20.5808978753,0.195,-0.035
0943+105,2009,6,146.6461247856,0.257,10.2850373599,0.761,0.897
0945+408,2009,3,147.2305755667,0.065,40.6623853077,0.085,-0.189
0949+354,2009,3,148.133442289,0.077,35.214556224,0.149,0.137
0952+179,2009,3,148.7367650695,0.091,17.7253395432,0.186,-0.016
0954+658,2009,3,149.6968546903,0.07,65.5652272388,0.072,-0.032
0955+326,2009,3,149.5872902026,0.1,32.4006137611,0.13,-0.086
0955+476,2009,43,149.5819651731,0.05,47.4188451071,0.061,0.006
0958+346,2009,4,150.299788418,0.136,34.4140164511,0.179,0.138
1004+141,2009,3,151.9229086877,0.062,13.9415557306,0.141,-0.28
1004-500,2009,4,151.5583721147,0.977,-50.3037417979,0.492,-0.841
1011+250,2009,3,153.4726199108,0.215,24.8212335809,0.267,0.192
1012+232,2009,3,153.6961060973,0.055,23.0212696365,0.112,-0.147
1013+054,2009,21,154.0130686553,0.099,5.217316998,0.165,-0.07
1013+127,2009,3,153.9334308761,0.281,12.4519639387,0.346,0.584
1015+057,2009,12,154.6160345455,0.125,5.508322766,0.153,0.363
1015+359,2009,7,154.5457837916,0.104,35.7109558499,0.176,0.027
1027-186,2009,4,157.3879069706,0.268,-18.8806359198,0.375,0.481
1032-199,2009,4,158.7589804613,0.098,-20.1928777152,0.195,-0.378
1034-293,2009,82,159.3169989016,0.242,-29.567448192,0.218,-0.624
1034-374,2009,3,159.2226651015,0.589,-37.7375184156,0.364,-0.52
1038+52A,2009,3,160.4449235336,0.116,52.5578420749,0.22,-0.064
1039+811,2009,3,161.0960935712,0.065,80.9109564055,0.079,-0.071
1040+244,2009,9,160.787649098,0.062,24.1431692389,0.07,0.158
1044+719,2009,78,162.1150830473,0.073,71.7266495988,0.091,-0.279
1045-188,2009,4,162.0275858487,0.106,-19.1599241195,0.209,0.28
1048-313,2009,3,162.76990658,0.713,-31.6373076263,0.358,-0.394
1049+215,2009,3,162.9532877537,0.12,21.3311983609,0.229,-0.122
1053+704,2009,17,164.2234063559,0.064,70.196087699,0.062,-0.215
1053+815,2009,17,164.5480641787,0.05,81.2424097409,0.053,0.064
1055+018,2009,3,164.6233549997,0.089,1.5663399276,0.139,-0.049
1056+212,2009,4,164.9126778534,0.282,20.9560988526,0.223,-0.134
1057-797,2009,43,164.6804574338,0.182,-80.0650444137,0.174,-0.041
1059+282,2009,6,165.5595352789,0.392,27.9524137819,0.457,-0.114
1101+384,2009,4,166.1138081307,0.055,38.2088330276,0.098,-0.15
1111+149,2009,11,168.4945628478,0.074,14.7074868563,0.166,-0.145
1123+264,2009,3,171.4737996841,0.071,26.1722163205,0.082,-0.1
1124-186,2009,88,171.7683018909,0.143,-18.9548449568,0.164,-0.061
1128+385,2009,74,172.7220108951,0.086,38.2551519291,0.126,0.04
1130+009,2009,3,173.3335658513,0.155,0.6813436311,0.289,0.49
1133-032,2009,14,174.1024038834,0.089,-3.5081935315,0.222,-0.087
1143-245,2009,3,176.5337637808,0.421,-24.792471181,0.264,-0.335
1144+402,2009,16,176.7429080211,0.054,39.9761956463,0.078,0.0
1144-379,2009,84,176.7557112894,0.208,-38.2030621166,0.198,-0.17
1145+268,2009,9,176.9990162844,0.08,26.5950923633,0.15,0.044
1145-071,2009,3,176.9648085859,0.096,-7.4114280985,0.138,-0.157
1147+245,2009,3,177.5800507952,0.101,24.2982875407,0.157,0.103
1149-084,2009,20,178.0717062963,0.115,-8.684253884,0.093,-0.003
1150+497,2009,3,178.3519443524,0.082,49.5191194413,0.115,0.208
1156+295,2009,21,179.8826413397,0.054,29.2455074628,0.075,0.06
1212+171,2009,7,183.7665797294,0.093,16.9105434977,0.125,0.216
1213-172,2009,4,183.9447990534,0.077,-17.5292786899,0.102,-0.202
1219+044,2009,24,185.5939567846,0.094,4.2210489484,0.263,0.112
1226+373,2009,8,187.1975986633,0.076,37.1033599495,0.129,-0.01
1236+077,2009,3,189.8524513559,0.134,7.5047746586,0.164,-0.19
1243-072,2009,4,191.5176338044,0.054,-7.5129374607,0.132,-0.223
1243-160,2009,6,191.4739261332,0.179,-16.2793625301,0.231,0.239
1244-255,2009,16,191.6950085296,0.189,-25.79702474,0.157,-0.09
1252+119,2009,3,193.6593982354,0.088,11.6849707896,0.141,-0.251
1255-177,2009,12,194.6595904953,0.154,-18.0008679462,0.266,-0.04
1255-316,2009,14,194.4960867867,0.123,-31.9213477024,0.397,0.039
1257+145,2009,3,195.0871617672,0.145,14.2884808266,0.325,0.121
1300+580,2009,19,195.7186053437,0.054,57.8104470252,0.066,0.052
1306+360,2009,8,197.0987880653,0.052,35.7769899849,0.09,-0.132
1308+326,2009,58,197.6194326953,0.225,32.3454952377,0.267,0.001
1308+328,2009,9,197.7475114157,0.07,32.5595693057,0.097,0.055
1308+554,2009,4,197.7633783765,0.078,55.2317562192,0.122,-0.012
1324+224,2009,19,201.7535888141,0.052,22.1806007648,0.079,-0.024
1327+504,2009,5,202.2741779691,0.144,50.1573335893,0.166,-0.246
1334-127,2009,77,204.4157615601,0.15,-12.9568592784,0.138,-0.15
1342+662,2009,16,205.9414983152,0.045,66.0404847343,0.048,0.052
1342+663,2009,3,206.0361650049,0.068,66.1032343402,0.057,0.076
1348+308,2009,3,207.7197342495,0.291,30.5815528717,0.297,0.593
1351-018,2009,43,208.5287305354,0.132,-2.1008862134,0.407,0.295
1352-104,2009,13,208.6938278872,0.158,-10.6840711596,0.155,-0.039
1354-152,2009,5,209.2968540644,0.103,-15.4579963706,0.127,-0.004
1354-174,2009,3,209.2753089324,0.777,-17.7338625393,0.544,0.204
1357+769,2009,71,209.4807147533,0.066,76.7225141607,0.069,0.005
1402-012,2009,3,211.1912312114,0.582,-1.5060964454,0.377,-0.136
1406-076,2009,3,212.2353383311,0.101,-7.8740740162,0.246,-0.588
1406-267,2009,10,212.4590408631,0.12,-26.9602722424,0.327,0.119
1412-368,2009,3,213.8584011008,1.107,-37.0908250254,0.823,-0.527
1417+273,2009,3,214.9970710983,0.091,27.1070979817,0.135,0.044
1417+385,2009,4,214.9442240292,0.079,38.3634652934,0.117,0.112
1418+546,2009,80,214.944155865,0.07,54.3874408589,0.079,-0.031
1424+366,2009,3,216.6545311826,0.103,36.4193259626,0.153,0.17
1424-418,2009,44,216.9845732186,0.237,-42.105399373,0.249,-0.4
1428+370,2009,5,217.6690987083,0.087,36.817746863,0.119,0.176
1432+200,2009,13,218.665805681,0.125,19.8668710313,0.236,0.36
1441+252,2009,13,220.9870507845,0.087,25.0290251618,0.123,0.195
1443-162,2009,3,221.4724012073,0.411,-16.4837830735,0.255,-0.225
1451-375,2009,11,223.614207407,0.343,-37.7925401501,0.307,-0.091
1456+044,2009,12,224.747317576,0.122,4.2705056642,0.219,0.149
1459+480,2009,3,225.2027259291,0.078,47.8543161392,0.119,0.088
1502+036,2009,14,226.2769881669,0.125,3.4418923575,0.171,0.033
1502+106,2009,4,226.1040824397,0.054,10.4942217611,0.083,0.085
1504-166,2009,3,226.7699457543,0.507,-16.8750742015,0.313,-0.386
1510-089,2009,3,228.2105538332,0.178,-9.0999526588,0.167,-0.039
1514+197,2009,3,229.2366506844,0.055,19.5369422646,0.112,-0.161
1514-241,2009,3,229.4242213996,0.084,-24.3720767046,0.222,-0.469
1519-273,2009,26,230.6569832825,0.165,-27.5029959638,0.184,-0.233
1519-294,2009,6,230.6061932831,0.614,-29.6070085741,0.28,0.001
1520+319,2009,12,230.541632216,0.091,31.7373283162,0.117,0.088
1520+437,2009,22,230.456724491,0.068,43.6109078066,0.096,0.071
1532+016,2009,3,233.7185569968,0.11,1.5178351274,0.133,0.136
1546+027,2009,18,237.3726535011,0.079,2.6169897598,0.145,-0.049
1550-242,2009,5,238.3817825376,0.407,-24.3683431916,0.622,-0.01
1555+001,2009,9,239.4643082058,0.104,-0.0306705016,0.178,-0.105
1557+032,2009,3,239.8790526307,0.139,3.0800712647,0.209,-0.096
1602-115,2009,9,241.3230485747,0.134,-11.6574530971,0.251,0.229
1604-333,2009,3,241.894842946,0.838,-33.5191425457,0.476,-0.472
1606+106,2009,81,242.1925132648,0.108,10.4854932686,0.145,0.062
1608+243,2009,4,242.6751115067,0.114,24.2469476196,0.183,0.185
1611+343,2009,84,243.4211009958,0.067,34.2133079899,0.087,0.037
1614+051,2009,3,244.1564867377,0.076,4.9924267782,0.127,0.009
1615+029,2009,5,244.457950549,0.437,2.7786401415,1.066,0.078
1616+063,2009,5,244.7653653195,0.127,6.2172896652,0.243,-0.164
1617+229,2009,19,244.8117691627,0.106,22.7966253132,0.146,-0.324
1622-253,2009,70,246.4453817995,0.268,-25.4606463412,0.189,-0.084
1623+578,2009,14,246.1033648693,0.139,57.6878557988,0.14,-0.055
1636+473,2009,7,249.4380439862,0.084,47.292730801,0.109,-0.021
1639+230,2009,16,250.3551148749,0.076,22.9511201726,0.138,-0.08
1639-062,2009,5,250.5090737702,0.2,-6.3565819096,0.16,0.837
1642+690,2009,3,250.5327021041,0.052,68.9443766838,0.052,-0.052
1651+391,2009,5,253.2437899131,0.071,39.0471728414,0.127,0.099
1656-075,2009,7,254.6835916702,0.118,-7.6549149893,0.238,0.145
1657-261,2009,20,255.221475249,0.155,-26.1810348168,0.204,-0.212
1659+399,2009,4,255.352645053,0.081,39.9103032078,0.103,0.037
1705+018,2009,12,256.8933969715,0.106,1.8126942207,0.235,0.199
1706-174,2009,3,257.3931058242,0.17,-17.4814903302,0.214,-0.336
1717+178,2009,3,259.8043686508,0.063,17.751788121,0.137,-0.076
1726+455,2009,4,261.8652118238,0.388,45.5110363587,0.279,-0.071
1732+389,2009,7,263.5857439381,0.073,38.9642897273,0.099,0.019
1736+324,2009,3,264.6687575775,0.127,32.4025070848,0.313,0.094
1738+476,2009,3,264.9880377579,0.103,47.6328781635,0.117,-0.022
1739+522,2009,72,265.1540743301,0.068,52.1953909813,0.085,0.007
1741-038,2009,114,265.995233905,0.116,-3.8346157799,0.144,0.058
1743+173,2009,3,266.3967006987,0.128,17.3337288382,0.401,0.03
1745+624,2009,19,266.5584756214,0.059,62.4485384597,0.072,0.19
1749+096,2009,86,267.8867440555,0.1,9.6502023506,0.14,-0.003
1749+701,2009,3,267.1368347091,0.06,70.0974357395,0.054,-0.215
1751+288,2009,12,268.4269735203,0.043,28.8013719226,0.064,-0.04
1751+441,2009,3,268.3443661549,0.093,44.1626905538,0.091,0.007
1754+155,2009,28,269.2212588997,0.139,15.5891184731,0.209,0.365
1758+388,2009,8,270.1031889761,0.085,38.8085270693,0.124,-0.082
1759-396,2009,15,270.6778336559,0.154,-39.6688634138,0.431,0.058
1800+440,2009,9,270.3846450811,0.046,44.0727500894,0.063,0.092
1803+784,2009,76,270.1903495902,0.058,78.4677828766,0.058,-0.018
1815-553,2009,23,274.9391647825,1.077,-55.3557625953,0.585,-0.794
1823+568,2009,3,276.0294515486,0.054,56.8504141032,0.074,-0.065
1823+689,2009,12,275.8868912687,0.094,68.9646145496,0.111,0.089
1830+285,2009,3,278.2091067247,0.075,28.5599875784,0.129,-0.382
1846+322,2009,24,282.0920357269,0.064,32.3173899348,0.091,0.06
1849+670,2009,3,282.3169678505,0.049,67.0949111686,0.055,-0.014
1908-201,2009,22,287.7902204839,0.285,-20.1153081029,0.252,-0.047
1909+161,2009,5,287.9927391815,0.127,16.1963514493,0.199,0.435
1920-211,2009,18,290.8841242546,0.115,-21.0759259238,0.155,-0.235
1921-293,2009,57,291.2127330707,0.152,-29.2417003011,0.22,0.576
1923+210,2009,86,291.4983555917,0.114,21.1072672419,0.144,0.088
1929+226,2009,8,292.8538199091,0.094,22.725349595,0.189,-0.104
1936-155,2009,3,294.8610738951,0.167,-15.4286272995,0.141,0.028
1937-101,2009,3,294.9885691417,0.142,-10.0448667159,0.294,0.119
1954-388,2009,24,299.4992469834,0.252,-38.751765536,0.257,-0.146
1958-179,2009,76,300.2378768475,0.178,-17.8160201434,0.21,0.022
2000+148,2009,7,300.6749967579,0.126,15.0207149982,0.263,0.17
2000+472,2009,25,300.5434093687,0.047,47.4246593763,0.058,-0.018
2007+777,2009,3,301.3791608048,0.054,77.8786798728,0.054,-0.05
2008-159,2009,25,302.8154622057,0.131,-15.7778482435,0.115,0.171
2013+163,2009,11,304.0577501024,0.144,16.5428091718,0.154,0.231
2021+317,2009,3,305.8292389833,0.094,31.883973885,0.12,-0.158
2021+614,2009,3,305.5278407252,0.067,61.6163347541,0.099,0.165
2037-253,2009,3,310.0365539148,0.505,-25.1296288107,0.325,-0.553
2052-474,2009,66,314.0681659069,0.368,-47.2465632423,0.396,-0.524
2058-297,2009,3,315.2569164855,0.428,-29.55773228,0.328,-0.658
2059+034,2009,37,315.4118089645,0.097,3.6920335381,0.155,0.142
2106-413,2009,3,317.3882857855,0.332,-41.1723903394,0.182,-0.425
2113+293,2009,91,318.8725560568,0.079,29.5606575089,0.129,0.159
2121+053,2009,73,320.9354891596,0.169,5.5894703151,0.372,0.048
2126-158,2009,68,322.3007328624,0.138,-15.6447337908,0.307,0.204
2127-096,2009,7,322.5795344433,0.241,-9.4603986493,0.203,-0.009
2128-123,2009,15,322.896923956,0.208,-12.1179989607,0.3,0.186
2136+141,2009,25,324.7554553018,0.069,14.3933311534,0.133,-0.15
2138-377,2009,3,325.4685374913,1.237,-37.4869418946,0.799,-0.26
2141+175,2009,9,325.898102346,0.095,17.7302188164,0.128,0.194
2142+110,2009,4,326.3282293674,0.424,11.2575866856,0.531,-0.077
2143-156,2009,8,326.5957471652,0.197,-15.4288570651,0.288,0.491
2144+092,2009,7,326.7923457032,0.065,9.4962978745,0.136,0.195
2145+067,2009,15,327.0227443805,0.079,6.9607234235,0.093,-0.306
2150+173,2009,3,328.1034141202,0.134,17.5771650962,0.296,0.179
2155-304,2009,3,329.7169378414,0.591,-30.2255883958,0.434,-0.605
2201+315,2009,17,330.8123991292,0.155,31.7606304837,0.142,-0.083
2205+166,2009,3,331.970273717,0.264,16.8716155023,0.453,0.742
2208-137,2009,8,332.8504144343,0.239,-13.4693677912,0.209,0.365
2209+236,2009,11,333.0248596037,0.059,23.9279288534,0.099,-0.189
2214+350,2009,18,334.0833745616,0.064,35.3039388977,0.092,-0.042
2215+150,2009,10,334.5454745708,0.057,15.3432548821,0.091,-0.011
2227-088,2009,11,337.417018075,0.076,-8.5484543152,0.127,-0.147
2229+695,2009,29,337.6519570325,0.044,69.774465815,0.046,0.008
2232-488,2009,3,338.8051519722,1.208,-48.5996649687,0.714,-0.835
2234+282,2009,67,339.0936284664,0.146,28.4826147611,0.191,0.287
2243+047,2009,9,341.473558808,0.127,5.015822824,0.201,0.169
2243-123,2009,66,341.5759665255,0.165,-12.1142438447,0.314,0.319
2244-372,2009,4,341.7663222209,0.445,-36.9628623028,0.378,-0.633
2250+194,2009,6,343.2807048549,0.123,19.7096190683,0.232,0.043
2255-282,2009,63,344.5248453019,0.167,-27.9725712893,0.208,0.811
2307+106,2009,17,347.6188238769,0.087,10.9251935639,0.163,0.181
2309+454,2009,10,347.9475373171,0.072,45.7322268377,0.094,-0.054
2312-319,2009,3,348.7020855655,0.673,-31.6443128199,0.386,-0.406
2318+049,2009,49,350.1869024693,0.18,5.2305423815,0.24,0.246
2319+317,2009,15,350.4789832731,0.065,32.0687840459,0.094,0.08
2320-035,2009,3,350.8831406745,0.372,-3.2847287891,0.266,-0.372
2329-162,2009,3,352.9110517618,0.341,-15.9491694712,0.235,-0.423
2329-384,2009,4,352.9978172539,0.127,-38.1965697302,0.332,-0.297
2335-027,2009,11,354.4889127772,0.136,-2.5160081458,0.135,0.136
2351-309,2009,3,358.4477451319,0.679,-30.6301396675,0.418,-0.135
2355-106,2009,27,359.5453433532,0.099,-10.3357253791,0.121,-0.103
2356+385,2009,76,359.8882533148,0.123,38.845088401,0.174,0.134
2357-318,2009,16,359.8978814155,0.166,-31.5621735334,0.233,-0.19
2358+189,2009,19,0.2859231899,0.11,19.2427227373,0.181,0.11
