iers_name,year,num_ses,ra,ra_err,dec,dec_err,ra_dec_corr
0002-478,2016,4,1.1485644343,0.231,-47.6054457002,0.363,-0.002
0003-066,2016,44,1.5578870209,0.135,-6.3931487181,0.097,-0.128
0008-264,2016,39,2.7551947473,0.319,-26.2092714088,0.218,-0.124
0010+405,2016,8,3.3797091542,0.073,40.8603178317,0.095,-0.163
0015-054,2016,3,4.3992383149,0.35,-5.2116022629,0.19,0.617
0016+731,2016,48,4.9407766553,0.049,73.4583382251,0.052,-0.052
0017+200,2016,65,4.9077270467,0.076,20.3626790707,0.062,0.061
0019+058,2016,35,5.6351716997,0.246,6.1345191888,0.224,0.119
0035+413,2016,4,9.603514826,0.213,41.6183334316,0.316,0.348
0047+023,2016,4,12.4301497376,0.098,2.6177163058,0.179,-0.005
0048-097,2016,26,12.6721557641,0.277,-9.4847806447,0.187,-0.037
0048-427,2016,11,12.7895909582,0.174,-42.4425814716,0.376,-0.108
0054+161,2016,13,14.2303930365,0.163,16.4203725102,0.194,0.004
0055-059,2016,20,14.5211096393,0.19,-5.6645215612,0.27,-0.124
0059+581,2016,80,15.6906765084,0.045,58.4030935127,0.049,-0.076
0104-408,2016,90,16.6879498466,0.165,-40.5722111864,0.186,0.002
0106+013,2016,6,17.1615463698,0.164,1.5834215469,0.205,0.364
0107-610,2016,3,17.3144800486,0.212,-60.8301278625,0.402,-0.198
0109+224,2016,5,18.0242696182,0.393,22.7441072837,0.516,0.359
0110+495,2016,6,18.3625283709,0.124,49.8066787452,0.188,-0.336
0111+021,2016,9,18.4297706374,0.42,2.37147675,0.478,0.19
0112-017,2016,3,18.8212495823,0.585,-1.4512714169,0.637,0.03
0113-118,2016,3,19.0521750832,0.34,-11.6042875221,0.48,0.008
0115-214,2016,41,19.4532505674,0.203,-21.1851759031,0.268,0.008
0116-219,2016,6,19.7385923875,0.097,-21.6917056342,0.128,0.113
0119+041,2016,41,20.4869236332,0.256,4.3735373755,0.474,-0.015
0119+115,2016,52,20.4233127362,0.131,11.8306704724,0.283,0.201
0131-522,2016,57,23.274010478,0.236,-52.0010959453,0.244,0.041
0133+476,2016,48,24.2441450154,0.07,47.8580833815,0.091,-0.206
0134+311,2016,38,24.2863901402,0.124,31.3766265369,0.165,0.306
0137+012,2016,4,24.9887740732,0.288,1.5294829772,0.315,-0.208
0138-097,2016,7,25.35763395,0.173,-9.4787983515,0.087,0.144
0149+218,2016,7,28.0752460127,0.124,22.1188055187,0.116,-0.036
0151+474,2016,24,28.7345411816,0.179,47.7240387358,0.217,0.104
0159+723,2016,4,30.889103932,0.145,72.5482409652,0.133,0.141
0201+113,2016,22,30.9444044459,0.294,11.5792804301,0.361,-0.068
0202+149,2016,4,31.2100579051,0.164,15.2364009952,0.084,0.045
0202+319,2016,97,31.2705223337,0.057,32.2083598753,0.053,0.002
0206+136,2016,7,32.3999930389,0.07,13.8668755147,0.086,0.038
0208-512,2016,6,32.6925016788,0.227,-51.0171921675,0.171,-0.037
0211+171,2016,4,33.6871368709,0.303,17.3804200023,0.471,-0.289
0212+735,2016,7,34.3783889185,0.06,73.8257282454,0.059,0.027
0215+015,2016,16,34.4539780528,0.197,1.7471386418,0.177,0.01
0221+067,2016,9,36.1184507512,0.088,6.9898170913,0.106,-0.136
0226-559,2016,4,37.0899932128,0.371,-55.7675778283,0.379,0.071
0227-369,2016,7,37.3685377312,0.127,-36.7324506559,0.37,0.034
0229+131,2016,75,37.9412252664,0.114,13.3818656609,0.08,0.133
0230-790,2016,4,37.3956107555,0.14,-78.7960003216,0.175,-0.068
0234+285,2016,10,39.4683569909,0.166,28.8024972199,0.154,0.007
0234-301,2016,3,39.1298726104,0.304,-29.8987612772,0.18,-0.52
0235+164,2016,8,39.6622087916,0.081,16.6164651829,0.083,0.146
0237+040,2016,4,39.9635959844,0.136,4.2726143912,0.135,-0.127
0237-027,2016,60,39.9394678048,0.106,-2.5780318077,0.115,-0.006
0239+175,2016,3,40.6011177547,0.101,17.716347026,0.158,0.144
0241+622,2016,9,41.2404030295,0.415,62.4684766137,0.287,-0.005
0256-005,2016,27,44.8688173185,0.234,-0.3333265168,0.206,-0.141
0300+470,2016,4,45.8968425574,0.112,47.2711876664,0.095,-0.015
0302+625,2016,5,46.6777480049,0.231,62.7172289246,0.297,0.032
0302-623,2016,5,45.9609639167,0.158,-62.190430608,0.155,0.326
0306+102,2016,6,47.2650978927,0.12,10.4878724972,0.142,0.009
0307+380,2016,12,47.7078330341,0.113,38.2482883264,0.129,0.062
0308-611,2016,100,47.4837464195,0.16,-60.9775156588,0.177,0.132
0309+411,2016,3,48.2581755276,0.267,41.3336620869,0.63,-0.957
0312+100,2016,6,48.8380825566,0.263,10.2119678189,0.296,-0.047
0322+222,2016,59,51.4033931301,0.097,22.4001015891,0.102,0.0
0325+395,2016,10,52.2096336941,0.129,39.6790462357,0.141,0.118
0332+078,2016,24,53.722152809,0.333,8.0040053507,0.379,0.051
0332-403,2016,100,53.5568936991,0.124,-40.1403883066,0.129,-0.002
0334-546,2016,3,53.9746868469,0.225,-54.5069763929,0.285,0.129
0338-214,2016,26,55.1483660828,0.236,-21.3253256322,0.304,0.099
0340+362,2016,11,55.8706350853,0.247,36.3701194105,0.371,0.189
0342+147,2016,5,56.2767355362,0.19,14.8970994949,0.28,-0.205
0345+460,2016,26,57.3280899104,0.067,46.1665716285,0.079,-0.081
0346-279,2016,8,57.1589357593,0.295,-27.8204349788,0.199,-0.219
0347-211,2016,25,57.4909444745,0.163,-21.0465948844,0.144,-0.127
0348-120,2016,3,57.795737182,0.249,-11.8896292134,0.14,0.533
0358+210,2016,5,60.4381919917,0.088,21.1746074783,0.171,-0.386
0402-362,2016,19,60.9739579131,0.161,-36.0838647402,0.195,0.068
0403-132,2016,21,61.3916807909,0.117,-13.1371363582,0.17,0.176
0405-385,2016,12,61.7459805912,0.141,-38.4411227944,0.256,-0.001
0406-127,2016,8,62.2740405402,0.153,-12.6467065101,0.3,0.182
0410+110,2016,6,63.4180874313,0.277,11.2041073054,0.397,-0.293
0414-189,2016,10,64.1522685944,0.211,-18.8523167285,0.168,-0.037
0415+398,2016,15,64.8439563073,0.095,39.9247160264,0.126,-0.098
0420+022,2016,22,65.7175610601,0.156,2.324147445,0.133,-0.186
0420-014,2016,55,65.8158363211,0.081,-1.3425182061,0.066,0.039
0422+004,2016,13,66.1951752627,0.227,0.6017582448,0.16,-0.247
0422-380,2016,8,66.1760154023,0.222,-37.9391067122,0.248,0.104
0423+233,2016,3,66.7322283608,0.074,23.4610092854,0.101,-0.148
0426+273,2016,5,67.4706698908,0.121,27.4105211608,0.227,0.135
0430+289,2016,28,68.4076244365,0.214,29.098743626,0.338,-0.103
0434-188,2016,17,69.256178159,0.331,-18.7468377478,1.103,-0.421
0436-129,2016,6,69.6459208079,0.179,-12.8509329955,0.228,0.498
0437-454,2016,11,69.7535611132,0.126,-45.3729341584,0.266,0.033
0438-436,2016,5,70.0715829036,0.529,-43.5523898837,0.462,-0.37
0440+345,2016,5,70.8818133302,0.099,34.6851844297,0.128,0.116
0444+634,2016,3,72.3471275156,0.109,63.5359539656,0.125,0.154
0446+112,2016,24,72.281962965,0.224,11.3579434363,0.247,-0.161
0447-010,2016,3,72.4287747215,0.449,-0.9562091745,0.258,0.621
0451-282,2016,6,73.3110283203,0.104,-28.1270352785,0.111,0.035
0454+844,2016,32,77.1765145807,0.223,84.5345956166,0.277,0.145
0454-234,2016,87,74.263246773,0.085,-23.4144500903,0.074,0.043
0454-463,2016,23,73.9615520297,0.264,-46.2662999017,0.216,0.082
0454-810,2016,6,72.5226674844,0.133,-81.0172865304,0.153,0.036
0458-020,2016,77,75.3033745469,0.1,-1.9872934689,0.08,-0.049
0459+135,2016,4,75.6384146847,0.174,13.6363774693,0.163,0.146
0506+101,2016,19,77.3644043858,0.263,10.1957222805,0.278,-0.372
0506-612,2016,6,76.6832865335,0.261,-61.161387213,0.274,0.333
0507+179,2016,3,77.5098713223,0.246,18.0115505139,0.696,0.482
0509+011,2016,3,77.9900523219,0.374,1.1803988818,0.198,0.532
0511-220,2016,4,78.4546429792,0.108,-21.9878032931,0.23,0.006
0515+208,2016,5,79.5159354681,0.105,20.9145825148,0.202,-0.102
0516-621,2016,5,79.1871923528,0.135,-62.1181636768,0.17,0.159
0521-365,2016,5,80.7416026824,0.265,-36.4585698421,0.312,-0.21
0522-611,2016,8,80.6434394085,0.406,-61.1325371323,0.592,0.406
0524+034,2016,8,81.8862726769,0.197,3.5254213061,0.149,0.152
0524-485,2016,6,81.5694638239,0.162,-48.5102200216,0.349,0.161
0528+134,2016,7,82.7350697713,0.436,13.5319858967,0.73,0.826
0528-250,2016,3,82.5331783162,0.307,-25.0583053409,0.425,-0.156
0529+483,2016,53,83.3161074837,0.084,48.381335536,0.098,-0.014
0530-727,2016,21,82.3751759211,0.352,-72.7579187067,0.536,-0.003
0534-340,2016,9,84.1184681443,0.164,-34.0198522627,0.348,0.305
0534-611,2016,3,83.6490519989,0.151,-61.1019648667,0.211,0.155
0536+145,2016,14,84.9265249594,0.14,14.5626560491,0.147,0.159
0537-286,2016,39,84.9761728075,0.141,-28.6655411375,0.141,0.015
0537-441,2016,110,84.7098398029,0.117,-44.0858163505,0.135,0.107
0544+273,2016,23,86.8922871737,0.109,27.3657895813,0.141,-0.01
0548+378,2016,10,88.0747370896,0.106,37.9070229353,0.125,-0.205
0549-575,2016,4,87.5399174433,0.142,-57.5401101683,0.222,0.264
0552+398,2016,62,88.8783567379,0.067,39.8136569678,0.064,-0.098
0556+238,2016,39,89.8834713806,0.159,23.8983129786,0.285,0.146
0600+177,2016,6,90.7880427768,0.092,17.7046695541,0.177,0.24
0602+673,2016,56,91.9694650932,0.091,67.3487250879,0.107,-0.148
0606-223,2016,25,92.2486951642,0.192,-22.3391546408,0.204,0.132
0607-157,2016,6,92.4206230209,0.125,-15.7112979914,0.094,0.262
0610+260,2016,3,93.4589129152,0.431,26.0768668399,1.569,0.924
0613+570,2016,20,94.3205107114,0.135,57.0212286776,0.12,0.015
0627-199,2016,29,97.3490077228,0.135,-19.9888121334,0.146,0.215
0632-235,2016,5,98.7458375841,0.487,-23.5866548374,0.247,0.353
0636+680,2016,6,100.5177391064,0.112,67.9765613844,0.142,-0.036
0637-752,2016,5,98.9437828534,0.245,-75.2713376479,0.133,-0.082
0641+392,2016,38,101.2237899602,0.242,39.2465371957,0.331,0.281
0642+449,2016,38,101.6334415949,0.067,44.8546083739,0.063,-0.009
0646-306,2016,29,102.0587352276,0.19,-30.7387943665,0.168,-0.128
0648-165,2016,29,102.6024243598,0.154,-16.6277015594,0.118,0.08
0656+082,2016,65,104.8249834586,0.206,8.2252648706,0.411,-0.268
0657+172,2016,41,105.0063564772,0.094,17.1560281567,0.093,-0.009
0700-197,2016,31,105.6787527413,0.131,-19.856120983,0.142,0.015
0707+476,2016,5,107.6921036673,0.087,47.5364285481,0.109,-0.026
0711+356,2016,4,108.6034067417,0.469,35.5777199555,0.582,0.137
0714+457,2016,9,109.4660518206,0.445,45.6342390882,0.577,-0.362
0716+714,2016,44,110.4727020553,0.057,71.3434342831,0.062,-0.007
0722+145,2016,7,111.3200323429,0.107,14.4204851834,0.109,0.133
0723+219,2016,22,111.5594197705,0.118,21.8889205397,0.156,0.166
0723-008,2016,7,111.4609995988,0.123,-0.9157064107,0.104,0.393
0727-115,2016,106,112.5796352954,0.084,-11.6868335132,0.065,0.066
0729+259,2016,8,113.2344802866,0.158,25.8107765903,0.291,0.007
0736+017,2016,23,114.8251412326,0.185,1.6179493641,0.2,0.379
0738+313,2016,7,115.2945971466,0.286,31.20006396,0.258,0.406
0738+491,2016,17,115.5114539957,0.065,49.0043358225,0.087,-0.121
0743+259,2016,5,116.6078091144,0.163,25.8172595671,0.306,0.19
0743+277,2016,16,116.6684680079,0.116,27.5830686427,0.085,0.02
0743-006,2016,6,116.4753429867,0.129,-0.7382055795,0.146,0.183
0745+241,2016,5,117.1504553667,0.093,24.0066972092,0.113,-0.091
0747+185,2016,5,117.5013747474,0.284,18.3865019963,0.54,-0.004
0748+126,2016,52,117.7168572705,0.065,12.5180078436,0.049,0.106
0749+540,2016,31,118.255769064,0.096,53.8832325547,0.123,0.171
0758-737,2016,3,119.3086543043,0.65,-73.8859364909,0.472,-0.229
0759+183,2016,11,120.7001332434,0.162,18.1636803846,0.219,-0.019
0800+618,2016,49,121.3257481862,0.116,61.7399168166,0.135,-0.024
0804+499,2016,24,122.1652762324,0.106,49.8434806582,0.119,-0.327
0805+046,2016,4,121.9897437383,0.14,4.5429253258,0.203,0.035
0805+410,2016,13,122.2360501929,0.113,40.8791358452,0.169,0.135
0805-077,2016,7,122.0647334483,0.324,-7.8527463217,0.405,0.197
0808+019,2016,62,122.8612804864,0.11,1.7811722724,0.092,-0.05
0812+020,2016,9,123.845670127,0.165,1.9165224871,0.157,0.172
0812+367,2016,6,123.8581036027,0.076,36.5875413475,0.08,0.13
0814+425,2016,27,124.5666650811,0.085,42.3792819261,0.082,-0.032
0821+394,2016,41,126.2311827555,0.075,39.2783066939,0.081,0.014
0823+033,2016,44,126.4597431485,0.155,3.1568111124,0.268,0.381
0823-223,2016,11,126.5065539479,0.774,-22.507556391,0.749,-0.345
0827+243,2016,25,127.7170258054,0.113,24.1832834256,0.111,0.059
0834+250,2016,4,129.417690331,0.191,24.9064226897,0.237,0.091
0834-201,2016,94,129.1633968685,0.188,-20.2831956282,0.216,0.148
0847-120,2016,22,132.5401484747,0.155,-12.2264933537,0.113,0.153
0854-108,2016,14,134.1741839808,0.15,-11.0873417414,0.258,0.001
0912+029,2016,69,138.6579726612,0.283,2.7664573248,0.5,0.233
0912+297,2016,3,138.9683403512,0.851,29.5566784923,1.101,-0.473
0919-260,2016,5,140.3723077569,0.17,-26.3120517423,0.139,-0.045
0920+390,2016,9,140.8102206197,0.1,38.8277528061,0.107,0.035
0920-397,2016,70,140.6934094509,0.235,-39.9930744626,0.492,-0.019
0925-203,2016,29,141.9659347095,0.209,-20.5808979547,0.287,-0.051
0943+105,2016,7,146.6461248366,0.126,10.2850373566,0.221,-0.027
0951+268,2016,14,148.6658189128,0.151,26.6568176185,0.141,-0.192
0954+658,2016,9,149.6968546252,0.065,65.5652272311,0.071,-0.093
0955+326,2016,5,149.5872901922,0.226,32.4006137721,0.368,0.012
0955+476,2016,76,149.581965212,0.083,47.4188451072,0.086,0.019
0958+346,2016,11,150.2997884785,0.109,34.4140165041,0.145,0.269
1004-500,2016,8,151.5583721961,0.204,-50.3037418988,0.322,0.056
1013+054,2016,3,154.0130687131,0.115,5.2173170061,0.162,0.099
1013+127,2016,4,153.9334307705,0.206,12.4519638982,0.32,0.16
1015+057,2016,9,154.6160345289,0.942,5.508322921,0.697,0.412
1015+359,2016,8,154.5457837619,0.158,35.71095591,0.243,0.108
1021-006,2016,3,156.1232780988,0.333,-0.8820823423,0.596,0.897
1022+194,2016,10,156.1867066301,0.203,19.2056709561,0.138,0.246
1022-665,2016,5,155.9313882452,0.278,-66.780199306,0.297,0.633
1027-186,2016,15,157.3879070681,0.194,-18.8806358001,0.359,-0.247
1030+074,2016,4,158.3917678536,0.113,7.1905965766,0.16,-0.287
1030+415,2016,38,158.2654494466,0.056,41.2683980459,0.063,0.003
1034-293,2016,55,159.316998913,0.384,-29.56744816,0.245,-0.151
1034-374,2016,6,159.2226649567,0.184,-37.7375183222,0.419,0.162
1038+52A,2016,6,160.4449236318,0.077,52.5578422404,0.094,-0.08
1039+811,2016,25,161.096094019,0.081,80.9109563928,0.069,-0.064
1040+244,2016,21,160.7876491155,0.114,24.1431693062,0.116,0.28
1042+071,2016,3,161.2329634934,0.125,6.9272951019,0.185,-0.306
1044+719,2016,3,162.1150830653,0.081,71.7266495659,0.103,-0.086
1045+019,2016,3,162.0952833122,0.525,1.6966983048,0.159,0.592
1045-188,2016,5,162.0275859539,0.162,-19.1599243763,0.199,0.086
1053+704,2016,19,164.2234063633,0.275,70.1960876691,0.246,0.062
1053+815,2016,8,164.5480640293,0.147,81.2424097432,0.131,0.322
1055+018,2016,11,164.6233550631,0.173,1.5663399322,0.101,0.201
1057-797,2016,119,164.6804575166,0.124,-80.0650443881,0.119,0.027
1059+282,2016,7,165.5595352747,0.072,27.952413753,0.104,0.034
1100+122,2016,3,165.7647076483,0.083,11.9712846276,0.153,0.587
1101+384,2016,28,166.1138081062,0.145,38.2088330759,0.168,0.111
1101-536,2016,3,165.9675903606,0.232,-53.9501935908,0.384,0.14
1104+728,2016,8,166.9238439902,0.17,72.5433347264,0.159,-0.164
1104-445,2016,71,166.7862255017,0.258,-44.8187828503,0.251,-0.049
1111+149,2016,26,168.4945628417,0.169,14.7074868566,0.258,0.027
1123+264,2016,34,171.4737996258,0.094,26.172216311,0.081,0.093
1124-186,2016,85,171.7683019007,0.121,-18.9548449829,0.119,0.034
1125+366,2016,4,171.9952950048,0.304,36.3412087863,0.368,-0.339
1128+385,2016,40,172.7220108785,0.072,38.2551519318,0.09,0.081
1128-047,2016,3,172.877153164,0.334,-5.0054603468,0.332,0.368
1130+009,2016,4,173.3335658143,0.189,0.6813436179,0.197,0.168
1133-032,2016,42,174.1024039153,0.264,-3.5081935404,0.214,0.363
1143-332,2016,7,176.6185489599,0.391,-33.4785091633,0.652,-0.237
1143-696,2016,6,176.4734340767,0.257,-69.9004993222,0.295,0.319
1144+402,2016,55,176.742908007,0.088,39.9761956328,0.082,0.035
1144-379,2016,97,176.7557112928,0.131,-38.203062088,0.133,0.093
1145+268,2016,15,176.9990162746,0.096,26.595092251,0.133,0.156
1145-071,2016,5,176.9648084714,0.172,-7.4114280918,0.112,0.141
1147+245,2016,5,177.5800507357,0.181,24.298287567,0.156,-0.007
1148-001,2016,3,177.6827949791,0.464,-0.3983902072,0.502,0.138
1149-084,2016,38,178.0717063035,0.156,-8.6842539078,0.124,-0.066
1156+295,2016,48,179.8826412853,0.087,29.2455074326,0.076,-0.003
1156-094,2016,3,179.8029654428,0.189,-9.6811247625,0.248,0.543
1157+014,2016,4,179.9367827564,0.291,1.2019400652,0.2,0.64
1213-172,2016,45,183.9447990198,0.141,-17.5292786357,0.108,-0.07
1215+303,2016,8,184.4670081921,0.156,30.1168432966,0.129,0.064
1219+044,2016,41,185.5939567924,0.124,4.2210489178,0.249,0.032
1221+809,2016,4,185.9187241489,0.085,80.667872352,0.085,0.021
1221-829,2016,6,186.2265945102,0.288,-83.2194728145,0.318,-0.068
1226+373,2016,28,187.1975986814,0.142,37.1033599168,0.181,0.155
1236+077,2016,5,189.8524514133,0.137,7.5047747136,0.133,-0.219
1240+381,2016,4,190.7140378189,0.172,37.8500070713,0.164,0.118
1243-072,2016,38,191.5176338059,0.208,-7.5129374251,0.173,-0.026
1243-160,2016,29,191.4739261401,0.134,-16.2793625811,0.093,0.056
1244-255,2016,27,191.6950084912,0.191,-25.7970247604,0.181,0.123
1251-197,2016,5,193.6552317333,0.274,-20.0156685309,0.377,-0.247
1251-713,2016,4,193.749672895,0.201,-71.6384546455,0.212,0.556
1252+119,2016,9,193.6593984131,0.086,11.684970841,0.088,0.023
1255-177,2016,11,194.659590452,0.084,-18.0008678403,0.155,-0.117
1255-316,2016,93,194.496086823,0.172,-31.9213476578,0.187,0.243
1300+580,2016,45,195.7186053676,0.068,57.8104470495,0.073,-0.035
1308+326,2016,5,197.6194327294,0.089,32.3454951947,0.089,-0.218
1308+328,2016,39,197.7475113926,0.095,32.5595693053,0.098,-0.003
1308+554,2016,5,197.763378205,0.651,55.2317563055,0.505,0.398
1313-333,2016,8,199.0332748186,0.228,-33.6497701977,0.374,-0.449
1324+224,2016,58,201.7535888294,0.153,22.1806007505,0.149,0.213
1325-558,2016,3,202.2547705231,0.157,-56.134073707,0.24,0.489
1327+504,2016,17,202.2741779682,0.132,50.1573335956,0.133,0.007
1330+022,2016,7,203.2219605615,0.106,2.0126942107,0.118,0.015
1330+476,2016,5,203.188526876,0.152,47.3729631728,0.159,-0.236
1333-152,2016,4,204.1420383099,0.419,-15.4966866101,0.442,-0.549
1333-337,2016,3,204.1626354381,0.441,-33.9658536546,1.013,-0.659
1334-127,2016,61,204.4157615597,0.103,-12.9568592729,0.088,-0.019
1342+662,2016,17,205.9414981046,0.096,66.0404847243,0.126,-0.076
1342+663,2016,6,206.0361649699,0.138,66.1032343575,0.112,0.149
1348+308,2016,6,207.719734283,0.172,30.5815529487,0.124,0.12
1349-439,2016,6,208.235562229,0.441,-44.2112188694,0.842,0.566
1351-018,2016,66,208.5287305084,0.119,-2.1008862349,0.303,0.23
1352-104,2016,8,208.693827945,0.527,-10.6840711656,0.305,0.484
1354-152,2016,11,209.2968541594,0.243,-15.4579963456,0.239,0.225
1357+769,2016,26,209.4807147175,0.123,76.7225141414,0.128,-0.065
1406-076,2016,34,212.2353383796,0.175,-7.8740740279,0.142,0.023
1406-267,2016,46,212.459040817,0.555,-26.9602723681,0.449,0.211
1413+135,2016,19,213.9950729819,0.21,13.3399202857,0.147,0.011
1417+385,2016,30,214.9442240205,0.205,38.3634652669,0.238,0.0
1418+546,2016,48,214.9441558729,0.05,54.3874408509,0.053,-0.018
1420-679,2016,5,216.2314891614,0.131,-68.1328040339,0.206,0.167
1423+146,2016,3,216.4542416716,0.385,14.4158059315,0.473,0.154
1424+240,2016,5,216.7516323885,0.125,23.8000103952,0.13,-0.055
1424-418,2016,121,216.9845731893,0.114,-42.1053993521,0.138,0.016
1428+370,2016,5,217.6690986461,0.473,36.8177469254,0.36,-0.429
1430-178,2016,3,218.2403776843,1.117,-18.0264578631,1.407,-0.003
1432+200,2016,6,218.6658057198,0.12,19.8668710818,0.123,0.163
1435-218,2016,3,219.5394558762,0.296,-22.0818745752,0.343,0.266
1441+252,2016,29,220.9870508406,0.14,25.0290251729,0.155,0.054
1443-162,2016,6,221.4724012839,0.085,-16.4837831136,0.169,-0.203
1448+762,2016,6,222.1199129641,0.095,76.0198881017,0.1,0.022
1448-648,2016,3,223.1653295084,0.657,-65.0342870651,0.715,0.514
1451-375,2016,4,223.6142073742,0.163,-37.7925402699,0.654,0.465
1451-400,2016,4,223.6371348395,0.423,-40.2090318521,0.655,0.051
1456+044,2016,3,224.7473175022,0.455,4.2705054528,0.289,-0.275
1459+480,2016,5,225.2027259827,0.065,47.8543161513,0.079,-0.102
1502+036,2016,47,226.2769881651,0.166,3.4418923387,0.112,0.018
1502+106,2016,8,226.1040824103,0.111,10.4942217987,0.112,0.156
1504+377,2016,29,226.5397082682,0.099,37.5142034721,0.133,0.067
1510-089,2016,10,228.2105538963,0.17,-9.0999526934,0.169,0.335
1511-100,2016,8,228.4370559511,0.081,-10.2000735912,0.086,0.062
1514+197,2016,30,229.2366507039,0.069,19.5369421808,0.08,0.142
1519-273,2016,85,230.6569833444,0.125,-27.5029959821,0.114,-0.133
1519-294,2016,9,230.6061929589,0.878,-29.6070085517,0.667,0.503
1520+319,2016,20,230.5416321798,0.154,31.737328314,0.18,0.236
1520+437,2016,33,230.4567244754,0.126,43.6109078483,0.157,-0.064
1538+149,2016,30,235.2062146898,0.118,14.7960790373,0.117,-0.1
1546+027,2016,29,237.372653535,0.12,2.6169897608,0.126,-0.032
1548+056,2016,8,237.6469551813,0.154,5.4529023142,0.136,0.23
1555+001,2016,17,239.4643082106,0.147,-0.0306705161,0.145,-0.06
1557+032,2016,4,239.8790526011,0.197,3.0800712455,0.169,0.156
1601+112,2016,9,240.9247135733,0.094,11.0968552986,0.131,0.487
1602-115,2016,7,241.3230486232,0.112,-11.6574530049,0.254,-0.104
1604-333,2016,4,241.8948430112,0.757,-33.5191427548,0.478,0.53
1606+106,2016,20,242.1925132677,0.146,10.4854932627,0.176,-0.068
1606-398,2016,4,242.591162901,0.155,-39.9828692912,0.353,0.009
1608+243,2016,12,242.6751115342,0.184,24.2469476324,0.168,0.021
1610-771,2016,5,244.4553189017,0.245,-77.2884632525,0.257,-0.304
1611+343,2016,9,243.4211009815,0.171,34.2133079799,0.094,0.315
1611-710,2016,3,244.127673018,0.314,-71.1420705668,0.378,0.387
1614+051,2016,4,244.156486782,0.189,4.992426803,0.113,0.116
1615+029,2016,15,244.457950424,0.192,2.7786401273,0.433,0.157
1616+063,2016,7,244.7653653353,0.08,6.2172896465,0.182,-0.214
1617+229,2016,28,244.8117691761,0.147,22.7966252111,0.169,-0.114
1619-680,2016,4,246.0768210426,0.155,-68.1534713866,0.248,0.015
1622-253,2016,68,246.445381847,0.163,-25.4606463312,0.15,0.043
1623+578,2016,38,246.1033648909,0.263,57.6878557933,0.245,-0.003
1624-617,2016,4,247.2278740976,0.155,-61.8767772703,0.237,0.043
1636+473,2016,18,249.4380439243,0.093,47.2927308607,0.118,-0.102
1637+574,2016,4,249.5560679173,0.054,57.3399940851,0.054,-0.022
1639+230,2016,69,250.3551148477,0.103,22.9511201951,0.137,-0.057
1639-062,2016,40,250.5090738272,0.094,-6.3565819686,0.084,0.076
1642+690,2016,4,250.5327021118,0.105,68.9443767355,0.105,0.006
1651+391,2016,5,253.2437898796,0.129,39.0471728067,0.154,0.161
1656-075,2016,17,254.6835914537,0.183,-7.6549151712,0.196,0.076
1657-261,2016,65,255.2214752492,0.17,-26.1810348055,0.158,-0.449
1657-562,2016,4,255.4369090534,0.163,-56.3655287847,0.336,0.171
1659+399,2016,5,255.3526450488,0.105,39.9103031859,0.151,0.094
1659-621,2016,4,255.902255015,0.223,-62.2111135428,0.238,0.638
1705+018,2016,23,256.8933969456,0.142,1.8126942277,0.127,0.093
1706-174,2016,16,257.3931058085,0.168,-17.4814903482,0.223,-0.281
1717+178,2016,7,259.8043686577,0.089,17.751788092,0.1,0.095
1722+330,2016,13,261.0591576135,0.189,33.0510941774,0.263,-0.035
1725+123,2016,6,262.0293800639,0.082,12.2609681858,0.115,0.02
1725-795,2016,3,263.4195845965,0.237,-79.5988102341,0.575,0.234
1726+455,2016,31,261.8652116218,0.054,45.5110364417,0.059,0.029
1732+389,2016,10,263.5857438631,0.096,38.9642897643,0.091,-0.051
1736+324,2016,14,264.6687576063,0.173,32.4025070925,0.179,0.051
1738+476,2016,5,264.9880377147,0.119,47.6328781758,0.14,-0.119
1738+499,2016,4,264.8641270724,0.276,49.9176023806,0.236,0.214
1739+522,2016,4,265.1540743618,0.079,52.1953909828,0.081,-0.006
1741-038,2016,105,265.9952339243,0.101,-3.8346157611,0.081,-0.029
1743+173,2016,3,266.3967008177,0.386,17.3337289208,0.325,0.259
1749+096,2016,91,267.8867440547,0.064,9.6502023263,0.057,0.102
1751+288,2016,91,268.4269734907,0.056,28.8013719007,0.052,0.1
1754+155,2016,12,269.2212589045,0.15,15.5891184819,0.222,-0.082
1758+388,2016,8,270.1031889876,0.097,38.8085270859,0.126,-0.005
1758-651,2016,22,270.8479027481,0.22,-65.1268781206,0.247,0.273
1759-396,2016,89,270.6778335336,0.255,-39.6688634033,0.371,0.049
1800+440,2016,9,270.3846450372,0.128,44.0727500897,0.153,0.097
1803+784,2016,34,270.1903495816,0.047,78.4677828727,0.047,0.052
1806+456,2016,44,272.0911911759,0.069,45.7057962523,0.089,-0.009
1806-458,2016,3,272.4911322055,0.237,-45.8780596193,0.425,0.325
1815-553,2016,3,274.9391646923,0.286,-55.355762569,0.368,0.483
1817-254,2016,4,275.241036278,0.08,-25.4701623055,0.202,-0.024
1823+568,2016,7,276.0294515023,0.083,56.8504140948,0.092,-0.013
1823+689,2016,6,275.886891254,0.103,68.9646145615,0.126,-0.017
1824-582,2016,4,277.3016764623,0.291,-58.2319893872,0.275,0.487
1831-711,2016,6,279.3696456614,0.152,-71.1454318051,0.224,0.171
1842+681,2016,14,280.6401736683,0.071,68.157007717,0.078,-0.047
1846+322,2016,57,282.0920357257,0.103,32.3173899068,0.118,0.064
1849+670,2016,35,282.316967838,0.044,67.0949111571,0.047,-0.02
1901+155,2016,3,286.0598380309,0.113,15.6106809074,0.178,0.25
1908+484,2016,4,287.4440111669,0.292,48.5755056647,0.281,-0.175
1908-201,2016,51,287.7902204148,0.169,-20.1153080894,0.21,0.268
1909+161,2016,15,287.9927391784,0.151,16.1963514447,0.237,0.549
1920-211,2016,18,290.8841242148,0.159,-21.0759259034,0.16,-0.033
1921-293,2016,80,291.2127331447,0.138,-29.2417002485,0.182,0.278
1923+210,2016,42,291.4983557443,0.182,21.1072672849,0.157,0.22
1925-610,2016,6,292.5256670234,0.22,-60.9358844539,0.263,0.334
1929+226,2016,29,292.853819858,0.096,22.7253496048,0.114,-0.015
1933-400,2016,7,294.3175723411,0.122,-39.967098096,0.27,-0.021
1935-692,2016,3,295.1063671537,0.194,-69.1324922526,0.397,0.349
1936-155,2016,42,294.8610739841,0.11,-15.42862735,0.115,-0.059
1954+513,2016,6,298.9280760618,0.081,51.5301517032,0.09,0.02
1954-388,2016,82,299.4992470256,0.146,-38.7517655541,0.161,-0.003
1958-179,2016,27,300.237876813,0.188,-17.8160201756,0.144,0.072
2000+472,2016,36,300.543409387,0.086,47.4246593762,0.103,0.04
2002-375,2016,5,301.4794621764,0.258,-37.3948550054,0.311,0.288
2008-159,2016,73,302.8154621912,0.126,-15.7778482283,0.115,-0.026
2013+163,2016,47,304.057750121,0.176,16.5428091622,0.174,0.027
2016-053,2016,3,304.7406662387,0.368,-5.1581592473,0.173,0.613
2029+121,2016,3,307.9791427376,0.187,12.32815001,0.084,-0.039
2052-474,2016,111,314.0681658521,0.159,-47.2465632335,0.19,0.113
2054-377,2016,3,314.4233479153,0.149,-37.5674971707,0.351,0.03
2059+034,2016,66,315.4118089671,0.136,3.6920335563,0.133,0.021
2106+143,2016,3,317.1709672891,0.209,14.5075035285,0.156,-0.072
2106-413,2016,7,317.3882858294,0.325,-41.1723903617,0.518,0.108
2113+293,2016,82,318.8725560395,0.146,29.5606575331,0.221,0.017
2121+053,2016,5,320.9354892531,0.197,5.589470307,0.211,-0.244
2123-463,2016,4,321.6279343461,0.195,-46.0966367246,0.359,0.463
2126-158,2016,64,322.3007328495,0.186,-15.6447339656,0.289,-0.128
2127-096,2016,5,322.5795343172,1.103,-9.460398648,0.268,0.29
2128+048,2016,3,322.6369891138,0.834,5.0381878542,0.798,-0.399
2128-123,2016,6,322.8969240913,0.305,-12.1179989685,0.62,0.581
2131-021,2016,8,323.5429566172,0.141,-1.8881219014,0.105,-0.114
2136+141,2016,5,324.7554553127,0.219,14.3933311739,0.127,0.304
2141+175,2016,27,325.8981023509,0.106,17.7302187855,0.105,0.003
2142+110,2016,6,326.328229441,0.071,11.2575867875,0.112,-0.019
2142-758,2016,7,326.8030445977,0.179,-75.6036735374,0.192,0.164
2143-156,2016,10,326.5957472441,0.118,-15.4288571526,0.185,-0.176
2144+092,2016,28,326.7923457164,0.148,9.4962978535,0.125,0.058
2144-065,2016,3,326.8412070989,0.504,-6.3403726887,0.195,0.621
2145+067,2016,6,327.0227443896,0.166,6.9607234376,0.218,0.23
2145+082,2016,7,326.9800807434,0.215,8.503304694,0.321,0.219
2149+056,2016,23,327.9078145712,0.238,5.8702651287,0.388,-0.008
2150+173,2016,5,328.1034141039,0.119,17.5771653172,0.099,-0.121
2155+312,2016,16,329.3700995442,0.205,31.4503755011,0.19,0.296
2155-152,2016,17,329.5261744365,0.165,-15.0192579893,0.17,0.375
2201+315,2016,3,330.8123990612,0.16,31.7606304208,0.141,0.172
2204-540,2016,4,331.9322221232,0.153,-53.7760611449,0.255,0.277
2208-137,2016,3,332.8504144253,0.096,-13.4693675912,0.205,-0.609
2209+236,2016,44,333.024859695,0.094,23.9279288464,0.086,0.115
2214+350,2016,51,334.0833745682,0.106,35.3039388149,0.165,-0.051
2215+150,2016,19,334.5454745955,0.092,15.3432548648,0.081,0.168
2220-351,2016,6,335.774710655,0.227,-34.9297716427,0.498,0.488
2227-088,2016,73,337.4170180617,0.092,-8.5484543028,0.08,-0.066
2229+695,2016,89,337.6519572844,0.071,69.7744658318,0.065,0.001
2232-488,2016,8,338.8051522768,0.147,-48.5996651412,0.23,0.12
2233-148,2016,4,339.1420297866,0.105,-14.5561637702,0.237,-0.401
2234+282,2016,5,339.093628459,0.15,28.4826147099,0.158,0.447
2236-572,2016,4,339.8003162151,0.134,-57.0168998914,0.164,0.233
2239+096,2016,8,340.4571555131,0.14,9.8979014149,0.125,0.136
2243+047,2016,4,341.4735587014,0.272,5.0158232034,1.265,-0.611
2243-123,2016,5,341.575966522,0.227,-12.1142437636,0.301,0.385
2244-372,2016,6,341.7663221735,0.177,-36.9628622513,0.301,0.21
2245-328,2016,5,342.1611906114,0.185,-32.5978300533,0.183,0.329
2250+194,2016,7,343.2807048303,0.198,19.7096189619,0.491,-0.166
2254+024,2016,5,344.3231796586,0.324,2.7215309207,0.38,-0.072
2254+074,2016,28,344.3220963233,0.114,7.7200840593,0.127,0.17
2255-282,2016,110,344.5248453293,0.211,-27.9725713113,0.244,0.372
2300-683,2016,11,345.9315193383,0.211,-68.1270675881,0.353,-0.323
2306-312,2016,3,347.3097142356,0.179,-30.9868290368,0.411,-0.038
2307+106,2016,7,347.6188238969,0.149,10.925193561,0.216,-0.342
2309+454,2016,54,347.9475373628,0.122,45.7322268133,0.133,-0.245
2314-409,2016,6,349.1954995758,0.271,-40.6891906941,0.355,0.133
2318+049,2016,46,350.1869024503,0.106,5.2305424105,0.108,-0.053
2319+317,2016,49,350.4789832739,0.185,32.0687840619,0.238,-0.027
2319+444,2016,5,350.5848253565,0.45,44.7617649366,0.508,-0.062
2321-375,2016,3,351.0296328321,0.4,-37.2395710496,0.478,0.044
2325+093,2016,6,351.8899189877,0.158,9.6692952121,0.105,0.019
2326-477,2016,5,352.3237681287,0.152,-47.5053095995,0.228,0.493
2329-384,2016,5,352.9978172619,0.195,-38.1965697375,0.304,0.194
2329-415,2016,4,353.0793677693,0.522,-41.3104395265,0.411,0.635
2331-240,2016,3,353.4801575833,0.247,-23.7279606574,0.349,0.153
2333-415,2016,6,354.141604475,0.203,-41.2561066627,0.392,-0.108
2335-027,2016,29,354.4889127746,0.233,-2.5160081197,0.184,0.069
2344-514,2016,5,356.8327671173,0.468,-51.176684795,0.341,0.138
2351-154,2016,6,358.6258131264,0.241,-15.2197813951,0.172,-0.09
2353+816,2016,9,359.094974456,0.114,81.8811819731,0.109,-0.124
2353-686,2016,11,359.0028393656,0.193,-68.3342977956,0.232,0.038
2355-106,2016,73,359.5453433052,0.121,-10.33572537,0.122,-0.143
2355-534,2016,6,359.4719419082,0.18,-53.1871358684,0.225,0.468
2356+385,2016,35,359.8882532923,0.121,38.8450884806,0.188,-0.135
2357-318,2016,19,359.8978814302,0.227,-31.5621735044,0.346,-0.183
2358+189,2016,9,0.2859232365,0.489,19.2427226735,0.544,0.209
