iers_name,year,num_ses,ra,ra_err,dec,dec_err,ra_dec_corr
0002-478,2018,5,1.1485643869,0.486,-47.6054455372,0.758,0.018
0003-066,2018,51,1.5578870184,0.098,-6.3931486889,0.073,0.02
0007+016,2018,3,2.4944071901,0.211,1.9653192776,0.404,0.077
0008-264,2018,51,2.7551947629,0.148,-26.2092714127,0.235,0.059
0009+081,2018,3,2.896956729,0.075,8.398773944,0.126,0.068
0010+405,2018,13,3.3797091567,0.101,40.8603177999,0.135,-0.279
0010-401,2018,6,3.2496243089,0.167,-39.9072376415,0.307,-0.132
0013-005,2018,6,4.0462022882,0.127,-0.2534570025,0.277,-0.051
0016+731,2018,76,4.940776576,0.058,73.4583382458,0.057,-0.057
0017+200,2018,56,4.9077270409,0.087,20.3626790726,0.059,0.057
0019+058,2018,44,5.6351717131,0.15,6.1345191601,0.127,0.102
0023-354,2018,4,6.5682797001,0.62,-35.2135536108,0.281,0.435
0025+197,2018,13,7.1242436595,0.125,20.0074289066,0.13,-0.086
0035-252,2018,3,9.5613978998,0.154,-24.9839544247,0.364,0.509
0037-593,2018,5,10.0327048195,0.39,-59.0646568281,0.696,0.199
0047+023,2018,4,12.4301495249,0.424,2.6177164682,0.5,-0.663
0048-097,2018,37,12.6721557212,0.124,-9.4847806322,0.17,0.093
0048-427,2018,13,12.789590757,0.394,-42.4425813499,0.861,0.033
0054+161,2018,18,14.2303930127,0.16,16.4203724903,0.164,0.235
0054-006,2018,3,14.3208425677,0.092,-0.4092159109,0.197,-0.311
0055-016,2018,3,14.3954358201,0.181,-1.3909863911,0.489,-0.542
0055-059,2018,7,14.5211095712,0.159,-5.6645217505,0.133,0.5
0059+581,2018,95,15.6906765359,0.055,58.4030934903,0.06,-0.025
0104-275,2018,3,16.608675123,0.093,-27.3032847685,0.195,-0.209
0104-408,2018,113,16.6879498546,0.126,-40.5722112183,0.198,-0.124
0106+013,2018,3,17.1615463152,0.238,1.5834214846,0.057,0.177
0107-610,2018,5,17.3144801617,0.234,-60.8301277779,0.455,0.404
0109+224,2018,31,18.0242696272,0.089,22.7441073207,0.123,-0.19
0110+495,2018,4,18.3625283418,0.128,49.8066786958,0.188,-0.014
0111+021,2018,6,18.4297706104,0.086,2.3714767364,0.132,-0.091
0113-118,2018,5,19.0521750539,0.133,-11.604287315,0.08,0.288
0115+027,2018,4,19.5770072449,0.087,2.9682746915,0.155,-0.146
0115-214,2018,8,19.4532505954,0.453,-21.1851758286,0.267,0.448
0116-219,2018,16,19.7385924074,0.092,-21.6917055839,0.228,-0.189
0119+041,2018,31,20.4869237406,0.198,4.3735373072,0.444,0.036
0119+115,2018,59,20.423312784,0.11,11.8306706225,0.229,0.091
0119-005,2018,3,20.557960265,0.127,-0.3002918886,0.272,-0.084
0130-171,2018,4,23.1811977319,0.11,-16.9134783305,0.114,0.287
0131-522,2018,87,23.2740103882,0.152,-52.0010959132,0.231,0.02
0133+476,2018,63,24.2441450387,0.065,47.8580833887,0.077,-0.24
0133-410,2018,3,24.0119019037,0.397,-40.7473051843,0.198,0.633
0134+311,2018,25,24.2863901373,0.171,31.3766266082,0.28,0.173
0137+012,2018,4,24.9887740857,0.237,1.5294829674,0.295,0.048
0138-097,2018,14,25.3576340026,0.108,-9.4787984029,0.129,-0.065
0142-278,2018,5,26.2641441676,0.126,-27.5595356428,0.252,-0.191
0149+218,2018,6,28.075245979,0.103,22.1188055344,0.119,0.394
0150+015,2018,3,28.1650455351,0.169,1.7881621619,0.363,0.057
0151+474,2018,24,28.7345411694,0.089,47.7240388114,0.114,-0.051
0158-404,2018,3,30.0493293767,0.419,-40.1828625366,0.216,0.578
0159+723,2018,10,30.8891040883,0.193,72.5482409792,0.18,-0.021
0201+113,2018,15,30.9444043292,0.197,11.5792805558,0.34,-0.475
0202+149,2018,7,31.2100578211,0.15,15.2364010091,0.189,-0.08
0202+319,2018,94,31.2705223621,0.065,32.2083598709,0.055,0.036
0202-172,2018,6,31.240309693,0.136,-17.0221779526,0.066,0.298
0206-689,2018,4,31.9622147914,0.275,-68.631989227,0.62,-0.173
0208-512,2018,5,32.6925018402,0.166,-51.0171921816,0.2,0.413
0212+735,2018,8,34.378388855,0.099,73.8257282876,0.098,-0.013
0212-620,2018,3,33.5675178468,0.212,-61.8260166601,0.312,0.487
0215+015,2018,33,34.4539781092,0.14,1.7471385985,0.125,0.077
0216+011,2018,3,34.779268729,0.104,1.3499628439,0.196,-0.3
0221+067,2018,8,36.1184508131,0.197,6.9898171716,0.256,0.642
0227-369,2018,7,37.3685375984,0.167,-36.7324505653,0.435,-0.077
0229+131,2018,70,37.9412253099,0.112,13.3818656711,0.079,0.148
0229-479,2018,4,37.799183438,0.166,-47.7698841476,0.335,0.332
0230-790,2018,5,37.395610853,0.155,-78.7960003398,0.12,0.148
0234+285,2018,11,39.4683569753,0.072,28.8024972485,0.102,-0.134
0234-301,2018,16,39.1298725406,0.121,-29.8987612784,0.325,-0.051
0235+164,2018,5,39.6622086948,0.07,16.6164651186,0.079,0.275
0237-027,2018,51,39.9394677922,0.103,-2.5780318156,0.127,0.154
0241+622,2018,5,41.2404036396,1.488,62.4684764647,1.71,-0.074
0252-549,2018,3,43.3715850268,0.128,-54.6976211256,0.269,0.262
0256-005,2018,11,44.8688173001,0.162,-0.3333264804,0.238,-0.115
0256-393,2018,4,44.5585204884,0.162,-39.161301158,0.11,0.441
0258+011,2018,3,45.348362344,0.08,1.3099989769,0.184,0.541
0300+470,2018,13,45.8968425824,0.093,47.2711876335,0.111,-0.029
0302+625,2018,7,46.6777480574,0.123,62.7172289656,0.154,0.209
0302-437,2018,4,46.1216759098,0.29,-43.5544522353,0.174,0.46
0302-623,2018,7,45.960963632,0.298,-62.1904306155,0.362,0.534
0306+102,2018,8,47.2650978865,0.075,10.4878724882,0.143,-0.166
0307+380,2018,41,47.7078329998,0.108,38.2482883225,0.119,0.062
0308-611,2018,102,47.4837463911,0.146,-60.9775156217,0.202,0.056
0312+100,2018,5,48.8380825679,0.236,10.2119678296,0.268,0.199
0312-770,2018,3,47.9802088817,0.151,-76.8641245869,0.099,0.08
0322+222,2018,56,51.4033931477,0.098,22.4001015769,0.097,0.02
0325+395,2018,3,52.2096336778,0.168,39.6790461637,0.181,-0.046
0327-241,2018,3,52.475314894,0.187,-23.9524370422,0.433,-0.664
0332+078,2018,12,53.7221528228,0.12,8.0040052986,0.134,-0.109
0332-403,2018,30,53.5568937007,0.221,-40.1403883565,0.384,-0.157
0334-546,2018,8,53.9746867324,0.163,-54.5069763365,0.347,0.099
0338-214,2018,14,55.148366058,0.185,-21.3253255823,0.187,0.296
0340+362,2018,17,55.870635045,0.328,36.3701193859,0.191,0.478
0342+147,2018,4,56.2767354878,0.12,14.8970995269,0.127,0.17
0343+485,2018,3,56.7983889784,0.139,48.7104091939,0.2,-0.009
0345+460,2018,14,57.3280899355,0.101,46.1665716278,0.121,-0.155
0346-279,2018,25,57.158935686,0.154,-27.8204349552,0.192,0.011
0347-211,2018,21,57.490944448,0.258,-21.0465948866,0.174,0.153
0350+465,2018,3,58.6250485691,0.096,46.7218750309,0.134,0.116
0355-669,2018,3,58.949513755,1.6,-66.7593936414,1.137,-0.563
0358+210,2018,10,60.4381919965,0.113,21.1746075377,0.139,0.142
0400+258,2018,3,60.7732753247,0.096,26.0004174164,0.136,0.063
0402-362,2018,60,60.9739579233,0.13,-36.0838647599,0.214,0.063
0403-132,2018,28,61.3916807918,0.127,-13.1371363882,0.217,-0.175
0405-385,2018,36,61.7459805823,0.148,-38.44112278,0.309,0.037
0410+110,2018,8,63.4180874463,0.29,11.2041073019,0.271,-0.169
0411+245,2018,3,63.5618143217,0.298,24.6886949705,0.601,-0.048
0413-210,2018,3,64.0181656204,0.098,-20.9409768258,0.262,-0.101
0414-189,2018,19,64.1522685503,0.159,-18.8523167248,0.131,0.33
0415+398,2018,16,64.8439562979,0.124,39.9247160389,0.145,-0.21
0420+022,2018,28,65.7175610443,0.136,2.3241474454,0.115,-0.025
0420-014,2018,30,65.815836334,0.124,-1.3425182023,0.111,-0.007
0421+464,2018,3,66.1631887895,0.194,46.6089668659,0.211,-0.011
0422+004,2018,12,66.1951752508,0.11,0.6017582336,0.225,0.026
0422-380,2018,11,66.1760153582,0.21,-37.9391068531,0.405,0.0
0422-389,2018,3,66.1404842712,0.172,-38.8115674828,0.115,0.208
0426+181,2018,3,67.3714735641,0.118,18.2644939261,0.236,-0.051
0426+273,2018,4,67.4706699283,0.101,27.4105210957,0.182,-0.074
0430+289,2018,6,68.4076244362,0.303,29.0987435572,0.782,-0.267
0434-188,2018,6,69.2561780965,0.146,-18.7468371022,0.347,-0.494
0437-454,2018,12,69.7535609435,0.157,-45.3729341729,0.365,0.146
0438-436,2018,7,70.0715831593,0.151,-43.5523900172,0.363,0.142
0440+345,2018,7,70.8818133009,0.104,34.685184535,0.188,-0.097
0442+389,2018,9,71.5478917748,0.131,39.0047499668,0.16,-0.125
0444+634,2018,3,72.3471266757,0.108,63.5359551744,0.113,-0.053
0446+112,2018,36,72.2819629341,0.135,11.3579434296,0.113,0.044
0448-392,2018,3,72.4260610484,0.157,-39.1859638862,0.096,0.026
0451-282,2018,5,73.3110282818,0.15,-28.1270352625,0.141,0.398
0453+269,2018,3,74.0723576888,0.148,27.0392104232,0.256,-0.291
0454+844,2018,24,77.1765148226,0.148,84.5345956099,0.173,0.207
0454-234,2018,114,74.2632467559,0.09,-23.4144500855,0.088,-0.118
0454-463,2018,15,73.9615522774,0.141,-46.2662999152,0.256,0.075
0454-810,2018,5,72.5226673214,0.092,-81.0172865179,0.091,0.041
0455+201,2018,3,74.6244675668,0.19,20.1933539713,0.319,-0.351
0458-020,2018,88,75.303374532,0.083,-1.9872934696,0.063,-0.021
0459+060,2018,3,75.5643581014,0.094,6.1520815805,0.116,-0.062
0500+019,2018,6,75.8383214978,0.317,2.0512991844,0.512,-0.093
0506+056,2018,4,77.3581853012,0.082,5.6931482188,0.158,-0.17
0506+101,2018,4,77.3644044343,0.119,10.1957222562,0.141,-0.434
0507+179,2018,4,77.5098714264,0.172,18.0115504041,0.175,0.036
0513-459,2018,3,78.6831657681,0.212,-45.9098807034,0.359,0.161
0515+208,2018,6,79.5159355085,0.116,20.9145826232,0.225,-0.001
0516-621,2018,6,79.18719227,0.119,-62.1181637529,0.197,0.132
0518-458,2018,3,79.9571797797,0.287,-45.7788482848,0.34,-0.333
0521-365,2018,7,80.7416026583,0.103,-36.4585697304,0.209,0.264
0522-611,2018,7,80.6434395016,0.18,-61.1325370827,0.327,0.15
0523-236,2018,6,81.2771078973,0.122,-23.6363352803,0.215,-0.286
0524+034,2018,16,81.8862726559,0.107,3.5254212728,0.206,-0.236
0524-485,2018,3,81.5694637446,0.214,-48.5102198566,0.338,-0.231
0528+134,2018,3,82.7350696988,0.177,13.5319858857,0.239,0.173
0528-250,2018,7,82.5331782729,0.226,-25.0583053733,0.268,-0.054
0529+483,2018,68,83.3161074927,0.081,48.3813355335,0.081,0.022
0530-727,2018,80,82.375175739,0.182,-72.7579187794,0.195,-0.112
0534-340,2018,21,84.1184681469,0.142,-34.0198522998,0.412,-0.145
0534-611,2018,6,83.6490520302,0.461,-61.1019646237,0.695,-0.609
0536+145,2018,11,84.9265249778,0.145,14.56265603,0.153,0.037
0537-286,2018,39,84.9761727026,0.178,-28.6655410537,0.253,0.3
0537-441,2018,112,84.7098399457,0.251,-44.0858163391,0.301,0.04
0541+269,2018,3,86.0410885775,0.264,26.9315481971,0.379,-0.151
0544+273,2018,40,86.8922871729,0.087,27.3657896349,0.107,-0.027
0545+258,2018,3,87.1540510968,0.314,25.8535293358,0.489,0.06
0545+276,2018,3,87.277231656,0.186,27.6194463489,0.248,-0.043
0549+201,2018,3,88.0291723356,0.122,20.1221632617,0.231,-0.202
0549-575,2018,9,87.5399176021,0.191,-57.5401101208,0.385,-0.056
0550-452,2018,3,87.921240539,0.423,-45.2615113053,0.26,0.635
0550-453,2018,4,88.0418341694,0.36,-45.3735198562,0.279,0.375
0552+398,2018,70,88.8783567496,0.068,39.8136569362,0.066,-0.059
0556+238,2018,11,89.8834713663,0.122,23.8983129347,0.236,-0.034
0557-454,2018,6,89.7981016674,0.155,-45.4945298212,0.236,0.265
0600+177,2018,6,90.7880427725,0.108,17.7046695495,0.193,-0.18
0601-706,2018,4,90.2968656952,0.203,-70.6024421875,0.244,-0.075
0602+673,2018,41,91.969465043,0.129,67.3487250846,0.175,-0.158
0604+728,2018,3,92.703638821,0.097,72.8147732618,0.092,-0.051
0605-085,2018,7,91.9987468977,0.247,-8.5805494573,0.087,0.111
0606-223,2018,24,92.2486951682,0.103,-22.3391546437,0.152,0.103
0607-157,2018,8,92.4206229962,0.182,-15.7112979381,0.08,0.057
0613+570,2018,41,94.3205107377,0.097,57.0212286708,0.107,-0.076
0624-546,2018,3,96.4676278923,0.124,-54.6474184022,0.249,0.171
0627-199,2018,20,97.3490077613,0.145,-19.9888121061,0.155,0.086
0632-235,2018,9,98.7458374871,0.297,-23.586654817,0.171,0.218
0634+233,2018,3,99.3598988251,0.146,23.3328384661,0.282,-0.073
0636+680,2018,5,100.5177390936,0.231,67.9765613595,0.245,0.006
0637-752,2018,3,98.9437835721,0.31,-75.2713376537,0.146,-0.098
0641+392,2018,26,101.223789973,0.373,39.2465371874,0.388,0.395
0642+449,2018,38,101.6334415737,0.078,44.8546083689,0.077,-0.025
0646-306,2018,35,102.0587351383,0.14,-30.7387944503,0.295,0.048
0647+251,2018,3,102.6937091983,0.141,25.04989593,0.258,-0.175
0647+286,2018,3,102.6273029245,0.207,28.5595276817,0.391,-0.425
0647-410,2018,3,102.3087949525,0.599,-41.1480627342,2.628,-0.691
0648-165,2018,60,102.6024244215,0.117,-16.6277015482,0.111,0.04
0650+232,2018,3,103.4432198282,0.284,23.229270355,0.478,-0.349
0651+410,2018,3,103.7917696976,0.1,41.0028223799,0.153,-0.345
0651+428,2018,3,103.681358113,0.134,42.7996488496,0.193,0.086
0656+082,2018,54,104.824983417,0.135,8.2252649623,0.317,-0.268
0657+172,2018,20,105.006356433,0.199,17.1560281764,0.236,-0.227
0700-007,2018,3,105.8295276029,0.095,-0.8508770693,0.177,0.179
0700-197,2018,27,105.6787527543,0.137,-19.8561209939,0.139,-0.106
0707+476,2018,5,107.6921037278,0.092,47.5364284844,0.129,-0.072
0709-387,2018,3,107.6818182986,0.19,-38.8436213144,0.127,0.313
0716+714,2018,50,110.4727020118,0.055,71.3434342773,0.059,-0.009
0722+145,2018,8,111.3200323357,0.13,14.4204852249,0.181,-0.161
0723+219,2018,14,111.5594197633,0.086,21.8889205574,0.122,-0.132
0723-008,2018,4,111.4609994665,0.136,-0.915706604,0.066,0.071
0727-115,2018,118,112.5796353138,0.076,-11.6868335386,0.066,0.036
0727-365,2018,4,112.2725487603,0.363,-36.6625647756,0.449,-0.027
0728-235,2018,3,112.7777831482,0.131,-23.6966305092,0.365,-0.102
0729+259,2018,4,113.2344803137,0.108,25.8107765722,0.233,0.306
0736+017,2018,35,114.8251412712,0.103,1.61794937,0.107,0.182
0736-397,2018,4,114.4826682101,0.53,-39.9094610025,2.418,-0.724
0738+313,2018,6,115.2945971355,0.117,31.2000643173,0.124,0.03
0738+491,2018,24,115.5114539742,0.078,49.0043358331,0.09,0.03
0741-444,2018,4,115.8864934328,1.151,-44.5680914836,6.246,-0.823
0743+259,2018,13,116.6078090999,0.102,25.8172596533,0.144,-0.006
0743+277,2018,17,116.6684680159,0.117,27.5830686102,0.088,0.083
0743-006,2018,17,116.4753430982,0.117,-0.7382054896,0.19,-0.034
0747+185,2018,7,117.5013747162,0.176,18.3865020182,0.221,-0.042
0748+126,2018,74,117.7168572933,0.086,12.5180078577,0.067,0.005
0749+540,2018,30,118.2557690925,0.11,53.8832325539,0.123,0.241
0754+100,2018,4,119.2776789638,0.094,9.9430144716,0.153,-0.254
0759+183,2018,6,120.7001332597,0.153,18.163680492,0.218,0.21
0800+618,2018,55,121.3257482296,0.1,61.7399167975,0.111,-0.033
0804+499,2018,27,122.1652762347,0.15,49.8434806556,0.172,-0.352
0805+410,2018,24,122.2360502223,0.121,40.8791358476,0.132,0.046
0805-077,2018,4,122.0647335777,0.242,-7.8527461729,0.999,0.442
0808+019,2018,32,122.8612804894,0.11,1.7811722563,0.132,0.048
0812+367,2018,10,123.8581036589,0.105,36.587541308,0.116,0.115
0814+425,2018,21,124.5666650866,0.085,42.3792819119,0.077,0.099
0821+394,2018,25,126.2311827502,0.11,39.2783066843,0.098,0.042
0823+033,2018,64,126.4597431337,0.114,3.156811083,0.184,0.149
0823-223,2018,8,126.506553957,0.333,-22.5075563828,0.42,-0.124
0826-373,2018,3,127.0199175763,0.173,-37.5184114641,0.17,0.302
0827+243,2018,26,127.7170258491,0.11,24.1832833699,0.107,-0.064
0831+442,2018,3,128.7425002025,0.124,44.0605946308,0.188,0.158
0834+250,2018,4,129.4176903235,0.326,24.9064226135,0.189,-0.073
0834-201,2018,82,129.1633968819,0.146,-20.2831956203,0.182,0.214
0838+235,2018,3,130.4752356934,0.268,23.3318732113,0.396,0.173
0842-375,2018,4,131.2180049698,0.212,-37.7026046256,0.162,0.165
0843-547,2018,6,131.2603446428,0.619,-54.9690388414,0.803,-0.111
0847-120,2018,24,132.5401485021,0.252,-12.2264934016,0.184,0.29
0851-577,2018,3,133.161357451,0.195,-57.9249470904,0.27,0.148
0854-108,2018,15,134.1741839947,0.123,-11.0873417505,0.207,-0.258
0858-279,2018,3,135.1668282722,0.13,-28.1389849498,0.368,-0.203
0859-140,2018,3,135.5701287777,0.154,-14.2585766155,0.112,0.27
0902-350,2018,4,136.1765782145,0.189,-35.2400970075,0.426,-0.204
0906+015,2018,4,137.2920482775,0.14,1.3598937366,0.067,0.113
0907+230,2018,3,137.6755546367,0.145,22.8098837748,0.213,0.093
0912+029,2018,41,138.657972671,0.112,2.7664572762,0.186,-0.09
0917-354,2018,3,139.7787069604,0.267,-35.6408434805,0.197,-0.334
0918-363,2018,4,140.1091713148,0.175,-36.5298655069,0.145,0.016
0919-260,2018,4,140.3723078693,0.211,-26.3120517211,0.121,0.253
0920+390,2018,21,140.8102206046,0.133,38.8277527922,0.149,-0.053
0920-397,2018,75,140.6934094836,0.207,-39.9930745013,0.549,0.172
0923-355,2018,3,141.4419125362,0.332,-35.7840933704,0.441,-0.363
0925-203,2018,58,141.9659346764,0.13,-20.5808978939,0.165,-0.049
0943+105,2018,3,146.6461247839,0.331,10.2850380137,0.405,-0.479
0951+268,2018,4,148.665818887,0.072,26.6568175678,0.105,0.335
0951+699,2018,4,148.9648142766,22.428,69.6793928582,24.754,-0.076
0954+658,2018,12,149.6968546763,0.104,65.5652272009,0.113,-0.007
0955+326,2018,4,149.5872901746,0.096,32.4006137688,0.145,-0.167
0955+476,2018,77,149.5819652257,0.073,47.4188451018,0.075,-0.044
0956-409,2018,3,149.659566269,0.213,-41.1758820652,0.187,0.244
0958+346,2018,9,150.2997884981,0.14,34.4140164322,0.172,0.191
0959-443,2018,3,150.4996168654,0.369,-44.6335007003,0.275,-0.222
1012+232,2018,6,153.6961060807,0.155,23.0212696899,0.282,0.51
1012-448,2018,4,153.7098124107,0.137,-45.1447650461,0.304,0.128
1013+054,2018,12,154.013068609,0.137,5.2173170379,0.231,-0.112
1013+127,2018,4,153.933430807,0.106,12.4519639571,0.094,0.032
1015+359,2018,12,154.5457837717,0.121,35.7109557954,0.163,-0.171
1020+292,2018,3,155.8501922439,0.161,28.9474967629,0.284,-0.166
1022+194,2018,7,156.1867066002,0.14,19.2056708967,0.233,0.428
1022-665,2018,4,155.9313880552,0.325,-66.7801994457,0.359,0.731
1027-186,2018,6,157.3879071918,0.251,-18.8806358416,0.269,0.208
1028+313,2018,4,157.7462234185,0.275,31.0488121272,0.435,-0.099
1030+074,2018,6,158.3917678796,0.083,7.1905965088,0.164,-0.018
1030+415,2018,55,158.2654493292,0.082,41.2683980266,0.071,-0.048
1032-199,2018,3,158.7589805654,0.176,-20.1928776017,0.098,0.453
1034-293,2018,116,159.3169988961,0.187,-29.5674482153,0.247,-0.168
1034-374,2018,15,159.2226650229,0.181,-37.7375182518,0.527,-0.009
1036+054,2018,4,159.6949161464,0.08,5.2080794334,0.133,-0.193
1038+52A,2018,11,160.4449236868,0.105,52.5578424353,0.132,0.066
1039+811,2018,24,161.0960942858,0.076,80.9109563975,0.071,-0.012
1039-474,2018,4,160.4360412865,0.109,-47.6666850455,0.19,0.075
1040+244,2018,28,160.7876490981,0.118,24.1431693055,0.101,0.116
1042+071,2018,4,161.2329635113,0.129,6.9272950648,0.192,-0.184
1044+719,2018,9,162.115083023,0.091,71.7266495727,0.123,-0.203
1045-188,2018,9,162.0275858265,0.171,-19.1599241806,0.113,0.183
1045-620,2018,4,161.9289680459,0.283,-62.2873982975,0.266,-0.36
1048-526,2018,6,162.6584516324,0.21,-52.8300911997,0.414,0.24
1049+215,2018,3,162.9532879145,0.164,21.3311983381,0.312,-0.019
1053+704,2018,56,164.2234063023,0.074,70.1960876485,0.079,0.015
1053+815,2018,17,164.5480640907,0.065,81.2424097417,0.063,0.083
1055+018,2018,9,164.6233550506,0.088,1.5663398869,0.075,-0.057
1057-797,2018,127,164.6804574219,0.124,-80.0650444177,0.123,0.08
1059+282,2018,14,165.5595352922,0.099,27.9524137157,0.09,-0.05
1059-631,2018,3,165.4765769955,0.451,-63.42294453,0.407,-0.1
1100+122,2018,11,165.7647076682,0.121,11.9712845831,0.102,0.078
1101+384,2018,8,166.1138080776,0.123,38.2088331209,0.191,-0.267
1101-536,2018,5,165.9675904621,0.133,-53.9501935571,0.268,0.151
1104+728,2018,6,166.9238440222,0.248,72.5433347678,0.217,-0.155
1104-445,2018,84,166.7862255843,0.384,-44.8187829202,0.338,-0.446
1111+149,2018,15,168.4945628658,0.154,14.7074868666,0.282,-0.322
1116-462,2018,4,169.6123234356,0.127,-46.570833853,0.243,0.129
1123+264,2018,30,171.4737996417,0.109,26.1722162877,0.093,-0.018
1124-186,2018,99,171.7683018875,0.124,-18.9548449645,0.128,-0.114
1125+366,2018,7,171.9952952136,0.239,36.3412086806,0.24,0.007
1127-145,2018,3,172.529385826,0.105,-14.8242745432,0.06,0.357
1128+385,2018,35,172.7220109085,0.082,38.2551518827,0.077,0.012
1129-580,2018,6,172.9303667632,0.118,-58.3148453975,0.213,0.163
1130+009,2018,4,173.333565822,0.17,0.6813436926,0.393,-0.333
1133-032,2018,46,174.1024039031,0.132,-3.5081935208,0.15,-0.032
1136-156,2018,3,174.8732336882,0.092,-15.8810150407,0.242,-0.289
1143-332,2018,6,176.6185490443,0.386,-33.4785089233,0.506,0.273
1143-696,2018,4,176.4734339878,0.189,-69.9004993677,0.192,0.404
1144+402,2018,67,176.7429079945,0.07,39.9761956406,0.066,0.0
1144-379,2018,94,176.7557113268,0.127,-38.2030621352,0.18,-0.083
1145+268,2018,11,176.9990162833,0.169,26.595092339,0.202,-0.114
1145-071,2018,11,176.9648084697,0.094,-7.4114281765,0.131,-0.014
1147+245,2018,5,177.5800508035,0.097,24.2982875312,0.122,-0.172
1148-671,2018,3,177.805943896,0.146,-67.4697483458,0.197,0.189
1149-084,2018,65,178.0717063123,0.105,-8.6842538983,0.09,-0.016
1156+295,2018,45,179.88264131,0.075,29.245507422,0.066,-0.04
1156-663,2018,3,179.8262723203,0.486,-66.5942854799,0.745,-0.023
1201+454,2018,3,180.8974812976,0.525,45.180434636,0.629,-0.24
1206-202,2018,4,182.3108790977,0.112,-20.544163837,0.197,0.299
1211+029,2018,3,183.5959450303,0.226,2.7146767258,0.501,-0.088
1212+078,2018,3,183.7957371391,0.327,7.5346311327,0.612,-0.029
1212+171,2018,9,183.7665797981,0.153,16.9105435608,0.093,0.249
1212+467,2018,3,183.7914267467,0.132,46.4541964801,0.192,-0.401
1212-092,2018,3,183.658310781,0.366,-9.5597505605,0.249,0.298
1213-172,2018,35,183.9447990719,0.135,-17.5292786678,0.143,0.02
1215+303,2018,12,184.4670082026,0.123,30.1168432927,0.137,0.12
1215-457,2018,4,184.5260434863,1.105,-46.0080531358,1.713,-0.285
1218-082,2018,6,185.1889745419,0.249,-8.5190294461,0.321,0.261
1219+044,2018,28,185.5939567683,0.124,4.2210489442,0.279,0.042
1221+809,2018,8,185.9187239707,0.101,80.6678723332,0.095,0.024
1226+373,2018,23,187.1975986881,0.122,37.1033598923,0.146,-0.039
1229-099,2018,3,188.0660827267,0.164,-10.2569916497,0.104,0.151
1236+077,2018,11,189.8524513846,0.133,7.5047747443,0.16,-0.052
1236-684,2018,4,189.9443806405,0.504,-68.7585811792,1.051,-0.589
1240+367,2018,3,190.8030678098,0.282,36.4622213513,0.427,-0.096
1240+381,2018,3,190.7140376184,0.241,37.8500069847,0.341,0.468
1243-072,2018,51,191.5176338259,0.13,-7.5129374167,0.114,0.15
1243-160,2018,28,191.4739261114,0.123,-16.2793626114,0.127,-0.119
1244-255,2018,24,191.6950085221,0.104,-25.7970247662,0.272,0.001
1251-197,2018,6,193.6552317309,0.665,-20.0156685141,0.305,0.555
1251-713,2018,7,193.7496728692,0.175,-71.638454645,0.212,-0.09
1252+119,2018,11,193.6593983852,0.099,11.6849711895,0.136,-0.051
1255-177,2018,6,194.6595904234,0.215,-18.0008679268,0.113,0.267
1255-316,2018,107,194.4960867991,0.219,-31.9213476492,0.28,0.381
1256-220,2018,10,194.7269948972,0.24,-22.3253124885,0.213,0.108
1300+580,2018,49,195.7186053719,0.086,57.8104470742,0.101,0.102
1302-034,2018,3,196.1818425383,0.094,-3.7673753686,0.156,-0.105
1305-104,2018,4,197.0516324021,0.188,-10.7213059121,0.157,0.028
1306+360,2018,7,197.0987880707,0.207,35.7769899886,0.125,0.266
1308+326,2018,6,197.6194327159,0.19,32.3454953223,0.268,0.187
1308+328,2018,12,197.7475113715,0.137,32.5595692538,0.133,0.135
1313-333,2018,22,199.0332748495,0.137,-33.6497702665,0.37,-0.291
1322-110,2018,3,201.3050815795,0.13,-11.2941894515,0.113,0.076
1323-527,2018,4,201.7051212409,0.092,-52.9398981271,0.219,0.516
1324+224,2018,50,201.753588813,0.114,22.1806007519,0.124,0.019
1325-558,2018,3,202.2547704674,0.16,-56.1340738477,0.21,0.372
1327+504,2018,22,202.2741779978,0.166,50.1573335264,0.18,0.189
1330+022,2018,8,203.221960485,0.282,2.0126942018,0.161,0.22
1330+476,2018,7,203.18852675,0.163,47.3729632554,0.175,0.008
1331-109,2018,3,203.4593091897,0.164,-11.214354149,0.103,0.196
1333-152,2018,3,204.1420382178,0.335,-15.4966863181,0.424,-0.011
1333-170,2018,3,204.1485195738,0.173,-17.2908613946,0.095,0.104
1333-337,2018,5,204.1626357836,1.144,-33.9658537931,1.21,-0.907
1334-127,2018,66,204.4157615803,0.102,-12.956859323,0.099,-0.059
1335+552,2018,3,204.456842807,0.092,55.0172548556,0.108,-0.083
1342+662,2018,17,205.9414982043,0.111,66.0404847289,0.113,0.001
1342+663,2018,7,206.0361652672,0.126,66.1032344101,0.159,0.137
1345+735,2018,3,206.5353129004,0.143,73.3481379041,0.133,-0.063
1346-109,2018,3,207.2633043688,0.126,-11.1668941299,0.302,-0.063
1348+308,2018,8,207.7197342424,0.175,30.5815529574,0.125,0.189
1349-145,2018,3,207.969373514,0.107,-14.8207106717,0.145,0.047
1349-439,2018,8,208.235562291,0.398,-44.2112188627,0.729,-0.122
1351-018,2018,41,208.5287305263,0.115,-2.1008862129,0.251,0.12
1352-104,2018,8,208.6938278187,0.266,-10.6840712014,0.21,0.099
1353-171,2018,3,209.0289709294,0.152,-17.4088382615,0.096,0.021
1354-107,2018,3,209.1951325946,0.163,-11.0247853019,0.118,0.357
1354-152,2018,20,209.2968541001,0.133,-15.4579963895,0.144,0.184
1357+769,2018,7,209.4807146757,0.19,76.7225141419,0.215,0.098
1406-076,2018,40,212.2353383295,0.147,-7.8740740561,0.141,-0.024
1406-267,2018,6,212.459040439,1.16,-26.960272723,0.551,-0.462
1412-368,2018,3,213.8584014725,0.238,-37.0908250028,0.755,-0.354
1413+135,2018,20,213.9950729411,0.097,13.3399202378,0.098,0.057
1413-213,2018,3,214.1763106641,0.235,-21.5319535947,0.144,0.317
1417+385,2018,33,214.9442240001,0.106,38.3634652905,0.122,0.087
1418+546,2018,69,214.9441559503,0.081,54.3874408194,0.083,-0.098
1420-679,2018,9,216.2314890843,0.193,-68.1328040445,0.232,0.042
1423+146,2018,6,216.4542417245,0.134,14.4158060458,0.284,-0.056
1424+240,2018,4,216.7516324562,0.34,23.8000104571,0.306,0.069
1424-418,2018,138,216.9845731894,0.112,-42.1053993507,0.162,-0.12
1430-178,2018,3,218.2403776183,0.137,-18.0264580385,0.302,-0.728
1432+200,2018,6,218.6658057136,0.112,19.8668710381,0.187,-0.144
1435-218,2018,3,219.5394557693,0.179,-22.0818746011,0.125,0.287
1441+252,2018,31,220.9870508458,0.131,25.0290252378,0.15,-0.034
1443-162,2018,8,221.4724011837,0.163,-16.4837831074,0.376,0.051
1446-214,2018,3,222.4165589222,0.226,-21.6568708242,0.187,0.293
1448-232,2018,4,222.7604560587,0.259,-23.4919763514,0.331,0.028
1451-375,2018,7,223.6142073905,0.187,-37.7925401549,0.695,0.162
1451-400,2018,9,223.6371351124,0.368,-40.2090313534,1.106,-0.263
1452-168,2018,3,223.7617110601,0.246,-17.0038760492,0.213,0.216
1456+044,2018,10,224.7473175636,0.163,4.2705056678,0.282,-0.205
1459+480,2018,7,225.2027259211,0.149,47.8543161437,0.187,-0.047
1502+036,2018,55,226.2769881662,0.145,3.4418923423,0.122,0.151
1502+106,2018,13,226.1040823813,0.083,10.4942218324,0.094,0.061
1502-242,2018,3,226.3865965352,0.289,-24.4058699594,0.202,0.372
1504+377,2018,40,226.5397082471,0.102,37.5142034502,0.105,0.089
1504-166,2018,4,226.76994568,0.136,-16.8750741435,0.12,0.242
1505-496,2018,6,227.1622696558,0.178,-49.8839752694,0.345,0.118
1508+572,2018,9,227.5121765878,0.117,57.0453822269,0.145,-0.055
1510-089,2018,12,228.2105539103,0.118,-9.0999527042,0.12,0.066
1511-100,2018,12,228.4370559572,0.123,-10.200073578,0.124,-0.041
1511-476,2018,4,228.6667691882,0.13,-47.8082936542,0.289,0.368
1514+004,2018,3,229.1675793791,0.09,0.2505304216,0.169,-0.375
1514+197,2018,21,229.2366506853,0.132,19.5369421829,0.125,0.11
1514-241,2018,4,229.4242213748,0.106,-24.3720767228,0.285,0.309
1519-273,2018,99,230.6569833263,0.153,-27.5029959767,0.186,0.033
1519-294,2018,4,230.6061930942,0.45,-29.607008595,0.278,0.662
1520+319,2018,18,230.5416322232,0.164,31.7373283338,0.184,0.085
1520+437,2018,23,230.45672449,0.122,43.6109078456,0.152,-0.085
1528+240,2018,3,232.65134047,0.254,23.8768654908,0.437,0.151
1529-131,2018,3,233.1890614546,0.181,-13.3194683031,0.184,0.203
1533-220,2018,3,234.1220668651,0.218,-22.2035485562,0.55,-0.204
1535+004,2018,3,234.5664713133,0.115,0.3181454714,0.222,0.516
1538+149,2018,29,235.2062146518,0.134,14.7960790243,0.123,0.033
1545-226,2018,4,237.2072890248,0.255,-22.8506990587,0.167,-0.195
1546+027,2018,55,237.3726535289,0.089,2.6169897524,0.073,0.017
1546-165,2018,3,237.333335294,0.355,-16.6615536703,0.89,0.247
1548+056,2018,5,237.6469552125,0.117,5.4529021052,0.187,-0.1
1554-643,2018,3,239.7095181448,0.338,-64.5415660134,0.586,0.08
1555+001,2018,23,239.4643082142,0.092,-0.0306705,0.12,-0.104
1557+032,2018,6,239.879052612,0.35,3.08007122,0.296,0.304
1602-115,2018,20,241.3230485898,0.206,-11.6574531315,0.15,0.242
1604-333,2018,22,241.8948431504,0.214,-33.5191427002,0.579,-0.238
1606+106,2018,29,242.1925132558,0.114,10.485493317,0.1,-0.123
1607+604,2018,3,242.085593365,0.185,60.3078331023,0.225,-0.151
1608+243,2018,11,242.6751114239,0.522,24.2469476658,0.249,0.246
1610-771,2018,6,244.4553186212,0.315,-77.2884632593,0.449,0.195
1611+343,2018,4,243.4211009611,0.069,34.2133080044,0.112,0.087
1611-710,2018,6,244.1276727848,0.3,-71.1420705358,0.643,-0.514
1614+051,2018,8,244.1564867802,0.118,4.9924268291,0.227,-0.178
1615+029,2018,5,244.4579507219,1.07,2.7786399894,1.369,0.45
1616+063,2018,5,244.7653653225,0.286,6.2172897528,0.614,-0.415
1617+229,2018,30,244.8117691804,0.117,22.796625214,0.116,-0.068
1619-680,2018,6,246.0768209521,0.214,-68.153471374,0.261,0.355
1622-253,2018,35,246.4453818546,0.164,-25.4606463414,0.194,-0.05
1623+578,2018,20,246.1033647921,0.223,57.6878557945,0.231,0.033
1624-617,2018,7,247.2278742575,0.168,-61.8767771935,0.223,0.174
1633-810,2018,3,250.7389389709,0.406,-81.1430750675,0.36,0.266
1636+473,2018,17,249.438043976,0.09,47.2927308979,0.111,-0.294
1637+574,2018,12,249.5560679254,0.104,57.3399941151,0.119,-0.162
1639+230,2018,61,250.3551148688,0.11,22.9511202035,0.153,-0.007
1639-062,2018,61,250.5090738017,0.12,-6.3565819506,0.094,0.13
1639-200,2018,3,250.5220453899,0.179,-20.1235693232,0.125,0.344
1640-166,2018,3,250.9443805032,0.178,-16.7631906968,0.097,0.318
1642+690,2018,8,250.5327021663,0.092,68.9443767455,0.096,0.024
1646-506,2018,4,252.5692795014,0.277,-50.7467251657,0.295,0.01
1651+391,2018,4,253.2437898266,0.534,39.0471727719,0.443,-0.21
1655+077,2018,5,254.5375477642,0.128,7.6909834595,0.182,-0.072
1656-075,2018,17,254.6835914644,0.146,-7.6549151705,0.189,0.417
1657-261,2018,111,255.2214752744,0.191,-26.1810348323,0.18,-0.088
1657-562,2018,7,255.4369089692,0.151,-56.3655285042,0.279,-0.02
1659-621,2018,5,255.9022549839,0.143,-62.2111134489,0.19,0.255
1705+018,2018,30,256.8933969746,0.106,1.8126942503,0.145,-0.027
1705+135,2018,3,256.9401554396,0.211,13.5181202981,0.182,0.203
1706-174,2018,6,257.3931057465,0.197,-17.4814902793,0.521,0.137
1709-342,2018,3,258.2914231699,0.662,-34.3081745633,2.473,0.393
1710-269,2018,3,258.3803150315,0.27,-26.9812574027,0.502,0.226
1713-191,2018,3,259.0411598,0.85,-19.1594021735,2.072,-0.732
1717+178,2018,10,259.8043686962,0.117,17.751788109,0.146,0.252
1722+330,2018,6,261.0591575854,0.377,33.0510941737,0.285,0.395
1725+123,2018,19,262.0293800898,0.11,12.2609681591,0.135,-0.096
1726+455,2018,20,261.8652116716,0.073,45.511036485,0.072,0.107
1729-373,2018,3,263.3133043125,0.498,-37.3756665165,1.386,0.04
1732+389,2018,12,263.5857439097,0.109,38.9642897201,0.116,-0.052
1734+063,2018,4,264.3072042522,0.125,6.350992287,0.105,-0.2
1738+476,2018,3,264.9880378242,0.091,47.6328782472,0.112,0.199
1738+499,2018,6,264.864127035,0.214,49.917602379,0.276,-0.239
1739+522,2018,7,265.154074336,0.15,52.1953910075,0.134,-0.137
1741-038,2018,127,265.9952339079,0.083,-3.8346157565,0.07,0.023
1745+624,2018,9,266.5584753748,0.124,62.4485383295,0.133,-0.152
1749+096,2018,84,267.8867440712,0.082,9.6502023477,0.076,0.014
1751+288,2018,72,268.4269734925,0.075,28.8013718898,0.069,0.09
1754+155,2018,11,269.2212589255,0.124,15.5891184772,0.121,0.028
1758+388,2018,12,270.1031889885,0.126,38.8085271018,0.134,-0.083
1758-651,2018,10,270.8479027769,0.231,-65.1268781594,0.238,0.103
1759-396,2018,126,270.6778335354,0.241,-39.6688633936,0.289,0.112
1800+440,2018,7,270.3846450314,0.101,44.072750062,0.096,0.13
1802-381,2018,3,271.4235342728,0.65,-38.0957018378,1.919,-0.633
1803+784,2018,42,270.190349587,0.058,78.4677829017,0.058,0.032
1804-502,2018,5,272.0576484113,0.165,-50.1982256507,0.385,0.108
1806+456,2018,50,272.0911911945,0.079,45.7057962322,0.093,0.064
1815-553,2018,3,274.9391647642,0.144,-55.3557625767,0.256,0.352
1823+568,2018,6,276.0294515016,0.077,56.8504141446,0.097,-0.072
1823+689,2018,3,275.8868909389,0.267,68.9646144759,0.367,-0.115
1824-582,2018,9,277.3016765565,0.206,-58.2319893976,0.314,0.111
1828-187,2018,3,277.8464237109,2.224,-18.726345609,2.335,0.608
1831-711,2018,7,279.3696457465,0.14,-71.1454318026,0.216,0.289
1839+389,2018,3,280.2381426146,0.123,39.0127011702,0.173,0.166
1842+681,2018,11,280.6401735666,0.123,68.1570077781,0.132,-0.241
1842-220,2018,3,281.4162617952,0.356,-22.0101609084,0.638,0.279
1846+322,2018,60,282.0920357274,0.112,32.3173899175,0.131,-0.089
1849+670,2018,49,282.3169678415,0.059,67.094911212,0.063,-0.06
1853-226,2018,3,284.1519312945,0.363,-22.6046447423,0.644,0.314
1856-252,2018,4,284.770992107,0.2,-25.1630858908,0.184,0.248
1858-255,2018,4,285.3838598086,0.24,-25.4706190013,0.349,0.368
1902-257,2018,3,286.2999350625,0.258,-25.6343140001,0.192,0.323
1905-297,2018,4,287.122638541,0.227,-29.704706412,0.49,-0.12
1906-217,2018,3,287.4381439677,0.148,-21.6598332022,0.153,0.215
1908-201,2018,58,287.790220406,0.164,-20.11530807,0.224,0.112
1909+161,2018,8,287.9927392063,0.392,16.1963513565,0.154,-0.289
1910-298,2018,4,288.5151418307,0.16,-29.79576993,0.304,0.065
1911-259,2018,3,288.7402791491,0.253,-25.867104071,0.199,0.281
1917-248,2018,4,290.0601291008,0.201,-24.7516108719,0.192,0.176
1920-211,2018,24,290.8841242621,0.176,-21.0759258723,0.204,0.048
1921-293,2018,103,291.2127331372,0.139,-29.24170025,0.262,0.301
1923+210,2018,35,291.4983557736,0.397,21.1072672951,0.199,0.426
1925-610,2018,9,292.5256670558,0.157,-60.9358844063,0.246,0.083
1929+226,2018,30,292.853819817,0.101,22.7253496115,0.163,-0.111
1929-457,2018,5,293.1870322274,0.166,-45.6105358772,0.349,0.22
1933-400,2018,8,294.3175724613,0.287,-39.967098074,0.306,0.413
1935-692,2018,3,295.1063673208,0.394,-69.1324922284,0.413,0.406
1936+714,2018,4,294.0148364255,0.18,71.5254958414,0.175,0.148
1936-155,2018,69,294.861073976,0.11,-15.4286273631,0.096,-0.036
1936-623,2018,3,295.34070247,0.175,-62.1891824963,0.271,0.222
1938-202,2018,3,295.2387722603,0.303,-20.1141428452,0.588,-0.057
1950-613,2018,4,298.7948777564,0.533,-61.2553160901,0.601,0.309
1953-325,2018,4,299.247730348,0.111,-32.4294463741,0.3,-0.339
1954+513,2018,17,298.9280761336,0.104,51.5301517164,0.122,-0.25
1954-388,2018,60,299.4992469618,0.184,-38.7517655237,0.311,0.068
1958-179,2018,24,300.2378767978,0.119,-17.8160201692,0.141,0.075
1959-639,2018,3,301.1228253646,0.23,-63.7898085777,0.25,0.119
2000+148,2018,8,300.6749967976,0.093,15.0207150039,0.12,-0.033
2000+472,2018,57,300.5434094123,0.081,47.4246593646,0.094,0.11
2002-375,2018,16,301.4794620626,0.168,-37.3948550095,0.491,-0.105
2005+642,2018,4,301.5737272149,0.081,64.4126160795,0.102,-0.217
2008-159,2018,82,302.8154621886,0.109,-15.7778482726,0.115,0.007
2009-193,2018,3,303.1447080748,0.14,-19.2481265342,0.35,-0.328
2010-265,2018,3,303.4605061685,0.294,-26.4019804654,0.81,-0.666
2013+163,2018,33,304.0577501169,0.115,16.5428091791,0.093,0.111
2022+542,2018,3,305.982683348,0.065,54.4599525408,0.082,-0.154
2029+024,2018,7,307.9468796671,0.273,2.6603565472,0.197,0.062
2029+121,2018,14,307.9791428014,0.08,12.3281500069,0.157,-0.04
2030-689,2018,3,308.9536521817,0.184,-68.7760669227,0.193,0.514
2032+107,2018,4,308.8430554242,0.097,10.9352188532,0.179,-0.448
2039+452,2018,3,310.2013878525,0.964,45.4547625386,1.026,0.168
2052-474,2018,116,314.06816591,0.289,-47.246563281,0.301,-0.079
2059+034,2018,76,315.4118089478,0.11,3.6920335816,0.116,0.079
2105+551,2018,3,316.6564120127,0.219,55.3449210496,0.233,-0.118
2106+143,2018,4,317.1709672277,0.121,14.5075035513,0.236,-0.164
2106-413,2018,6,317.3882857903,0.284,-41.1723905188,0.678,-0.203
2113+293,2018,83,318.8725560308,0.122,29.56065752,0.171,0.057
2117-614,2018,3,320.266975452,1.253,-61.1901734033,1.318,0.699
2120+099,2018,3,320.805660278,0.114,10.1319292617,0.258,0.362
2121+053,2018,5,320.9354890391,0.384,5.5894702359,0.408,0.338
2126-158,2018,69,322.3007328938,0.117,-15.644733909,0.2,0.159
2127-096,2018,6,322.5795344721,0.46,-9.4603987275,0.29,0.189
2128-123,2018,4,322.8969238979,0.213,-12.1179990104,0.142,0.274
2131-021,2018,9,323.5429565992,0.08,-1.8881218972,0.087,0.004
2136+141,2018,10,324.7554553577,0.115,14.3933312065,0.087,0.143
2137-196,2018,3,325.1952506828,0.229,-19.3989018727,0.192,0.286
2141+175,2018,41,325.8981023512,0.087,17.7302187924,0.077,0.067
2142+110,2018,3,326.3282294866,0.109,11.2575868575,0.121,0.187
2142-758,2018,5,326.8030441807,0.18,-75.6036736,0.179,0.122
2144+092,2018,16,326.7923457215,0.15,9.4962978465,0.119,0.254
2145+082,2018,7,326.9800806676,0.284,8.5033046035,0.251,0.07
2146-783,2018,3,328.0131439159,0.173,-78.1185108918,0.217,0.54
2147-186,2018,4,327.5072320521,0.215,-18.3739335276,0.154,0.318
2149+056,2018,14,327.9078145339,0.176,5.8702651169,0.267,-0.129
2150+173,2018,8,328.1034141482,0.187,17.577165289,0.198,0.047
2152-699,2018,3,329.2749194479,0.688,-69.6899123391,0.871,0.918
2153-204,2018,4,329.1406493252,0.262,-20.2085817612,0.177,0.338
2154-135,2018,3,329.2624012873,0.195,-13.3174902743,0.374,0.2
2155+312,2018,6,329.3700995075,0.27,31.4503755131,0.35,-0.153
2155-152,2018,4,329.5261746786,0.192,-15.0192577424,0.078,0.314
2155-304,2018,8,329.7169380628,0.301,-30.225588368,0.337,0.242
2157-200,2018,4,330.032341466,0.197,-19.7631535836,0.192,0.269
2158-167,2018,3,330.2286620078,0.162,-16.5424175036,0.153,0.254
2201+315,2018,3,330.8123991073,0.184,31.760630564,0.209,-0.033
2204-540,2018,6,331.9322221121,0.176,-53.7760610306,0.328,0.411
2209+236,2018,35,333.0248596734,0.123,23.927928828,0.133,-0.104
2211-132,2018,3,333.6107635607,0.2,-12.961799934,0.161,0.222
2214+350,2018,42,334.0833746096,0.167,35.3039388806,0.198,0.172
2215+020,2018,3,334.4509913918,0.149,2.3363088697,0.114,-0.049
2215+150,2018,33,334.5454746119,0.088,15.3432548432,0.079,0.125
2216-126,2018,3,334.7811998034,0.237,-12.3610713106,0.162,0.28
2220-119,2018,4,335.7333544546,0.173,-11.7406600211,0.148,0.339
2220-163,2018,5,335.9215528945,0.236,-16.118103578,0.227,0.121
2220-351,2018,19,335.7747106247,0.159,-34.9297716825,0.482,0.094
2227-088,2018,86,337.4170180496,0.086,-8.5484542989,0.073,0.016
2227-445,2018,3,337.7351787645,0.197,-44.2749699978,0.389,0.37
2229+695,2018,79,337.6519568611,0.079,69.7744658119,0.076,0.019
2232-488,2018,3,338.8051523905,0.143,-48.5996651225,0.311,0.012
2234+282,2018,6,339.0936284712,0.105,28.4826147288,0.108,0.208
2236-572,2018,10,339.8003162799,0.161,-57.0168998706,0.255,0.036
2239+096,2018,6,340.4571555178,0.155,9.897901463,0.13,0.16
2243-123,2018,8,341.5759665698,0.161,-12.1142436967,0.099,0.455
2243-563,2018,4,341.5699692674,0.285,-56.1294458229,0.442,0.148
2244-372,2018,11,341.7663221833,0.174,-36.9628621779,0.414,0.134
2245-091,2018,3,341.9674717445,0.173,-8.8394662172,0.245,0.249
2245-128,2018,4,341.9693376374,0.107,-12.6221449079,0.11,0.276
2245-328,2018,14,342.1611907075,0.165,-32.5978300547,0.363,-0.244
2247-131,2018,3,342.4983852846,0.104,-12.8546734462,0.094,0.234
2250+194,2018,16,343.2807048599,0.114,19.7096190443,0.23,-0.216
2254+074,2018,14,344.3220963103,0.121,7.7200840405,0.208,-0.015
2255-282,2018,137,344.5248453284,0.179,-27.9725712808,0.235,0.53
2256-084,2018,3,344.7528701389,0.261,-8.1841793492,0.299,0.028
2258-099,2018,3,345.2787130861,0.312,-9.7128901734,0.159,0.307
2259+058,2018,3,345.4727548201,0.134,6.1535613334,0.274,-0.147
2307+106,2018,4,347.618823925,0.427,10.9251936487,0.96,0.161
2307-097,2018,3,347.4327237941,0.37,-9.5179851511,0.741,0.278
2308+098,2018,3,347.8239771751,0.162,10.1377102863,0.333,-0.375
2309+454,2018,57,347.9475374699,0.108,45.7322267636,0.121,-0.134
2312-505,2018,3,348.9347098673,0.418,-50.3110291145,0.612,0.184
2314-409,2018,4,349.1954995257,0.31,-40.6891906815,0.413,0.234
2318+049,2018,59,350.1869023882,0.111,5.2305425076,0.108,-0.007
2319+317,2018,34,350.4789832906,0.096,32.0687840766,0.139,0.07
2325+093,2018,10,351.889918976,0.121,9.6692952156,0.112,0.034
2326-477,2018,5,352.3237679841,0.191,-47.5053097086,0.197,0.164
2329-384,2018,4,352.9978172493,0.158,-38.1965697423,0.124,-0.214
2329-415,2018,6,353.0793678212,0.377,-41.3104395929,0.531,0.289
2333-415,2018,8,354.1416044969,0.225,-41.2561068332,0.566,0.136
2333-528,2018,5,354.0506022414,0.225,-52.6060976197,0.387,0.426
2335-027,2018,26,354.4889127825,0.108,-2.5160081049,0.098,0.147
2344+09A,2018,4,356.6534939239,0.09,9.5126430315,0.122,0.309
2344-514,2018,4,356.8327670532,0.268,-51.1766848064,0.366,0.508
2345-167,2018,3,357.0108687654,0.1,-16.5200061744,0.089,0.227
2351-154,2018,15,358.6258132663,0.14,-15.2197814287,0.229,0.287
2353+816,2018,6,359.0949745668,0.116,81.8811819992,0.096,0.028
2353-686,2018,4,359.0028394656,0.117,-68.3342978753,0.14,0.0
2354-117,2018,3,359.3799898687,0.098,-11.4275488528,0.111,0.353
2355-106,2018,83,359.5453433166,0.111,-10.3357253846,0.109,0.076
2355-534,2018,6,359.471941779,0.128,-53.1871360175,0.247,0.254
2356+385,2018,26,359.8882533012,0.097,38.8450884949,0.143,-0.058
2357-318,2018,33,359.8978814411,0.145,-31.5621734911,0.293,-0.037
2358-080,2018,3,0.3251038749,0.173,-7.7741449782,0.361,-0.229
