iers_name,year,num_ses,ra,ra_err,dec,dec_err,ra_dec_corr
0003-066,1990,1,1.5578869946,3.33,-6.3931483558,3.192,-0.996
0007+106,1990,2,2.6291915582,1.235,10.9748633908,4.157,0.218
0007+171,1990,2,2.6416276002,0.968,17.4052114432,4.169,0.072
0008-264,1990,1,2.755194512,1.647,-26.2092712796,1.221,-0.941
0008-421,1990,1,2.7188315844,6.78,-41.8863301864,5.02,-0.512
0013-005,1990,3,4.0462032881,5.533,-0.2534579448,5.41,-0.998
0016+731,1990,44,4.9407765768,1.383,73.4583381834,0.425,0.077
0022-423,1990,1,6.179123996,4.663,-42.0344316022,2.826,-0.625
0026+346,1990,2,7.3093442168,2.848,34.9422909767,3.166,0.754
0047-579,1990,1,12.4978040817,5.215,-57.6409289341,2.808,-0.418
0048-097,1990,21,12.672155709,0.538,-9.4847804169,0.988,-0.118
0056-001,1990,2,14.7729788147,1.253,0.1143398878,3.216,0.448
0056-572,1990,1,14.694087213,4.66,-56.986518735,2.259,0.053
0104-408,1990,4,16.68794983,2.337,-40.5722113659,1.218,-0.774
0106+013,1990,32,17.1615465303,0.732,1.5834210247,1.299,0.278
0111+021,1990,3,18.4297709482,1.038,2.3714769078,3.5,0.193
0112-017,1990,2,18.8212497527,2.359,-1.4512713199,4.09,-0.99
0113-118,1990,1,19.0521742868,1.935,-11.6042866369,1.78,-0.978
0119+041,1990,193,20.4869237757,0.267,4.3735372828,0.639,-0.124
0119+115,1990,3,20.4233127069,0.534,11.830670323,4.849,0.092
0131-522,1990,1,23.2740096402,6.042,-52.0010970267,3.055,-0.569
0133+476,1990,32,24.2441450528,0.74,47.8580832559,0.723,0.161
0134+329,1990,2,24.4220809901,1.652,33.1597599924,2.004,0.408
0146+056,1990,2,27.343211914,0.603,5.9315473979,1.907,-0.451
0149+218,1990,2,28.0752459929,0.837,22.1188064551,2.997,-0.294
0150-334,1990,1,28.292172214,3.538,-33.1738500062,2.168,-0.526
0201+113,1990,5,30.9444043235,0.722,11.5792814926,1.243,0.055
0202+149,1990,38,31.2100580314,0.507,15.2364009085,0.799,0.066
0202+319,1990,3,31.2705223778,0.231,32.2083598746,0.747,0.082
0202-765,1990,1,30.5570601697,29.694,-76.3341824115,3.934,0.03
0208-512,1990,17,32.6925018037,1.375,-51.0171920378,1.203,0.324
0212+735,1990,168,34.378388657,0.758,73.8257282973,0.207,0.1
0221+067,1990,1,36.1184518434,2.777,6.9898160018,2.648,-0.994
0224+671,1990,3,37.208547709,1.75,67.3508412944,0.594,-0.081
0229+131,1990,15,37.9412253026,0.23,13.3818655474,0.499,-0.226
0230-790,1990,2,37.3956125325,20.528,-78.7959977513,6.43,0.012
0234+285,1990,203,39.468356979,0.211,28.8024972285,0.329,-0.085
0235+164,1990,26,39.662208849,0.399,16.6164650198,0.835,0.102
0237+040,1990,3,39.9635962472,1.443,4.2726137666,4.544,0.199
0237-233,1990,3,40.0340601801,1.262,-23.1543717301,2.542,-0.018
0238-084,1990,1,40.2699946169,1.235,-8.2557649665,4.391,0.153
0239+108,1990,4,40.6215450516,0.69,11.0168693572,3.37,-0.766
0241+622,1990,1,41.2403996427,10.446,62.4684752765,4.932,-0.063
0248+430,1990,2,42.8939029548,1.181,43.2543969195,1.586,0.091
0256+075,1990,4,44.8628187406,1.041,7.7943449832,1.869,-0.087
0300+470,1990,222,45.8968425495,0.327,47.2711876133,0.277,-0.007
0302-623,1990,1,45.9609633854,4.526,-62.1904308921,1.879,-0.119
0308-611,1990,10,47.4837462762,3.254,-60.9775152368,1.863,0.414
0309+411,1990,1,48.2581757747,2.008,41.3336623069,2.076,-0.032
0312-770,1990,1,47.9802093227,13.485,-76.8641239399,2.243,0.32
0316+413,1990,12,49.9506674004,0.619,41.5116950698,0.799,-0.043
0319+121,1990,2,50.471264547,0.965,12.3538759294,4.663,0.066
0326+277,1990,3,52.4902887713,1.085,27.9376378072,2.159,-0.365
0332-403,1990,1,53.55689206,3.174,-40.1403873834,1.633,-0.221
0333+321,1990,5,54.125448385,0.851,32.3081509036,0.899,-0.265
0336-019,1990,4,54.8789077578,0.574,-1.7766098149,1.329,0.019
0342+147,1990,2,56.2767355511,0.993,14.8970998293,2.57,0.053
0355+508,1990,43,59.873946745,3.365,50.9639340372,2.414,0.085
0355-483,1990,1,59.341322859,5.133,-48.2042103011,2.401,-0.116
0400+258,1990,1,60.7732753529,0.993,26.0004184792,2.915,0.464
0402-362,1990,14,60.9739583113,1.316,-36.0838650219,3.426,-0.579
0405-385,1990,1,61.7459780148,3.654,-38.4411218833,1.752,-0.168
0406+121,1990,2,62.3417027635,0.877,12.2944015518,3.065,0.121
0407-658,1990,1,62.0849200229,13.11,-65.7525217844,7.785,-0.294
0420+417,1990,2,65.9833746151,1.335,41.8340849489,3.402,-0.322
0420-014,1990,249,65.8158363977,0.25,-1.3425180964,0.622,-0.041
0422+004,1990,1,66.1951759573,1.185,0.6017620369,6.266,0.04
0422-380,1990,1,66.1760140692,4.474,-37.9391062535,1.999,-0.438
0423+051,1990,2,66.6525175891,1.912,5.3055205791,6.328,0.486
0426-380,1990,1,67.168433264,4.695,-37.9387718166,2.054,-0.444
0431-512,1990,1,68.0882404172,13.072,-51.1569962838,5.814,-0.585
0434-188,1990,10,69.2561776064,1.172,-18.7468355195,2.121,-0.251
0438-436,1990,1,70.0715815333,3.242,-43.5523898279,1.775,-0.198
0440-003,1990,2,70.6610867877,1.44,-0.2953937392,8.049,0.368
0451-282,1990,1,73.3110284103,1.63,-28.1270354561,1.271,-0.937
0454+844,1990,8,77.1765147684,5.804,84.5345956236,0.495,0.142
0454-234,1990,193,74.2632467607,0.464,-23.4144501467,1.067,-0.156
0454-810,1990,3,72.5226649587,16.306,-81.0172869084,2.186,-0.157
0457+024,1990,1,74.9668774396,0.963,2.4919925577,4.799,0.217
0458-020,1990,4,75.3033743349,0.634,-1.9872950808,1.191,0.095
0459-753,1990,1,74.5747588477,35.446,-75.2772092902,10.774,-0.281
0500+019,1990,1,75.8383211891,1.049,2.051299827,4.871,-0.161
0503-608,1990,1,76.0070889417,7.284,-60.8312602642,3.693,-0.149
0506-612,1990,2,76.6832841532,8.493,-61.1613871851,6.672,-0.373
0507+179,1990,2,77.5098712309,0.93,18.0115509936,2.245,-0.146
0511-220,1990,1,78.4546423372,2.729,-21.9878028205,2.206,-0.983
0518+165,1990,2,80.291192047,1.367,16.6394587671,3.916,0.059
0521-365,1990,1,80.7416024755,2.921,-36.4585699123,1.709,-0.274
0528+134,1990,213,82.7350698003,0.24,13.5319860252,0.487,-0.153
0529+075,1990,1,83.16249316,3.147,7.5453711585,15.481,0.791
0530-727,1990,7,82.3751753233,4.275,-72.7579182187,2.114,-0.193
0537-441,1990,16,84.7098398649,0.948,-44.0858161681,1.623,-0.198
0552+398,1990,243,88.8783566916,0.262,39.8136570144,0.272,-0.135
0556+238,1990,3,89.8834714142,0.417,23.8983130063,1.809,-0.386
0607-157,1990,1,92.4206242038,4.471,-15.7112978832,3.433,-0.288
0609+607,1990,1,93.5994432004,4.057,60.7727099756,1.003,0.033
0615+820,1990,5,96.5125275288,8.313,82.0404355615,1.024,0.14
0622-441,1990,1,95.8824423815,6.38,-44.2173726129,3.044,-0.04
0629-418,1990,1,97.7999921137,4.93,-41.9074855464,2.733,-0.446
0637-752,1990,19,98.9437834333,2.802,-75.2713374425,0.829,-0.13
0657+172,1990,23,105.0063565085,0.574,17.1560279932,0.812,0.316
0700-465,1990,1,105.393945531,4.833,-46.5768388878,2.699,-0.3
0707+476,1990,1,107.6921038816,1.062,47.5364285249,1.002,-0.415
0710+439,1990,2,108.409017366,1.277,43.8214447477,3.335,-0.285
0711+356,1990,1,108.6034073388,1.111,35.5777204618,1.517,0.012
0716+714,1990,17,110.4727027226,2.73,71.3434341073,1.266,0.404
0718+792,1990,1,111.5488994705,5.07,79.1919494776,1.173,0.487
0722+145,1990,2,111.3200320609,1.278,14.4204858241,2.988,-0.113
0727-115,1990,218,112.579635302,0.269,-11.6868334971,0.707,-0.075
0735+178,1990,7,114.5308073989,0.454,17.7052773728,1.747,-0.706
0736+017,1990,3,114.8251410343,1.862,1.6179493499,9.442,-0.98
0738+313,1990,1,115.2945971158,0.377,31.2000635678,0.735,0.045
0738-674,1990,1,114.7353996155,9.732,-67.597450903,4.23,-0.334
0742+103,1990,97,116.3877479671,0.348,10.1868590537,0.767,-0.084
0743-006,1990,2,116.4753430447,0.868,-0.7382045578,2.847,-0.045
0743-673,1990,1,115.8817213132,6.687,-67.4404285906,2.631,-0.385
0745+241,1990,28,117.1504554918,0.66,24.0066972079,0.812,0.139
0749+540,1990,1,118.2557692294,1.191,53.8832323546,0.827,-0.442
0754+100,1990,1,119.2776795129,0.85,9.9430163342,3.824,-0.072
0804+499,1990,1,122.1652762697,0.597,49.8434807646,0.503,0.064
0808+019,1990,1,122.861280201,1.713,1.781174649,8.417,-0.036
0809-493,1990,1,122.7866779748,7.044,-49.4954192541,3.886,-0.126
0814+425,1990,33,124.5666654119,1.162,42.3792820134,0.768,0.303
0820+560,1990,1,126.1968180742,0.634,55.8785191345,0.419,0.076
0821+394,1990,2,126.2311828344,1.626,39.2783072292,1.352,-0.472
0823+033,1990,39,126.4597431922,0.515,3.1568110815,0.943,0.027
0823-500,1990,1,126.3619554596,3.851,-50.1773582108,2.022,-0.133
0826-373,1990,1,127.019917616,3.518,-37.5184109279,1.916,-0.215
0828+493,1990,2,128.0967366325,1.757,49.2225109075,1.22,0.081
0831+557,1990,2,128.7287671572,3.297,55.572519972,1.783,0.006
0831-445,1990,2,128.3429808833,9.868,-44.6940871525,4.957,-0.192
0833-450,1990,1,128.8360573672,21.651,-45.1764289273,9.31,-0.614
0839+187,1990,1,130.521225047,1.003,18.5947201332,2.907,-0.309
0842-754,1990,1,130.3626400784,31.45,-75.674410168,7.672,-0.15
0851+202,1990,215,133.7036455609,0.22,20.1085114177,0.404,-0.185
0859+470,1990,19,135.7666256667,1.29,46.8511490285,1.153,0.342
0906+015,1990,2,137.2920480366,0.981,1.359893524,4.861,0.162
0912+297,1990,2,138.9683400046,1.797,29.5566793102,2.63,-0.086
0917+624,1990,1,140.4009629844,0.786,62.2644945011,0.393,0.099
0919-260,1990,11,140.3723075199,0.684,-26.3120508126,1.407,-0.693
0920-397,1990,1,140.6934085182,3.453,-39.9930737572,2.115,-0.41
0923+392,1990,237,141.7625579641,0.258,39.0391256375,0.308,-0.109
0925-203,1990,3,141.965935641,1.542,-20.5809009205,2.564,-0.518
0936-853,1990,1,142.6357077764,48.206,-85.5665809154,3.449,0.051
0945+408,1990,2,147.2305753841,1.11,40.6623852492,1.646,-0.264
0952+179,1990,2,148.7367651493,1.341,17.725334466,8.167,0.111
0953+254,1990,3,149.2078140411,0.502,25.2544584116,1.062,-0.338
0954+658,1990,58,149.6968546536,1.217,65.5652271673,0.569,-0.032
0955+326,1990,1,149.5872902916,0.691,32.4006140212,1.058,-0.358
0959-443,1990,1,150.4996141308,5.744,-44.6335009644,3.53,-0.297
1004+141,1990,1,151.9229081158,1.54,13.9415579878,4.949,-0.449
1012+232,1990,2,153.6961057698,1.298,23.0212701957,2.482,-0.346
1020+400,1990,3,155.7981905448,1.085,39.8042732524,2.17,-0.302
1030+415,1990,1,158.2654495229,1.296,41.268398317,1.293,-0.096
1034-293,1990,148,159.3169988845,0.674,-29.5674484954,1.442,-0.146
1039+811,1990,1,161.0960934603,2.881,80.9109565307,0.589,-0.324
1044+719,1990,1,162.115083294,1.605,71.7266498247,0.998,0.173
1049+215,1990,2,162.9532874455,0.835,21.3311979158,3.532,-0.053
1053+815,1990,2,164.5480635067,6.044,81.2424099326,0.753,0.01
1055+018,1990,24,164.6233552628,0.207,1.5663397463,0.519,0.163
1057-797,1990,17,164.6804574872,4.156,-80.0650441107,0.732,0.162
1101-536,1990,1,165.9675896943,3.752,-53.950193184,1.626,-0.075
1104-445,1990,18,166.7862255236,1.441,-44.8187829884,1.216,-0.056
1111+149,1990,1,168.4945628921,0.751,14.7074866194,3.085,-0.087
1116-462,1990,1,169.6123222843,3.349,-46.5708336077,1.577,-0.063
1123+264,1990,17,171.4737994035,0.652,26.1722157657,1.064,0.038
1124-186,1990,14,171.7683015026,1.028,-18.9548438953,2.641,-0.522
1130+009,1990,2,173.3335654619,1.192,0.6813439538,5.709,0.365
1144+402,1990,3,176.7429074342,1.342,39.9761957629,0.88,0.381
1144-379,1990,2,176.7557108338,2.127,-38.2030637918,4.968,-0.54
1145-071,1990,1,176.9648085917,1.04,-7.4114328089,14.566,-0.915
1148-001,1990,3,177.6827948105,1.674,-0.3983897483,2.941,0.544
1148-671,1990,2,177.805943423,6.609,-67.4697484226,2.216,-0.011
1150+497,1990,2,178.3519442078,1.454,49.5191193101,1.44,-0.306
1150+812,1990,2,178.3020801912,1.636,80.9747650196,0.38,0.024
1155+251,1990,2,179.6074482744,1.149,24.838319539,6.477,0.116
1156+295,1990,63,179.8826413115,0.348,29.2455073344,0.54,0.119
1206-399,1990,1,182.3968461737,6.271,-40.2703053175,3.669,0.03
1213+350,1990,2,183.9816703962,1.638,34.8042282275,2.3,-0.395
1215-457,1990,1,184.526051796,10.384,-46.0080585564,5.316,-0.77
1216+487,1990,1,184.7767283773,0.983,48.4989346954,1.327,-0.03
1221+809,1990,2,185.918728651,9.102,80.6678720524,0.993,-0.508
1221-829,1990,1,186.2265959464,30.48,-83.2194738776,4.045,-0.488
1222+037,1990,3,186.2184233129,1.043,3.5139691912,1.719,0.433
1226+023,1990,54,187.2779154988,1.581,2.0523892562,2.413,0.243
1228+126,1990,3,187.7059308482,0.642,12.3911231795,2.325,0.009
1236-684,1990,1,189.9443804689,9.743,-68.7585810774,3.33,0.009
1243-072,1990,2,191.5176336453,3.281,-7.5129372476,3.178,-0.994
1244-255,1990,7,191.6950090499,0.766,-25.7970232132,2.126,-0.421
1251-713,1990,2,193.7496726893,8.312,-71.6384546947,2.143,-0.153
1253-055,1990,40,194.0465268283,0.559,-5.7893126434,1.286,0.105
1255-316,1990,1,194.4960857918,3.111,-31.9213483135,1.628,0.054
1302-102,1990,2,196.387563018,2.351,-10.555396986,2.182,-0.992
1308+326,1990,53,197.6194327811,0.671,32.3454948418,0.673,0.007
1313-333,1990,6,199.0332757716,1.931,-33.6497699785,1.591,-0.255
1315+346,1990,2,199.4020591921,0.446,34.4210921025,1.101,0.181
1322-427,1990,1,201.3650646198,2.966,-43.0191121117,1.556,-0.059
1323+321,1990,1,201.5687974295,5.051,31.9026468933,7.099,-0.193
1334-127,1990,176,204.4157616194,0.316,-12.9568591351,0.85,-0.202
1334-649,1990,1,204.4685183228,8.819,-65.1569157346,2.862,-0.123
1342+662,1990,1,205.9414986238,2.282,66.0404848002,1.12,-0.198
1342+663,1990,5,206.0361654635,1.535,66.1032343332,0.738,-0.051
1347+539,1990,2,207.3944025179,1.54,53.6880665406,1.508,-0.325
1349-439,1990,1,208.2355616987,3.683,-44.2112184637,1.805,-0.054
1354+195,1990,8,209.2684859041,0.41,19.318713676,0.712,-0.215
1354-152,1990,16,209.2968538249,1.024,-15.4579954507,2.413,-0.49
1355-416,1990,1,209.7507643981,16.826,-41.8812866595,7.581,-0.397
1404+286,1990,176,211.7516434099,0.293,28.4540805997,0.49,-0.174
1406-076,1990,1,212.2353384853,2.86,-7.8740741371,2.524,-0.993
1413+135,1990,3,213.9950730455,0.937,13.3399199953,3.12,0.251
1416+067,1990,2,214.78408455,2.44,6.4763356865,5.821,0.461
1418+546,1990,34,214.9441557247,0.999,54.387440712,0.608,-0.022
1424-418,1990,15,216.9845730583,1.301,-42.105399372,1.307,0.007
1435+638,1990,2,219.1908423613,1.973,63.6105171531,1.758,-0.031
1443-162,1990,1,221.4724015323,2.187,-16.4837833805,1.798,-0.977
1445-161,1990,1,222.0627247114,1.919,-16.3401520224,1.603,-0.979
1451-375,1990,1,223.614208451,3.191,-37.7925400121,1.9,0.201
1458+718,1990,2,224.7815978823,4.682,71.6721850741,1.807,-0.364
1459+480,1990,1,225.2027259314,1.414,47.8543158009,0.98,-0.154
1502+106,1990,194,226.1040824629,0.372,10.4942218785,0.686,-0.195
1504-166,1990,1,226.7699450469,1.651,-16.8750734216,1.557,-0.972
1510-089,1990,34,228.210553642,0.482,-9.0999526411,1.3,-0.052
1514-241,1990,1,229.4242210598,1.512,-24.3720766026,1.123,-0.951
1519-273,1990,6,230.6569823492,1.611,-27.5029965228,1.861,-0.284
1532+016,1990,2,233.7185571684,1.481,1.5178359221,7.982,0.44
1538+149,1990,1,235.2062143213,0.895,14.7960799775,4.18,0.029
1540-828,1990,1,237.7464383817,48.824,-82.9685670834,3.595,0.19
1548+056,1990,33,237.6469551877,0.493,5.4529021966,0.978,0.015
1549-790,1990,2,239.2452907053,10.848,-79.2345232259,1.865,0.09
1555+001,1990,3,239.4643082365,1.095,-0.0306711022,4.503,0.267
1606+106,1990,1,242.1925131886,0.685,10.4854926338,3.53,0.115
1607+268,1990,1,242.3055035332,1.539,26.6914006791,4.518,-0.067
1610-771,1990,17,244.4553185121,4.218,-77.2884632344,1.147,-0.142
1611+343,1990,184,243.4211011497,0.256,34.21330804,0.358,-0.145
1619-680,1990,1,246.0768203957,7.202,-68.1534726931,3.921,0.508
1622-253,1990,150,246.4453818448,0.526,-25.460646379,1.094,-0.22
1624+416,1990,1,246.4902894427,1.844,41.5779536202,2.563,0.172
1633+382,1990,79,248.8145539878,0.733,38.1345834807,0.641,0.054
1637+574,1990,8,249.5560677461,0.757,57.3399943252,0.597,-0.003
1638+398,1990,5,250.1234697995,0.474,39.779452137,1.341,0.189
1641+399,1990,54,250.7450415396,1.045,39.8102755026,1.647,0.199
1642+690,1990,25,250.5327017904,1.838,68.9443766596,0.775,0.506
1655+077,1990,4,254.5375478642,1.283,7.6909843767,3.6,0.16
1656+053,1990,13,254.6393639932,1.104,5.2545675544,2.437,0.532
1657-261,1990,1,255.2214753226,2.872,-26.1810346768,2.012,-0.067
1706-174,1990,1,257.3931066877,2.706,-17.4814910581,2.288,-0.971
1717+178,1990,1,259.8043685599,0.558,17.7517875104,2.65,0.164
1718-649,1990,1,260.9209533442,4.847,-65.0101698053,1.89,0.067
1725+044,1990,2,262.1039694326,1.411,4.4513654433,7.233,0.309
1727+502,1990,1,262.077599577,2.721,50.2195742764,2.757,0.127
1730-130,1990,95,263.2612740778,0.437,-13.0804298647,1.106,-0.046
1732+389,1990,1,263.5857429648,1.512,38.9642906477,1.983,-0.205
1738+476,1990,3,264.9880376703,0.925,47.6328782703,0.784,0.242
1739+522,1990,200,265.1540744427,0.416,52.1953909153,0.309,-0.039
1741-038,1990,221,265.9952339039,0.286,-3.8346158456,0.716,-0.066
1748-253,1990,1,267.9635960012,6.284,-25.400017432,4.341,-0.15
1749+096,1990,44,267.8867441173,0.466,9.65020234,0.794,0.085
1751+441,1990,2,268.3443660273,1.066,44.1626904826,2.043,-0.135
1758-651,1990,1,270.8479035294,11.301,-65.1268772156,3.864,0.466
1800+440,1990,2,270.3846458501,1.658,44.0727508864,2.65,0.313
1803+784,1990,239,270.1903498262,1.161,78.4677828439,0.218,-0.075
1807+698,1990,5,271.7111693172,1.26,69.8244745062,0.527,0.082
1815-553,1990,15,274.9391647682,2.203,-55.3557625511,1.255,0.067
1821+107,1990,1,276.0118966849,1.137,10.7399370782,2.107,-0.463
1823+568,1990,11,276.0294515787,1.201,56.8504140934,0.869,-0.265
1826+796,1990,1,275.8087855473,3.729,79.6469451546,0.747,-0.035
1831-711,1990,3,279.3696461654,6.574,-71.1454316704,2.187,0.251
1842+681,1990,2,280.6401730158,2.299,68.1570071114,1.452,0.014
1845+797,1990,1,280.5374579182,3.907,79.7714243979,0.53,-0.532
1903-802,1990,1,288.1667467197,11.422,-80.1683178829,2.136,0.041
1908-201,1990,1,287.7902200976,1.707,-20.1153078914,1.561,-0.901
1920-211,1990,2,290.8841246323,1.684,-21.0759262868,1.413,-0.925
1921-293,1990,186,291.2127330528,0.472,-29.2417001949,1.041,-0.044
1923+210,1990,10,291.4983554727,0.745,21.1072666741,0.765,0.182
1925-610,1990,1,292.525665401,4.832,-60.9358849608,2.196,0.145
1928+738,1990,28,291.952062788,2.078,73.9671027351,0.645,0.127
1933-400,1990,1,294.3175721905,3.019,-39.9670972352,1.833,-0.228
1935-692,1990,1,295.1063657473,5.823,-69.1324930338,2.555,-0.111
1936-623,1990,1,295.340701439,7.589,-62.1891818964,3.935,-0.317
1937-101,1990,1,294.9885674145,6.097,-10.0448659251,2.701,-0.352
1947+079,1990,3,297.5230835222,1.436,8.1205490147,5.908,0.43
1954+513,1990,3,298.9280764105,0.595,51.5301517154,0.535,0.167
1958-179,1990,12,300.2378768012,0.309,-17.8160201383,0.805,-0.134
2000-330,1990,1,300.8504832847,6.998,-32.8625374556,2.389,0.521
2005+403,1990,1,301.9372700155,2.66,40.4968354911,3.223,0.272
2005-489,1990,3,302.355793671,3.865,-48.8315888808,2.054,-0.061
2007+777,1990,1,301.3791608731,1.607,77.8786799241,0.328,0.036
2008-159,1990,2,302.8154625855,1.135,-15.7778488151,1.946,-0.923
2017+745,1990,2,304.3044966969,2.965,74.6799999746,0.649,-0.055
2021+317,1990,1,305.8292385425,1.302,31.883974625,3.836,0.314
2021+614,1990,3,305.5278405478,0.801,61.6163347787,0.648,0.123
2023+335,1990,1,306.2951747247,2.093,33.7167266541,2.599,-0.241
2037+511,1990,30,309.6543111792,1.15,51.3201839309,0.701,-0.196
2048+312,1990,1,312.7130475763,2.428,31.4576040115,4.92,0.63
2052-474,1990,1,314.068165631,3.359,-47.2465630714,2.005,-0.438
2054-377,1990,1,314.4233503214,4.38,-37.5674972924,2.379,-0.309
2058-425,1990,1,315.4963095255,5.761,-42.3211563182,3.393,0.026
2059-786,1990,1,316.437340175,14.874,-78.4262649924,3.263,-0.066
2106-413,1990,2,317.3882852989,3.499,-41.1723902987,1.821,0.237
2109-811,1990,1,319.1285288972,18.603,-80.8986727723,4.263,0.216
2113+293,1990,3,318.8725559596,0.893,29.5606572391,1.246,0.247
2121+053,1990,193,320.935489043,0.301,5.5894703177,0.586,-0.097
2126-158,1990,1,322.3007322389,1.817,-15.6447329086,1.727,-0.98
2128+048,1990,1,322.6369888381,2.141,5.0381882341,4.693,0.365
2128-123,1990,14,322.8969239062,0.325,-12.1179986587,0.801,-0.123
2131-021,1990,3,323.5429569123,0.727,-1.8881214479,2.831,0.181
2134+004,1990,52,324.1607764422,3.033,0.6983919331,2.987,0.32
2136+141,1990,1,324.7554552152,0.447,14.3933313904,1.039,-0.065
2142-758,1990,1,326.8030357163,13.288,-75.603674848,2.793,0.141
2143-156,1990,1,326.595746196,1.639,-15.4288560693,1.492,-0.976
2144+092,1990,2,326.7923457053,0.613,9.4962979788,1.451,-0.494
2145+067,1990,45,327.0227444298,0.51,6.960723155,0.841,0.096
2146-783,1990,2,328.0131442275,12.187,-78.1185112584,3.452,-0.153
2149+056,1990,2,327.9078148201,1.388,5.8702662522,3.816,-0.36
2149-307,1990,1,327.9813486976,3.084,-30.4649159928,1.832,-0.454
2152-699,1990,1,329.2749173762,6.104,-69.6899124411,2.305,-0.167
2200+420,1990,40,330.6803807779,0.736,42.2777721958,0.64,-0.014
2201+315,1990,2,330.8123990449,0.429,31.7606305496,0.75,0.255
2204-540,1990,1,331.9322205658,3.309,-53.7760606253,1.703,-0.123
2209+236,1990,2,333.0248596703,1.308,23.9279290953,2.7,0.659
2216-038,1990,69,334.7168238653,0.366,-3.5935773837,0.986,0.199
2223-052,1990,1,336.4469131394,1.79,-4.9503857733,1.625,-0.989
2227-399,1990,1,337.6678266092,4.425,-39.714462866,2.196,-0.138
2229+695,1990,3,337.6519569237,2.808,69.7744655921,1.049,0.052
2230+114,1990,37,338.151703955,0.661,11.730806751,0.938,0.15
2232-488,1990,1,338.8051509038,4.128,-48.5996652031,2.279,-0.25
2234+282,1990,222,339.093628639,0.239,28.4826148017,0.398,-0.102
2243-123,1990,3,341.5759667547,0.644,-12.114239019,1.765,-0.286
2245-328,1990,1,342.1611912146,3.47,-32.5978297543,1.94,0.003
2251+158,1990,53,343.4906163894,1.256,16.1482111471,1.946,0.092
2253+417,1990,9,343.9029499347,1.364,42.0479264749,1.828,-0.1
2254+024,1990,3,344.323179724,1.518,2.7215320619,5.268,0.346
2254+074,1990,3,344.3220967733,0.943,7.7200845473,7.744,-0.802
2255-282,1990,172,344.524845374,0.572,-27.9725713575,1.199,-0.107
2300-307,1990,1,345.7742545534,5.645,-30.5031858977,3.084,-0.033
2311-452,1990,1,348.5390957202,5.315,-44.9303450471,2.941,-0.424
2312-319,1990,1,348.7020854452,3.239,-31.6443121211,1.9,0.02
2318+049,1990,1,350.1869030587,0.908,5.2305424693,1.514,0.095
2319+272,1990,1,350.499425976,0.4,27.5462342588,2.331,-0.054
2320-035,1990,1,350.8831402566,1.406,-3.2847202471,23.712,-0.968
2326-477,1990,11,352.323768084,2.133,-47.5053092323,1.685,0.047
2328+107,1990,2,352.6702178578,0.878,11.0051972813,3.012,-0.355
2329-384,1990,1,352.9978178152,3.105,-38.196569619,1.818,0.047
2333-528,1990,1,354.0506019003,4.209,-52.6060968578,1.784,-0.048
2335-027,1990,1,354.4889128809,4.659,-2.5160082494,4.463,-0.997
2344+092,1990,4,356.6534939023,0.755,9.5126432411,2.156,0.192
2345-167,1990,22,357.0108691418,0.987,-16.5200056706,1.933,-0.336
2351-154,1990,2,358.6258127705,1.988,-15.219780933,1.713,-0.982
2352+495,1990,2,358.7894095845,1.531,49.835649601,0.948,0.071
2353-686,1990,1,359.0028393368,7.889,-68.3342985097,2.589,-0.373
2355-106,1990,16,359.5453434183,0.793,-10.3357248775,2.341,-0.115
2355-534,1990,5,359.4719421481,1.032,-53.1871360347,1.139,-0.179
