iers_name,year,num_ses,ra,ra_err,dec,dec_err,ra_dec_corr
0001+459,1996,1,1.0671985612,0.29,46.2549916707,0.409,0.109
0002-478,1996,1,1.1485648273,1.617,-47.6054447297,1.634,-0.208
0003+380,1996,2,1.4882307733,0.29,38.3375414854,0.275,-0.234
0003-066,1996,57,1.5578870543,0.149,-6.3931487212,0.372,-0.129
0004+240,1996,2,1.7032891222,1.172,24.3767759648,1.401,0.083
0006+397,1996,1,2.2673897033,0.434,40.0296404706,0.506,-0.256
0007+171,1996,2,2.6416273467,0.328,17.4052115018,0.551,-0.379
0008-264,1996,1,2.7551946403,1.901,-26.209271163,1.74,0.794
0010+405,1996,1,3.3797089086,0.326,40.8603180364,0.291,-0.214
0010+463,1996,1,3.3187037595,1.295,46.6024084037,1.034,-0.539
0011+189,1996,2,3.4849003301,0.478,19.1783098093,0.947,-0.044
0013-005,1996,9,4.0462023134,0.32,-0.2534568989,0.628,-0.059
0014+813,1996,65,4.2853123058,1.403,81.5855934505,0.231,0.001
0016+731,1996,9,4.9407769036,0.921,73.4583381634,0.252,-0.053
0017+200,1996,2,4.9077268835,0.308,20.3626791514,0.494,-0.407
0017+257,1996,1,4.9157524436,0.254,26.0478551763,0.496,-0.234
0019+058,1996,2,5.635171834,0.467,6.1345191704,1.252,0.186
0019+451,1996,1,5.5275473018,0.56,45.4260722066,0.645,-0.229
0020+446,1996,1,5.8976769875,0.663,44.9432658828,0.887,0.055
0021+464,1996,1,6.0897401143,0.674,46.7350633894,0.986,-0.059
0022+390,1996,1,6.3589900931,0.324,39.3265111873,0.316,-0.238
0024+224,1996,2,6.814048008,0.696,22.6994636103,0.868,-0.213
0024+348,1996,1,6.6738523968,2.325,35.1450769077,3.163,-0.604
0025+197,1996,2,7.1242435088,0.353,20.0074290985,0.628,-0.364
0026+346,1996,1,7.3093433928,0.67,34.9422909264,0.625,0.39
0032+276,1996,1,8.6811924514,0.283,27.9071448518,0.5,-0.22
0035+121,1996,2,9.5750685925,8.876,12.4586815964,18.01,-0.976
0035+367,1996,1,9.4422633007,2.835,36.9863571668,1.814,0.72
0035+413,1996,1,9.6035147383,0.362,41.6183335188,0.338,-0.258
0035+503,1996,1,9.6183895709,8.745,50.5905095628,5.715,-0.501
0037+139,1996,2,9.9150815904,0.496,14.1993214352,0.915,-0.507
0037+487,1996,1,9.9458286027,0.604,49.009215316,0.668,-0.176
0039+230,1996,2,10.5189381949,0.339,23.3336281682,0.595,-0.449
0044+387,1996,1,11.6982427195,0.462,39.013097034,0.524,-0.27
0045+243,1996,2,11.9327971416,0.66,24.587776535,1.269,-0.732
0046+316,1996,2,12.1964228295,0.54,31.9569680793,0.822,-0.298
0046+511,1996,1,12.4082967312,0.702,51.4704699585,0.748,-0.278
0047-579,1996,1,12.4978052356,1.75,-57.6409270834,1.052,0.192
0048+447,1996,1,12.9019737009,0.955,44.9933217693,0.784,0.065
0048-097,1996,137,12.6721557825,0.183,-9.4847806358,0.403,-0.114
0049+437,1996,2,13.1159410721,0.52,44.0484768378,0.53,-0.184
0054+161,1996,1,14.230391862,5.198,16.4203716455,6.985,0.933
0055+300,1996,2,14.4536806341,0.324,30.3524476428,0.509,-0.137
0056-572,1996,1,14.6940875644,1.361,-56.986519183,1.188,-0.093
0058+498,1996,1,15.3208232198,3.017,50.0791640251,1.942,-0.621
0059+163,1996,2,15.4904982249,1.186,16.6613769085,4.514,-0.302
0059+581,1996,141,15.6906765838,0.288,58.4030935144,0.166,0.003
0102+480,1996,1,16.4580340752,0.523,48.3175535044,0.604,-0.228
0102+511,1996,1,16.373158446,15.398,51.4296067155,8.717,-0.951
0103+127,1996,1,16.638985935,5.752,13.0007210551,9.373,-0.151
0103+253,1996,1,16.5457040645,0.645,25.6584710497,1.215,-0.787
0103+337,1996,1,16.5012223555,0.531,34.0341634092,0.834,0.417
0104-408,1996,76,16.6879499133,0.315,-40.5722111532,0.454,0.526
0105+259,1996,1,16.9495260365,0.757,26.1857424259,1.72,-0.678
0106+013,1996,13,17.1615462538,0.292,1.583421579,0.582,-0.158
0108+388,1996,1,17.9054863381,0.341,39.1078067945,0.352,-0.254
0109+224,1996,2,18.0242695553,0.313,22.7441074652,0.551,-0.347
0109+351,1996,1,18.0539348387,0.317,35.3720381436,0.372,-0.281
0110+318,1996,1,18.2097210378,0.249,32.1381758009,0.418,-0.129
0110+495,1996,3,18.3625283579,0.528,49.8066786591,0.464,-0.261
0111+021,1996,29,18.4297706393,0.446,2.3714767397,0.713,-0.349
0111+131,1996,1,18.4771217315,13.322,13.4145748972,18.373,0.669
0113+241,1996,2,19.1586154304,1.244,24.3815901849,1.612,-0.297
0113-118,1996,1,19.0521749972,3.438,-11.6042863375,3.673,-0.308
0114+140,1996,2,19.3550134417,1.659,14.30345012,1.713,-0.416
0116+319,1996,1,19.8958499245,5.859,32.1805696272,5.074,-0.531
0119+041,1996,94,20.4869237674,0.15,4.3735373133,0.323,-0.134
0119+115,1996,28,20.4233126533,0.219,11.8306703767,0.409,-0.059
0119+247,1996,1,20.661733301,0.227,25.0421646422,0.416,-0.148
0120+259,1996,1,20.9293549688,0.272,26.2562294411,0.526,-0.223
0122+278,1996,1,21.2328300467,0.309,28.0864974385,0.572,-0.098
0122+470,1996,1,21.2821114977,0.931,47.3008568811,0.931,0.037
0123+257,1996,2,21.6783026198,0.239,25.9836944037,0.487,-0.255
0125+487,1996,1,22.0335974679,0.59,49.0183294102,0.698,-0.006
0127+145,1996,2,22.4806131852,0.431,14.7799545345,0.787,-0.355
0129+431,1996,1,23.1838614826,0.422,43.4257393948,0.474,-0.27
0131-522,1996,1,23.27401094,2.336,-52.0010952231,3.41,0.415
0133+476,1996,52,24.2441450251,0.236,47.8580833606,0.214,0.025
0134+311,1996,1,24.2863901294,0.242,31.3766264111,0.401,-0.116
0136+176,1996,2,24.9249132967,0.677,17.8854305259,1.042,-0.316
0137+467,1996,1,25.179467987,10.751,46.9745803106,5.534,-0.755
0138-097,1996,1,25.3576345709,1.241,-9.4787982376,0.73,0.142
0140+412,1996,1,25.7632688009,0.356,41.4890128819,0.401,-0.276
0140+490,1996,1,25.9453327629,5.963,49.2615518046,4.456,0.046
0143+230,1996,2,26.4704428262,0.587,23.322027201,1.026,-0.546
0144+209,1996,2,26.7449352306,4.564,21.1734366757,5.375,-0.958
0144+487,1996,1,26.9073964849,3.673,48.9937529712,2.663,0.141
0145+386,1996,1,27.1015730883,0.413,38.9014501607,0.456,-0.319
0146+056,1996,10,27.3432119922,0.24,5.9315467784,0.447,-0.059
0147+187,1996,2,27.4571623315,0.51,18.9557254764,0.871,-0.35
0147-076,1996,1,27.5112386858,1.074,-7.4301356091,5.539,-0.392
0148+274,1996,1,27.8631090816,0.243,27.7449426035,0.42,-0.199
0149+218,1996,3,28.0752460283,0.287,22.1188055713,0.563,-0.125
0149+335,1996,1,28.1440685472,0.337,33.8425439775,0.484,-0.208
0149+370,1996,1,28.050916336,0.341,37.2682409574,0.419,-0.29
0150-334,1996,1,28.2921744225,1.438,-33.1738503881,1.831,-0.568
0151+474,1996,2,28.7345410586,0.465,47.7240387694,0.514,-0.002
0153+222,1996,2,28.99556408,0.648,22.5032962524,1.058,-0.127
0156+128,1996,2,29.7344741254,0.567,13.1174283694,1.366,-0.388
0159+418,1996,1,30.6818886139,0.349,42.0878704748,0.388,-0.302
0200+304,1996,1,30.9389835102,2.001,30.6914189854,1.533,-0.155
0201+113,1996,32,30.9444043989,0.296,11.5792804615,0.496,-0.1
0201+365,1996,1,31.2316498886,0.329,36.8216661311,0.435,-0.277
0201+438,1996,2,31.2282878043,1.183,44.0519180206,0.823,0.11
0202+149,1996,60,31.2100579125,0.194,15.236400961,0.337,-0.071
0202+319,1996,3,31.2705223024,0.192,32.20835983,0.277,-0.022
0202-172,1996,1,31.2403098327,2.468,-17.022177141,1.671,-0.286
0204+316,1996,1,31.8957900614,0.268,31.8684620029,0.454,-0.12
0206+136,1996,2,32.3999930448,0.295,13.8668757515,0.629,-0.327
0206+293,1996,1,32.2860185191,0.919,29.5460401264,1.126,0.52
0208-512,1996,19,32.6925018304,0.647,-51.0171921753,0.534,-0.086
0209+168,1996,1,32.9532755361,63.625,17.1229408163,84.053,-0.99
0210+181,1996,2,33.2938721668,0.591,18.3404023011,1.092,-0.331
0212+735,1996,1,34.3783894292,0.728,73.8257282281,0.194,0.1
0213+443,1996,1,34.071548359,2.026,44.6287192221,3.981,0.073
0215+015,1996,4,34.453978171,0.321,1.7471387523,0.638,0.072
0217+166,1996,2,35.0031618616,1.418,16.8746082484,1.909,-0.77
0217+324,1996,1,35.200221035,0.303,32.6851288367,0.456,0.164
0220-349,1996,1,35.7350075238,1.668,-34.6913138522,1.077,0.278
0221+067,1996,1,36.1184506126,0.592,6.9898170781,0.563,0.057
0222+185,1996,2,36.2694535726,0.54,18.7802132486,1.079,-0.569
0223+341,1996,1,36.5430550263,0.265,34.3584128518,0.412,0.002
0227+403,1996,1,37.6904616179,0.34,40.5480747541,0.427,-0.28
0229+131,1996,129,37.9412252256,0.173,13.381865629,0.279,-0.111
0229+230,1996,2,38.0864854315,0.436,23.2991277411,0.787,-0.322
0229+262,1996,1,38.1150968771,0.235,26.4773861899,0.414,-0.133
0230-790,1996,1,37.3956095249,5.181,-78.7959999187,1.107,0.076
0234+285,1996,26,39.4683569799,0.286,28.8024972839,0.403,-0.232
0235+164,1996,47,39.6622087569,0.227,16.6164651011,0.342,-0.084
0236+610,1996,2,40.1319296178,14.074,61.2293315135,1.925,0.101
0237+040,1996,2,39.9635959816,0.646,4.2726144303,0.638,-0.22
0237+185,1996,2,40.1784012229,0.635,18.8000151255,0.913,-0.18
0237-027,1996,2,39.9394676192,0.383,-2.5780317617,0.728,-0.259
0238-084,1996,43,40.269993825,0.509,-8.2557644259,0.914,-0.144
0239+108,1996,11,40.6215452272,0.279,11.0168689281,0.457,0.048
0239+175,1996,2,40.6011180068,0.495,17.7163470562,0.973,-0.665
0242+238,1996,2,41.3202337299,2.477,24.0931033167,2.481,0.754
0248+430,1996,1,42.893903061,0.327,43.254397215,0.374,-0.305
0249+383,1996,1,43.2870336329,0.307,38.5902777292,0.397,-0.277
0250+508,1996,1,43.4900329969,0.593,51.0490156025,0.665,0.15
0251+393,1996,1,43.6776335687,0.325,39.5263088704,0.406,-0.221
0252-549,1996,1,43.3715858468,2.853,-54.6976211384,4.405,-0.39
0253+133,1996,2,44.1457695109,0.483,13.5764849215,1.21,-0.543
0254+185,1996,1,44.4401199504,1.407,18.7848214604,2.482,-0.691
0256+075,1996,2,44.8628195421,0.783,7.7943450869,1.016,-0.111
0256+423,1996,1,44.9070604035,8.794,42.5971679082,3.391,0.811
0300+470,1996,2,45.8968426092,0.481,47.2711876659,0.459,0.246
0301+336,1996,1,46.1723434529,0.27,33.8120917553,0.407,-0.038
0302+173,1996,2,46.2926010028,0.513,17.5830813259,1.256,-0.323
0302-623,1996,1,45.9609639012,1.686,-62.1904305235,0.989,-0.291
0305+039,1996,1,47.109266161,0.705,4.1109166101,3.157,-0.329
0306+102,1996,7,47.2650978749,0.393,10.4878724414,0.54,0.109
0307+380,1996,1,47.7078330372,0.285,38.2482884993,0.366,-0.259
0308-611,1996,2,47.4837463654,0.755,-60.9775154286,0.572,0.006
0309+411,1996,1,48.2581755495,0.307,41.3336623222,0.371,-0.253
0312-770,1996,1,47.9802048115,16.775,-76.86412466,1.8,0.747
0316+162,1996,2,49.7408443254,0.694,16.475749815,1.074,-0.303
0316+413,1996,1,49.9506670475,0.294,41.5116965328,0.353,-0.253
0317+188,1996,16,49.9635697218,0.385,19.0253586719,0.55,-0.416
0318+438,1996,1,50.4036182104,1.397,43.9895784785,1.054,0.157
0319+121,1996,1,50.4712646538,0.289,12.3538763086,0.743,-0.411
0321+340,1996,1,51.1715054152,0.274,34.1794046242,0.41,0.02
0321+467,1996,1,51.3345993778,0.921,46.918509772,0.98,0.346
0322+222,1996,2,51.40339322,0.255,22.4001015484,0.433,-0.284
0325+395,1996,1,52.2096456779,24.899,39.6790294322,24.774,-0.869
0326+277,1996,1,52.4902891533,0.271,27.937638638,0.437,-0.006
0326+349,1996,1,52.3139786013,0.24,35.1683307657,0.353,0.005
0327+364,1996,1,52.6448571298,2.822,36.6613984283,2.546,-0.001
0327+467,1996,1,52.6359473488,0.547,46.9398037117,0.669,0.132
0332-403,1996,1,53.5568931105,2.038,-40.1403883568,2.194,0.358
0333+321,1996,3,54.1254483276,0.237,32.3081507674,0.356,0.145
0334-546,1996,1,53.9746873304,2.979,-54.5069769154,2.88,-0.296
0336+473,1996,1,55.0449535702,0.506,47.5409209325,0.642,0.197
0336-019,1996,92,54.8789074084,0.176,-1.7766122377,0.366,-0.135
0337+337,1996,1,55.2915569413,0.423,33.872679178,0.528,0.506
0338+480,1996,1,55.5431361643,1.002,48.1630392041,1.207,-0.388
0338-214,1996,6,55.1483661181,0.588,-21.3253255838,0.983,0.214
0340+362,1996,1,55.8706349532,0.285,36.370119531,0.397,-0.206
0341+158,1996,5,56.0965507086,0.488,15.9953802863,0.842,0.195
0342+147,1996,2,56.2767355727,0.314,14.8970995242,0.433,-0.022
0344+199,1996,2,56.8731633381,0.72,20.0814013203,1.206,-0.383
0344+235,1996,2,56.9879658182,1.513,23.665367468,2.582,-0.816
0345+460,1996,1,57.3280899228,0.438,46.1665717769,0.545,0.206
0346+209,1996,2,57.4384589426,2.166,21.0794352118,3.326,-0.429
0350+465,1996,1,58.6250485055,0.506,46.7218752852,0.569,0.101
0353+289,1996,1,59.035258022,0.467,29.0617557756,0.976,0.127
0354+231,1996,2,59.3400412517,0.369,23.3316183396,0.792,-0.27
0355+508,1996,2,59.8739469067,0.516,50.9639339109,0.532,0.079
0355-483,1996,1,59.3413240958,2.043,-48.2042097479,3.669,0.645
0356+322,1996,1,59.9371370987,0.233,32.3464320681,0.343,0.037
0358+210,1996,2,60.4381920969,0.284,21.1746075138,0.628,-0.205
0400+258,1996,2,60.7732752088,0.257,26.0004173172,0.366,0.025
0400-319,1996,1,60.5886082181,1.677,-31.7905406396,1.742,0.521
0402+379,1996,1,61.455259767,0.953,38.0589544519,0.704,0.207
0402-362,1996,25,60.9739578835,0.578,-36.0838648212,1.1,0.582
0403-132,1996,1,61.3916810085,1.696,-13.1371359985,1.202,0.036
0405-123,1996,1,61.9517954636,1.489,-12.1935163453,1.285,-0.097
0405-385,1996,8,61.7459805476,0.858,-38.4411227701,1.202,0.489
0406+121,1996,3,62.3417028667,0.381,12.2944024942,0.75,-0.143
0407-658,1996,1,62.0849032931,13.103,-65.7525251581,6.836,-0.08
0409+188,1996,2,63.1914342599,0.517,18.9436326443,0.932,0.113
0409+229,1996,2,63.1819454573,0.456,23.08484813,0.797,-0.217
0411+341,1996,1,63.6552323292,0.394,34.3142242638,0.513,-0.036
0412+447,1996,1,63.985527174,0.49,44.8804676964,0.574,0.137
0414-189,1996,1,64.1522684765,0.421,-18.8523164007,1.641,-0.04
0415+398,1996,1,64.8439563284,0.285,39.9247161659,0.373,-0.158
0420+417,1996,1,65.983373965,0.301,41.8340869193,0.368,-0.13
0420-014,1996,4,65.8158363588,0.293,-1.3425182794,0.702,0.093
0421+145,1996,2,66.097877491,7.377,14.7046348082,3.867,-0.523
0422+004,1996,1,66.1951752887,0.608,0.6017583543,1.299,-0.137
0422-380,1996,1,66.1760155908,0.46,-37.9391064574,0.905,-0.141
0423+233,1996,2,66.7322284269,0.647,23.4610095759,1.521,-0.72
0423+237,1996,1,66.7332078391,8.74,23.8407167394,10.625,-0.801
0424+328,1996,1,67.0242030485,0.361,32.9977899631,0.463,-0.156
0424+414,1996,1,66.9418564086,0.295,41.5503056173,0.369,-0.133
0425+048,1996,1,66.9482103904,0.742,4.9523125689,0.755,0.258
0425+174,1996,2,67.1484738125,0.444,17.539885811,0.964,-0.458
0426+273,1996,1,67.4706698577,0.32,27.4105212989,0.494,-0.087
0426-380,1996,1,67.1684345372,1.383,-37.9387715209,2.069,0.152
0429+174,1996,2,67.9890803739,0.664,17.5266045105,1.274,-0.641
0429+415,1996,1,68.1520941548,0.313,41.6412357998,0.401,-0.12
0430+052,1996,5,68.2962315721,0.3,5.3543385671,0.579,-0.047
0430+289,1996,12,68.4076243819,0.338,29.0987436241,0.468,0.001
0432+254,1996,1,68.8940955841,0.846,25.5499158274,1.421,0.394
0434+299,1996,1,69.5206179859,0.297,30.0793105709,0.434,-0.035
0434-188,1996,3,69.2561779943,0.398,-18.7468369101,0.838,-0.45
0436+306,1996,1,69.8240606802,0.326,30.752097942,0.495,-0.054
0436+426,1996,1,70.0327982837,0.309,42.7445162414,0.385,-0.094
0437+273,1996,1,70.1155811886,0.857,27.4779670695,1.059,-0.1
0437-454,1996,1,69.7535614104,2.838,-45.3729339216,1.278,-0.036
0440+345,1996,5,70.8818133029,0.32,34.6851845692,0.438,-0.091
0440-003,1996,2,70.6610865945,0.801,-0.2953945633,0.699,0.078
0442+389,1996,1,71.5478917691,0.273,39.0047502984,0.362,-0.135
0445+364,1996,1,72.1465065692,0.378,36.492060194,0.511,0.202
0450-743,1996,1,72.2023240929,26.739,-74.2920139538,3.7,0.817
0451-282,1996,1,73.3110281482,2.153,-28.1270336894,2.09,0.356
0454+844,1996,5,77.1765136959,2.885,84.5345955477,0.288,0.025
0454-234,1996,107,74.2632468251,0.213,-23.4144500339,0.396,-0.116
0454-810,1996,1,72.5226649505,5.835,-81.0172863151,0.968,0.01
0456+310,1996,1,74.8876404846,0.34,31.1095243323,0.515,0.031
0457+024,1996,7,74.9668777674,0.52,2.4919930508,0.982,-0.198
0458-020,1996,140,75.3033745315,0.152,-1.9872933811,0.348,-0.161
0459+060,1996,1,75.5643579167,0.644,6.1520822064,0.958,-0.101
0459+135,1996,2,75.6384147697,0.284,13.6363775874,0.573,-0.298
0500+339,1996,1,75.9866039667,2.498,34.0578098924,1.619,0.443
0502+049,1996,1,76.3466032804,1.557,4.9952014254,1.552,0.283
0503+466,1996,1,76.8485783323,0.545,46.7617608355,0.594,0.154
0503-608,1996,1,76.0070861299,3.2,-60.8312606703,1.227,0.464
0505+354,1996,1,77.274358741,0.368,35.4714686226,0.535,-0.077
0507+179,1996,5,77.5098713464,0.313,18.0115504034,0.496,-0.139
0508+138,1996,2,77.9096654247,0.305,13.9553316386,0.612,-0.234
0509+152,1996,2,78.1708870903,0.662,15.2898557437,0.811,0.225
0513+455,1996,1,79.3704143865,0.555,45.6180181809,0.544,0.235
0514+330,1996,1,79.5214269482,0.339,33.1037123746,0.463,-0.198
0514+474,1996,1,79.5503741327,0.696,47.5154246481,0.62,0.027
0515+208,1996,2,79.515935545,0.286,20.9145826803,0.595,-0.274
0517-726,1996,1,79.1571645087,7.917,-72.6187403853,1.165,0.44
0518+211,1996,2,80.4415244704,0.491,21.2142924043,0.84,-0.574
0520+411,1996,1,80.9824175815,0.396,41.2307807943,0.44,-0.004
0521-365,1996,9,80.7416026235,0.871,-36.4585696477,1.273,0.705
0524-460,1996,2,81.3808343357,0.74,-45.9651900818,0.797,0.172
0528+134,1996,126,82.7350698059,0.131,13.5319859927,0.242,-0.149
0528-250,1996,1,82.533177969,1.085,-25.0583051624,0.882,-0.112
0529+483,1996,1,83.3161073812,0.533,48.3813355838,0.485,0.308
0530+421,1996,1,83.4853539145,0.431,42.1817838983,0.561,0.095
0530-727,1996,5,82.375175764,2.624,-72.7579187093,0.606,-0.1
0532+506,1996,1,84.0842994893,0.563,50.640625552,0.468,0.326
0533+446,1996,1,84.3752525502,0.669,44.6843166625,0.627,0.169
0536+145,1996,1,84.9265249514,1.016,14.5626544146,5.347,-0.817
0537+251,1996,1,85.059761523,0.44,25.1320413338,0.702,-0.219
0537-286,1996,1,84.9761730635,1.798,-28.6655406744,2.534,0.365
0537-441,1996,39,84.7098398564,0.344,-44.0858164095,0.351,-0.043
0538+474,1996,1,85.4551895198,0.557,47.4854475597,0.515,0.282
0539-057,1996,1,85.4086806561,0.773,-5.697063154,0.874,-0.297
0540+456,1996,1,86.0048590448,1.562,45.6841091502,1.191,-0.201
0544+273,1996,9,86.8922871705,0.276,27.3657896348,0.397,0.011
0548+378,1996,1,88.0747369372,0.292,37.9070229248,0.379,-0.006
0552+398,1996,152,88.8783567003,0.184,39.8136569475,0.18,-0.068
0554+242,1996,7,89.2696398596,0.309,24.2320273317,0.409,0.154
0555+378,1996,1,89.751883847,0.372,37.8320890221,0.538,-0.546
0556+238,1996,24,89.8834714393,0.269,23.8983130331,0.388,-0.125
0559+422,1996,1,90.7456002523,0.244,42.2027805547,0.339,-0.345
0600+177,1996,2,90.788042791,0.663,17.7046695318,0.707,0.16
0600+219,1996,1,90.9648211625,0.907,21.9938051436,2.444,-0.269
0600+299,1996,1,90.982716382,0.687,29.9514882578,0.857,0.009
0600+442,1996,1,91.1484532504,1.289,44.2329303932,0.896,-0.438
0602+405,1996,2,91.4618973295,0.263,40.5022511065,0.36,-0.274
0602+673,1996,2,91.96946473,0.731,67.3487249701,0.271,0.0
0603+476,1996,1,91.8468956427,0.564,47.663039532,0.485,0.275
0607-157,1996,1,92.4206230573,0.469,-15.7112976631,1.699,-0.073
0609+413,1996,1,93.2132717653,0.217,41.3770580714,0.312,-0.328
0609+607,1996,1,93.5994427434,1.158,60.7727098411,0.427,-0.529
0610+260,1996,2,93.4589132215,0.39,26.076866963,0.574,0.075
0610+510,1996,1,93.7048301738,0.771,51.036977621,0.802,0.052
0611+131,1996,2,93.4903866134,0.273,13.1126114381,0.593,-0.262
0611+483,1996,1,93.7668887315,0.613,48.317980554,0.524,0.286
0615+820,1996,1,96.5125255825,1.545,82.0404354893,0.332,0.088
0617+210,1996,2,95.0813687257,1.428,21.0415406545,1.996,-0.6
0620+227,1996,1,95.8242163675,9.458,22.6932690979,9.01,-0.234
0620+389,1996,1,96.0792553853,0.225,38.9468713723,0.338,-0.351
0620+459,1996,1,95.9854658247,1.433,45.9109750248,0.95,0.452
0621+446,1996,1,96.3261056277,0.564,44.6671184981,0.548,0.231
0627+176,1996,2,97.5302438992,0.322,17.6369255119,0.664,-0.172
0628+203,1996,2,97.7544274174,0.378,20.3497807451,0.795,-0.196
0629+160,1996,2,98.1797315665,0.591,15.9993388752,0.89,0.395
0629+320,1996,1,98.1282617378,0.905,32.0148975238,0.947,0.151
0629-418,1996,1,97.7999913288,1.868,-41.9074851881,2.142,-0.176
0630+497,1996,1,98.4675275553,0.876,49.7294234731,0.72,0.255
0632+502,1996,1,99.045901958,1.229,50.1665634029,0.806,-0.199
0634+150,1996,2,99.4627179471,0.726,14.9825794386,1.391,-0.635
0636+680,1996,1,100.5177398142,1.432,67.976561411,0.551,-0.195
0637-337,1996,1,99.8371033151,2.182,-33.7666974052,1.834,0.195
0637-752,1996,26,98.943782811,0.953,-75.2713376203,0.235,0.129
0641+392,1996,1,101.223789827,0.202,39.2465373001,0.321,-0.286
0642+214,1996,1,101.3504144441,0.572,21.3642225056,0.817,-0.241
0642+449,1996,62,101.6334415921,0.285,44.8546083752,0.244,-0.038
0643+307,1996,1,101.5634921077,0.645,30.6898975614,0.705,0.07
0644+491,1996,1,102.19632725,4.664,49.1224251279,2.881,0.449
0646-306,1996,1,102.0587353617,1.562,-30.7387947984,3.556,-0.031
0648-165,1996,1,102.6024238365,1.173,-16.6277016677,2.088,0.519
0650+371,1996,1,103.4928449181,0.211,37.0946130418,0.339,-0.223
0650+453,1996,1,103.5988066973,0.592,45.2398739823,0.537,0.214
0651+410,1996,1,103.7917696745,0.245,41.0028225567,0.388,-0.292
0654+244,1996,2,104.2736479628,0.993,24.3987209261,0.968,-0.251
0657+172,1996,5,105.0063563979,0.257,17.1560281407,0.406,0.009
0659+268,1996,1,105.6324620543,0.716,26.7363962401,0.896,0.024
0700+470,1996,1,106.0398258907,0.856,47.0155667365,0.81,-0.254
0707+424,1996,1,107.6846931698,2.252,42.3486230376,1.312,-0.56
0707+476,1996,2,107.692103463,0.587,47.5364286274,0.445,-0.048
0709+509,1996,1,108.3037344816,1.018,50.8955255217,0.903,-0.077
0710+439,1996,1,108.4090173844,0.232,43.8214462399,0.337,-0.116
0711+356,1996,1,108.6034060649,0.215,35.5777213452,0.356,-0.296
0714+457,1996,1,109.4660516119,0.575,45.6342394501,0.47,0.195
0716+477,1996,1,110.08957387,0.672,47.6289237903,0.557,0.151
0718+374,1996,1,110.505248669,0.383,37.3746204062,0.482,-0.285
0718+792,1996,48,111.5488968102,0.785,79.1919489163,0.142,-0.029
0722+145,1996,1,111.3200320132,0.921,14.4204858341,1.748,-0.776
0723+488,1996,1,111.7629190014,0.641,48.736146563,0.488,0.173
0723-008,1996,4,111.4609997022,0.539,-0.9157066919,0.703,-0.226
0725+219,1996,2,112.0858680463,0.243,21.8851085037,0.429,-0.149
0727+409,1996,1,112.7139441216,0.395,40.8307852145,0.439,-0.362
0727-115,1996,147,112.5796352863,0.164,-11.6868334898,0.342,-0.084
0728+249,1996,2,112.8906062171,0.314,24.866277517,0.544,0.082
0729+259,1996,1,113.2344803099,0.248,25.8107764317,0.443,0.016
0730+504,1996,1,113.4688355415,0.656,50.3691841632,0.446,0.185
0731+479,1996,1,113.7596318975,0.626,47.8356744601,0.467,0.175
0733+261,1996,1,114.2419738218,0.306,26.0805401786,0.509,0.041
0733+300,1996,1,114.0569212206,0.292,29.9061625886,0.529,-0.032
0735+178,1996,21,114.5308073426,0.306,17.7052772496,0.498,-0.091
0736+017,1996,4,114.8251412456,0.287,1.6179492955,0.553,-0.124
0738+272,1996,1,115.3572201579,0.353,27.1126086615,0.538,0.021
0738+313,1996,2,115.2945971142,0.24,31.2000635435,0.479,-0.088
0738+491,1996,2,115.5114538881,0.453,49.0043359725,0.412,-0.05
0738-674,1996,1,114.7354016007,2.751,-67.5974509118,1.208,0.218
0739+398,1996,1,115.7911939648,0.269,39.6918835619,0.436,-0.289
0740+173,1996,2,115.7712784428,0.412,17.2401148453,0.909,-0.483
0740+235,1996,1,115.9373850836,3.637,23.4775012999,2.327,0.555
0742+103,1996,1,116.3877478746,0.542,10.1868580326,1.321,-0.17
0742+318,1996,1,116.423631386,0.325,31.7157265755,0.514,-0.218
0743+259,1996,2,116.6078090831,0.374,25.8172594995,0.708,-0.041
0743+277,1996,1,116.6684680468,0.244,27.5830684806,0.433,0.014
0743-006,1996,1,116.4753430797,0.443,-0.7382048812,1.066,0.059
0745+241,1996,10,117.1504553727,0.318,24.0066972359,0.44,-0.218
0746+483,1996,1,117.585151178,0.645,48.2482102356,0.445,0.122
0746+503,1996,1,117.5347616886,1.33,50.251891979,0.919,0.085
0747+185,1996,2,117.5013748384,0.309,18.3865021532,0.639,-0.214
0748+333,1996,1,117.9736385424,0.267,33.2221716217,0.439,0.018
0749+376,1996,1,118.1704495331,0.356,37.5067533482,0.524,-0.386
0749+426,1996,1,118.2639062515,0.307,42.5252126409,0.416,-0.178
0749+540,1996,23,118.2557690377,0.234,53.8832325575,0.18,-0.049
0751+485,1996,1,118.6902934901,0.69,48.3974301608,0.531,0.177
0759+183,1996,2,120.7001332464,0.238,18.1636804615,0.429,-0.201
0759+252,1996,1,120.6732811036,0.537,25.1530271657,0.822,0.542
0802+212,1996,2,121.4105594802,0.45,21.1143313811,0.722,-0.333
0803+452,1996,1,121.6394686282,0.663,45.0756311666,0.515,0.266
0803+514,1996,1,121.7542229605,0.78,51.2940768505,0.557,0.246
0804+499,1996,123,122.165276183,0.226,49.8434806573,0.18,-0.067
0805+269,1996,1,122.1531874431,1.024,26.7768721731,1.196,-0.065
0805+410,1996,24,122.2360501495,0.162,40.8791358093,0.177,-0.192
0807+417,1996,1,122.7458094385,0.492,41.567446268,0.628,-0.483
0808+019,1996,1,122.8612804468,0.383,1.7811724456,0.927,-0.017
0810+247,1996,2,123.4464072167,1.113,24.5997638597,1.183,-0.545
0810+258,1996,1,123.2659754435,0.309,25.7030643804,0.513,0.271
0812+367,1996,1,123.8581036373,0.21,36.5875413944,0.341,-0.2
0814+326,1996,1,124.368926304,0.548,32.4508127004,0.699,0.394
0814+425,1996,3,124.5666649573,0.268,42.3792819778,0.257,-0.166
0815+326,1996,1,124.7597025123,0.369,32.4436710091,0.562,0.351
0818-128,1996,1,125.2393651874,0.404,-12.9831024671,0.93,-0.019
0819+408,1996,1,125.7398164703,0.264,40.6971575552,0.392,-0.089
0820+225,1996,2,125.853163292,0.447,22.3842469202,0.816,0.242
0820+296,1996,1,125.9213833776,0.464,29.4744996882,0.692,0.097
0820+560,1996,5,126.1968183184,0.543,55.8785194202,0.379,0.108
0821+248,1996,2,126.1375388023,0.352,24.6453100384,0.587,-0.258
0821+394,1996,1,126.2311827567,0.214,39.2783067213,0.324,-0.188
0821+621,1996,4,126.4108846574,0.81,61.9579386852,0.298,0.176
0822+137,1996,2,126.2995456131,0.332,13.5423720669,0.716,-0.192
0823+033,1996,73,126.4597431414,0.108,3.1568110939,0.26,-0.179
0823-500,1996,1,126.3619565481,9.726,-50.1773574895,3.613,-0.572
0824+355,1996,1,126.9107843112,0.228,35.4180770483,0.361,-0.19
0826-373,1996,1,127.0199179257,1.037,-37.5184102997,2.022,0.341
0827+243,1996,9,127.7170257607,0.23,24.1832834404,0.352,-0.061
0828+493,1996,1,128.096736198,0.631,49.2225107483,0.425,0.041
0829+046,1996,3,127.9536540145,0.415,4.4941906029,0.592,-0.053
0829+187,1996,2,128.0668345314,0.509,18.5367038765,0.792,-0.093
0830+425,1996,1,128.4745224156,0.338,42.4005140347,0.424,-0.007
0833+276,1996,1,129.0953695053,0.234,27.4812592479,0.415,0.087
0833+416,1996,1,129.1537194247,0.296,41.4318645087,0.502,-0.095
0834+250,1996,1,129.4176903931,0.203,24.9064226089,0.41,0.004
0836+182,1996,2,129.8780058897,0.559,18.0464284718,0.96,-0.667
0836+426,1996,1,129.9856723078,0.307,42.4655042949,0.421,0.004
0839+187,1996,5,130.5212256191,0.322,18.5947195287,0.654,-0.132
0839+458,1996,1,130.7795591357,5.288,45.6285823946,7.239,0.31
0840+424,1996,1,130.8818225751,1.755,42.2582014433,2.086,0.196
0841+386,1996,1,131.1212409208,0.245,38.5154750278,0.405,-0.189
0844+463,1996,1,131.8929103925,0.595,46.1577794314,0.453,0.041
0847+379,1996,1,132.6030408077,0.246,37.7859660694,0.395,-0.173
0851+202,1996,120,133.703645551,0.135,20.1085113188,0.262,-0.13
0854+213,1996,2,134.2385200012,0.554,21.1954607187,0.657,-0.02
0859+433,1996,1,135.6288332652,0.231,43.1706016139,0.326,-0.106
0859+470,1996,1,135.7666253375,0.587,46.8511494242,0.425,-0.04
0900+428,1996,1,136.065118791,0.299,42.6346568649,0.388,-0.217
0902+290,1996,1,136.4240411354,0.565,28.8245280544,0.637,0.457
0902+468,1996,1,136.5647484121,1.257,46.6052850042,1.442,-0.348
0902+490,1996,1,136.3644327502,0.63,48.8472126732,0.434,-0.036
0906+163,1996,2,137.2330223316,0.652,16.1652121049,1.627,-0.696
0908+201,1996,2,137.8894154965,3.315,19.9705808775,1.968,-0.433
0908+340,1996,1,137.9490061611,0.516,33.8213315225,1.173,0.376
0911+354,1996,1,138.6642648243,0.38,35.2012753931,0.547,0.172
0913+391,1996,1,139.2037691562,0.209,38.9078184717,0.314,-0.049
0916+336,1996,1,139.7866130058,0.28,33.4116507404,0.481,0.195
0917+449,1996,1,140.2435768928,0.541,44.6983293891,0.414,-0.089
0917+624,1996,3,140.4009627764,0.356,62.2644944769,0.187,-0.038
0919-260,1996,33,140.3723078331,0.185,-26.3120515541,0.497,-0.155
0920+284,1996,1,140.9646808502,0.317,28.2569504654,0.505,0.165
0920+390,1996,5,140.8102205911,0.293,38.8277527986,0.382,0.178
0920+416,1996,1,140.8804374671,0.214,41.4242887646,0.31,-0.077
0920-397,1996,25,140.6934094161,0.266,-39.9930744646,0.648,-0.18
0922+316,1996,1,141.4318759934,0.915,31.4530010652,1.495,0.259
0922+407,1996,1,141.5017786758,0.183,40.4971313605,0.286,-0.086
0923+392,1996,138,141.7625580173,0.169,39.0391255222,0.198,-0.086
0925+449,1996,1,142.1005712323,0.644,44.7680000649,0.545,0.033
0925+504,1996,1,142.3143340925,0.627,50.2266640278,0.39,-0.124
0925-203,1996,1,141.9659346251,1.361,-20.5808966872,2.989,0.286
0927+352,1996,1,142.7303296559,0.176,35.0604468147,0.308,-0.108
0927+469,1996,1,142.6461692474,13.184,46.735737974,21.904,0.936
0928+144,1996,2,142.7722602503,0.392,14.2379219489,0.738,-0.463
0930+493,1996,1,143.5656761273,0.718,49.1393698202,0.515,0.105
0933+503,1996,1,144.301364042,0.632,50.1478048718,0.422,-0.238
0936+419,1996,1,144.9567328009,0.261,41.69838653,0.379,-0.169
0937+262,1996,1,145.061344824,0.181,26.0583182284,0.351,0.086
0940+172,1996,2,145.8217665835,0.549,17.0386006883,1.182,-0.495
0942+358,1996,1,146.4088363744,0.175,35.5819691373,0.316,-0.114
0942+468,1996,1,146.4253862217,0.739,46.6140545527,0.59,-0.031
0945+408,1996,1,147.2305758816,0.168,40.6623853346,0.254,-0.081
0949+354,1996,1,148.1334423695,0.176,35.2145564904,0.316,-0.133
0951+268,1996,1,148.665818747,0.209,26.656817484,0.384,0.123
0951+693,1996,13,148.8882210995,1.206,69.0652947102,0.416,0.064
0952+179,1996,7,148.7367651112,0.322,17.7253393535,0.642,-0.034
0953+254,1996,82,149.2078140824,0.161,25.2544583285,0.271,0.096
0954+658,1996,6,149.6968545682,0.625,65.565227218,0.321,-0.178
0955+326,1996,1,149.5872899937,0.178,32.4006135845,0.322,0.088
0955+476,1996,138,149.5819651943,0.23,47.4188451091,0.201,-0.067
0955+509,1996,1,149.6575392178,0.701,50.6659677166,0.519,-0.388
0958+294,1996,1,150.2925233306,0.223,29.193759961,0.388,0.175
0958+346,1996,1,150.2997881736,0.207,34.4140162846,0.327,0.161
1001+329,1996,1,150.9898525434,0.638,32.7343170772,0.884,0.49
1004+141,1996,40,151.9229086755,0.318,13.9415558234,0.516,-0.208
1007+337,1996,1,152.7159540847,0.239,33.5049334402,0.41,-0.141
1010+350,1996,1,153.4567252448,0.17,34.7641066147,0.298,-0.084
1010+495,1996,1,153.3747144605,16.624,49.3113860978,26.067,-0.812
1011+250,1996,2,153.4726197098,0.207,24.8212334806,0.42,-0.049
1011+496,1996,1,153.7672494779,0.864,49.4335290072,0.705,-0.373
1012+232,1996,2,153.6961061868,0.229,23.0212696473,0.405,-0.211
1013+208,1996,2,154.1846754269,0.259,20.6298070005,0.48,-0.022
1014+615,1996,5,154.3578649233,0.418,61.2743047182,0.214,-0.128
1015+359,1996,1,154.5457837888,0.155,35.7109559392,0.272,-0.099
1018+348,1996,1,155.3228110814,0.198,34.6226846925,0.318,-0.152
1019+429,1996,1,155.554718154,0.264,42.6571145739,0.355,-0.008
1020+191,1996,2,155.729819916,2.638,18.892850714,3.29,0.839
1020+400,1996,2,155.798190308,0.194,39.8042738026,0.271,-0.192
1022+194,1996,5,156.1867066863,0.269,19.2056710124,0.431,-0.029
1023+131,1996,2,156.4845224147,0.219,12.896950543,0.433,-0.053
1024+483,1996,1,156.8044997046,0.67,48.0537597199,0.573,-0.454
1030+398,1996,1,158.3419208997,0.203,39.5975231874,0.292,0.118
1030+415,1996,1,158.2654495607,0.248,41.2683981691,0.381,-0.373
1032+509,1996,1,158.7750810453,0.989,50.6683614219,0.869,-0.619
1032-199,1996,1,158.7589803362,1.553,-20.1928776604,1.292,0.251
1033+223,1996,2,159.1374194992,1.01,22.0533905665,1.095,-0.189
1034+288,1996,1,159.4326467955,0.334,28.5831834118,0.507,-0.097
1034-293,1996,82,159.3169988859,0.272,-29.5674481337,0.43,-0.141
1038+064,1996,7,160.321510465,0.271,6.1713674729,0.484,-0.297
1038+528,1996,27,160.4449234814,0.496,52.5578420694,0.4,-0.036
1038+529,1996,1,160.4537401168,1.087,52.565447106,1.302,-0.258
1040+244,1996,1,160.7876489496,0.175,24.1431692194,0.343,-0.093
1042+178,1996,2,161.309832345,0.98,17.5966898261,1.905,-0.488
1043+066,1996,2,161.4697217535,0.583,6.410126074,1.041,-0.442
1044+719,1996,83,162.1150829803,0.387,71.7266495288,0.147,-0.057
1045-188,1996,1,162.0275857581,1.476,-19.1599240164,1.27,0.204
1048+347,1996,1,162.7421787795,0.797,34.5030391003,0.865,-0.498
1048+470,1996,1,162.8162311329,3.206,46.7381584244,1.177,-0.504
1048-313,1996,1,162.7699061995,2.108,-31.6373075026,4.209,0.526
1049+215,1996,2,162.953287992,0.237,21.3311982625,0.476,-0.127
1053+704,1996,1,164.2234062026,0.445,70.1960877312,0.161,0.105
1053+815,1996,7,164.5480643549,1.872,81.2424097253,0.242,-0.094
1055+018,1996,7,164.6233549802,0.227,1.5663399622,0.486,-0.182
1055+201,1996,2,164.5745868852,0.306,19.8641306123,0.734,-0.325
1055+433,1996,1,164.5121701005,0.265,43.0781959528,0.304,-0.443
1056+212,1996,2,164.9126779794,0.278,20.9560988625,0.546,-0.095
1057-797,1996,16,164.6804568865,2.594,-80.0650443832,0.367,-0.008
1058+393,1996,1,165.3752899673,0.281,39.0757314793,0.377,-0.443
1059+282,1996,1,165.5595350965,0.174,27.9524138438,0.326,-0.139
1100+223,1996,2,165.8461154244,0.569,22.0604778021,0.869,-0.373
1100+305,1996,1,165.8054243952,0.226,30.2451950978,0.397,-0.347
1101+384,1996,34,166.1138080989,0.312,38.2088330716,0.353,-0.091
1101-536,1996,3,165.9675905953,0.773,-53.9501932093,0.719,-0.03
1104+167,1996,2,166.8126977331,0.443,16.4672902759,1.084,-0.53
1104-445,1996,16,166.7862253766,0.541,-44.8187828139,0.802,-0.172
1105+437,1996,1,167.097820602,0.235,43.5149047715,0.277,-0.358
1105-680,1996,1,166.8028956288,3.75,-68.3474236708,1.524,0.412
1107+443,1996,2,167.6931076275,0.419,44.0572014465,0.418,-0.406
1107+485,1996,1,167.6513487269,4.098,48.2979015006,7.724,-0.29
1108+201,1996,2,167.8336075864,3.029,19.9266666231,2.315,-0.662
1117+146,1996,2,170.1158544414,17.595,14.3486111846,16.52,-0.925
1119+183,1996,2,170.6237979044,0.286,18.090650823,0.548,0.108
1121+238,1996,2,171.0112744913,0.573,23.6127417465,0.755,-0.264
1123+203,1996,2,171.4947582724,0.584,20.098426998,0.785,0.001
1123+264,1996,2,171.4737995114,0.196,26.1722162615,0.376,-0.107
1124+455,1996,1,171.7402291701,0.585,45.2684118543,0.878,-0.289
1124-186,1996,53,171.7683018528,0.163,-18.9548448935,0.351,-0.39
1125+213,1996,2,172.1480892481,2.703,21.0437110403,2.641,-0.165
1125+366,1996,1,171.9952950998,0.238,36.3412087414,0.353,-0.427
1128+308,1996,1,172.6767880618,0.237,30.526496592,0.402,-0.057
1128+385,1996,124,172.7220108677,0.187,38.2551519291,0.216,-0.091
1130+009,1996,2,173.3335657199,0.695,0.6813433594,1.216,0.005
1133+704,1996,1,174.1100354779,1.561,70.1575855431,0.846,-0.177
1135+480,1996,1,174.5880757603,0.698,47.7542768699,0.774,-0.098
1136+408,1996,1,174.7613926602,0.291,40.5485670504,0.353,-0.295
1140+188,1996,2,175.8586236651,0.608,18.5773226182,1.225,0.03
1142+198,1996,2,176.2708711757,1.229,19.6063177371,1.624,-0.222
1143+446,1996,1,176.4104983236,8.057,44.339420821,8.794,-0.645
1143-245,1996,1,176.5337634262,1.16,-24.7924708493,1.007,0.102
1144+352,1996,2,176.8422104212,0.542,35.0187563337,0.555,-0.092
1144+402,1996,4,176.7429079618,0.226,39.9761957125,0.328,-0.357
1144-379,1996,56,176.7557112427,0.325,-38.20306206,0.468,0.007
1145+268,1996,1,176.999016118,0.164,26.5950923561,0.321,-0.061
1145-071,1996,15,176.9648084585,0.395,-7.4114280127,0.81,-0.112
1146+189,1996,2,177.157403456,1.113,18.6691580277,1.044,0.404
1146+596,1996,1,177.209826265,1.891,59.4156622892,0.925,0.31
1147+245,1996,2,177.580050587,0.182,24.2982875652,0.389,-0.052
1147+438,1996,1,177.5691778462,1.215,43.5349738034,1.412,-0.179
1148-001,1996,1,177.682794946,0.604,-0.3983908909,1.064,0.279
1150+497,1996,1,178.3519443251,0.536,49.5191193472,0.516,-0.3
1150+812,1996,1,178.3020802908,3.23,80.9747653402,0.359,0.373
1151+408,1996,1,178.4777456941,0.264,40.6146163796,0.314,-0.297
1152+462,1996,1,178.795871733,2.83,45.9276736009,3.549,-0.376
1155+169,1996,2,179.395151113,0.279,16.6499026804,0.597,0.063
1155+251,1996,1,179.6074480102,0.405,24.8383233657,0.603,-0.295
1155+486,1996,1,179.6115396636,0.555,48.4211746361,0.576,-0.282
1156+295,1996,34,179.8826413142,0.22,29.2455074691,0.312,-0.162
1156-094,1996,1,179.8029663657,6.626,-9.6811227908,5.019,-0.063
1200+468,1996,1,180.8824887553,20.218,46.5487616229,15.628,0.699
1204+281,1996,1,181.8662518559,0.178,27.9163471822,0.34,-0.067
1204+399,1996,1,181.6543889704,0.239,39.6843742243,0.325,-0.356
1206+416,1996,1,182.3449500146,0.298,41.328158346,0.346,-0.346
1207+260,1996,1,182.4378962243,0.197,25.7843694438,0.379,-0.077
1208+186,1996,2,182.7778679567,0.625,18.3428562998,0.82,0.204
1210+197,1996,2,183.2337326358,1.493,19.4297266615,1.274,-0.167
1211+334,1996,1,183.5171490223,0.305,33.1626653617,0.411,-0.043
1212+171,1996,2,183.7665798684,0.333,16.9105434405,0.756,-0.18
1213+350,1996,1,183.9816709123,0.23,34.8042280618,0.341,-0.292
1213-172,1996,2,183.9447988943,0.507,-17.529278399,0.797,0.126
1215+303,1996,1,184.4670080975,0.2,30.1168432822,0.366,-0.248
1216+487,1996,1,184.7767280108,0.529,48.4989345189,0.568,-0.258
1217+023,1996,1,185.0495182153,2.527,2.0617326246,9.963,-0.982
1217+348,1996,1,185.034558753,0.309,34.5227064724,0.495,-0.48
1218+384,1996,1,185.2467886964,0.27,38.148807503,0.374,-0.428
1218+444,1996,1,185.3626859993,0.518,44.1915752681,0.643,-0.186
1219+044,1996,116,185.5939567637,0.153,4.2210489622,0.339,-0.104
1219+285,1996,1,185.3820437015,0.247,28.2329166372,0.387,-0.202
1221+464,1996,1,185.9139023793,0.718,46.1885005459,0.715,-0.191
1221+809,1996,3,185.9187242371,1.619,80.6678724236,0.25,-0.109
1222+037,1996,5,186.2184247859,0.319,3.5139702677,0.555,-0.153
1222+131,1996,1,186.2655970416,0.41,12.8869836609,1.139,-0.127
1222+216,1996,2,186.2269100208,0.214,21.3795522281,0.445,0.024
1222+438,1996,1,186.2146054355,0.385,43.5886908963,0.566,-0.196
1223+395,1996,1,186.4607043499,0.278,39.2396352222,0.414,-0.273
1225+317,1996,1,187.104024842,0.202,31.4771192101,0.375,-0.129
1225+368,1996,1,186.994689195,0.711,36.5866187641,0.774,-0.559
1226+023,1996,1,187.2779167268,2.268,2.0523892324,1.334,-0.405
1226+373,1996,2,187.1975986017,0.312,37.1033599052,0.43,-0.369
1226+492,1996,1,187.2156993555,0.744,48.9670252881,0.989,0.149
1227+255,1996,1,187.5587055335,0.229,25.301982318,0.436,-0.214
1228+126,1996,57,187.705930767,0.288,12.3911233024,0.47,-0.055
1230+486,1996,1,188.1449482775,0.653,48.3591498601,0.738,-0.059
1231+481,1996,1,188.5555448015,0.666,47.8975652406,0.783,-0.094
1232+366,1996,1,188.774193416,0.392,36.355367196,0.444,-0.326
1235+196,1996,2,189.4017515637,0.269,19.4112831268,0.615,0.015
1236+077,1996,2,189.8524513585,0.255,7.5047747624,0.409,-0.002
1236-684,1996,1,189.9443762208,9.81,-68.7585757855,8.476,-0.903
1237-101,1996,4,189.9294230109,0.574,-10.3913034067,0.941,-0.28
1237-113,1996,2,189.997632942,1.667,-11.6230547672,5.215,-0.894
1238+243,1996,1,190.1999371984,1.683,24.0872644001,1.911,-0.361
1239+376,1996,3,190.5408848399,0.377,37.3349146977,0.57,0.093
1240+381,1996,1,190.7140375592,0.241,37.8500071157,0.32,-0.356
1242+410,1996,1,191.2049467155,2.859,40.8017093845,3.766,0.91
1243-072,1996,7,191.5176338266,0.295,-7.5129373142,0.639,-0.07
1244-255,1996,1,191.6950083688,0.647,-25.7970244789,0.667,0.316
1246+489,1996,1,192.2122803943,8.641,48.6647680227,10.962,0.549
1251-713,1996,1,193.7496713756,3.354,-71.6384543719,1.117,0.114
1252+458,1996,1,193.6201192214,0.591,45.6012015867,0.791,0.001
1253+185,1996,2,193.8823331388,0.356,18.2974750749,0.772,0.332
1253-055,1996,4,194.0465276787,0.241,-5.7893123501,0.508,0.013
1255+327,1996,1,194.4884659338,0.172,32.4914794941,0.312,-0.179
1255-316,1996,23,194.4960866637,0.193,-31.9213476911,0.414,-0.12
1257+145,1996,1,195.0871618565,1.258,14.2884809974,1.085,0.321
1258+507,1996,1,195.1718623793,0.623,50.4935457886,0.746,-0.189
1300+485,1996,1,195.571650116,0.538,48.3215482787,0.632,-0.12
1300+580,1996,12,195.7186052737,0.234,57.8104470014,0.122,0.009
1302-102,1996,3,196.3875626002,0.721,-10.555396857,1.281,-0.361
1305+502,1996,1,197.0330173932,0.711,49.9648526337,0.727,0.127
1308+145,1996,2,197.7826014059,0.971,14.2962910583,1.431,-0.427
1308+172,1996,2,197.8492505401,1.825,16.9789414043,3.885,-0.845
1308+326,1996,137,197.6194326385,0.16,32.3454952758,0.193,0.021
1308+328,1996,8,197.7475113019,0.259,32.5595693531,0.357,-0.053
1308+471,1996,1,197.7232979424,1.11,46.8978383556,1.294,0.285
1310+487,1996,1,198.1806400315,0.72,48.4752613066,0.735,-0.088
1313+200,1996,2,199.1023672246,2.98,19.7845721643,2.344,0.21
1313-333,1996,15,199.0332747206,0.628,-33.649770221,1.086,0.313
1315+346,1996,1,199.4020589987,0.203,34.4210923646,0.373,-0.109
1318+225,1996,2,200.2966773702,0.256,22.270029971,0.541,0.199
1318+508,1996,1,200.1758657494,9.171,50.6021663572,3.082,-0.658
1321+410,1996,1,201.0503982676,0.361,40.8032675628,0.475,-0.214
1322+479,1996,1,201.1222598176,0.814,47.7223954344,0.845,-0.175
1323+321,1996,1,201.5688016706,1.302,31.9026426329,1.212,-0.057
1324+224,1996,2,201.7535888119,0.207,22.1806006526,0.421,0.197
1325+437,1996,1,201.8374124339,0.313,43.4411080607,0.39,-0.107
1325+504,1996,1,201.854681473,0.713,50.1469922659,0.841,0.029
1327+321,1996,1,202.4702704522,0.162,31.9030708298,0.295,-0.07
1327+504,1996,1,202.2741775042,0.549,50.1573335994,0.611,-0.112
1328+307,1996,1,202.7845332128,0.46,30.5091552614,0.491,0.146
1330+276,1996,1,203.2812112713,0.203,27.4217731644,0.395,-0.177
1330+476,1996,1,203.1885264434,0.613,47.3729632937,0.717,-0.128
1331+170,1996,2,203.3990943494,0.277,16.8177817112,0.622,0.38
1333+459,1996,1,203.8415090254,0.505,45.7106198449,0.608,-0.1
1334-127,1996,128,204.4157615741,0.199,-12.9568592398,0.358,-0.101
1338+285,1996,1,205.3136780532,0.263,28.2680770729,0.507,-0.362
1339+274,1996,1,205.5349027639,0.206,27.1585049371,0.38,-0.087
1342+662,1996,2,205.9414982581,0.807,66.0404848132,0.346,0.305
1342+663,1996,3,206.0361653916,0.768,66.1032344132,0.328,-0.026
1344+188,1996,2,206.8478757523,0.277,18.5937702125,0.621,0.291
1348+308,1996,1,207.7197341194,0.2,30.5815529945,0.366,-0.112
1349-439,1996,2,208.2355622567,1.628,-44.2112187531,2.062,-0.429
1351-018,1996,68,208.5287304862,0.173,-2.1008862782,0.377,-0.023
1354+195,1996,3,209.2684860223,0.283,19.3187146196,0.443,-0.019
1354-152,1996,5,209.2968540315,0.383,-15.4579962739,0.724,-0.068
1357+404,1996,1,209.908726067,0.226,40.1939583955,0.372,-0.231
1357+769,1996,134,209.480714644,0.701,76.7225141907,0.158,0.05
1402+044,1996,4,211.2546660717,0.481,4.2599496525,1.046,-0.109
1404+286,1996,7,211.7516433798,0.29,28.4540806473,0.547,-0.421
1404+347,1996,1,211.7243634716,0.241,34.5603630605,0.433,-0.211
1406-076,1996,5,212.2353383784,0.353,-7.8740739263,0.638,-0.006
1410+138,1996,2,213.1515527814,0.479,13.5772644198,0.99,-0.236
1412+461,1996,1,213.5618870209,20.394,45.9135217621,64.148,-0.947
1413+135,1996,3,213.9950728736,0.355,13.3399199273,0.639,0.477
1413+349,1996,1,214.0174426186,0.248,34.7434521668,0.442,0.024
1413+373,1996,1,213.8686115564,0.357,37.1058783409,0.465,-0.248
1415+463,1996,1,214.2840051234,0.565,46.1181801696,0.642,0.096
1417+273,1996,1,214.9970710581,0.322,27.1070979877,0.604,0.024
1417+385,1996,3,214.9442239494,0.246,38.3634653042,0.401,-0.214
1418+546,1996,5,214.9441558657,0.341,54.3874409169,0.222,-0.119
1419+469,1996,1,215.3461370123,0.602,46.7633297989,0.697,0.07
1420+326,1996,1,215.6265789033,0.257,32.3862335497,0.489,-0.186
1421+482,1996,1,215.7756527974,1.122,48.0363460687,0.877,0.024
1421+511,1996,1,215.8091102629,1.651,50.9270231081,1.728,-0.526
1422+473,1996,1,216.1544988893,0.808,47.0990829213,1.016,-0.05
1423+146,1996,2,216.4542417213,0.274,14.4158060857,0.621,0.207
1424+240,1996,2,216.7516323273,1.379,23.8000104519,1.837,-0.54
1424+366,1996,1,216.6545311693,0.179,36.4193259396,0.343,-0.093
1424-418,1996,37,216.9845732017,0.372,-42.1053993118,0.366,-0.021
1428+422,1996,1,217.5989233378,0.254,42.0768029311,0.407,-0.186
1429+400,1996,1,217.8355765999,0.249,39.8782026376,0.472,-0.203
1430+365,1996,1,218.1659567376,0.635,36.3022037157,0.872,-0.074
1430-178,1996,2,218.2403781992,1.877,-18.0264584572,2.553,-0.422
1432+200,1996,2,218.6658056949,0.262,19.8668707221,0.537,0.281
1432+422,1996,1,218.5237269005,0.225,42.0544419444,0.369,-0.18
1433+304,1996,1,218.8975090008,0.469,30.2068112944,0.653,0.129
1434+235,1996,2,219.1707545665,0.274,23.3509053107,0.554,0.095
1435-218,1996,1,219.5394553889,1.539,-22.0818745382,1.051,0.587
1436+373,1996,1,219.7233789682,0.231,37.1765045359,0.407,-0.046
1436+445,1996,1,219.6187683939,0.614,44.3033532748,0.738,0.049
1438+385,1996,1,220.0930669689,0.185,38.3371154995,0.346,-0.083
1438+501,1996,1,219.9457339693,0.494,49.9681821022,0.587,0.048
1439+327,1996,1,220.5005790107,0.307,32.5723060109,0.515,-0.086
1442+101,1996,3,221.3186053486,0.394,9.9766869988,0.723,-0.033
1443-162,1996,1,221.4724010461,1.21,-16.4837830278,1.191,-0.554
1444+175,1996,2,221.6472762427,0.244,17.3521056593,0.489,0.309
1445-161,1996,3,222.0627255572,1.281,-16.3401523588,1.085,-0.111
1448+762,1996,1,222.1199130717,1.887,76.0198881939,0.266,-0.303
1449+139,1996,1,222.8812121444,6.321,13.7233354929,4.657,0.409
1450+455,1996,1,223.1028092402,1.833,45.3732414402,1.938,-0.707
1451+270,1996,1,223.4733359628,0.205,26.8092806293,0.416,-0.096
1451-375,1996,13,223.6142073061,0.898,-37.7925402445,1.336,0.539
1451-400,1996,3,223.6371354537,0.942,-40.2090316881,0.898,0.36
1454+447,1996,1,223.9755655202,0.698,44.5271264335,0.833,-0.13
1454+510,1996,1,224.0338295563,7.263,50.8100827279,3.033,-0.022
1456+375,1996,1,224.6866433824,0.322,37.3393395147,0.532,-0.186
1458+718,1996,2,224.7815994987,0.895,71.6721855343,0.281,-0.334
1459+480,1996,1,225.2027261307,0.469,47.8543165559,0.563,0.032
1502+036,1996,2,226.2769880841,0.972,3.4418925504,1.143,-0.004
1502+291,1996,1,226.1112355014,0.404,28.9084840169,0.803,0.122
1502+330,1996,1,226.0313555863,0.698,32.8225507092,0.741,0.137
1504+377,1996,1,226.5397080872,0.161,37.5142033187,0.321,0.056
1504-166,1996,4,226.7699456746,0.398,-16.8750742612,0.733,-0.204
1505+428,1996,1,226.7210076032,0.185,42.6563985825,0.316,-0.023
1505+497,1996,1,226.6838100567,0.588,49.5655013598,0.633,-0.107
1505+514,1996,1,226.7983986243,0.828,51.2880175224,0.81,-0.242
1508+572,1996,13,227.5121764672,0.46,57.0453822404,0.305,0.044
1510-089,1996,4,228.2105539808,0.315,-9.0999532239,0.769,-0.225
1511+238,1996,2,228.4174398587,0.912,23.6431110062,1.015,-0.099
1511-100,1996,1,228.4370557548,0.843,-10.2000734673,0.797,0.308
1514+197,1996,2,229.2366506455,0.264,19.5369419643,0.518,0.261
1514-241,1996,27,229.4242214268,0.449,-24.3720766892,0.853,-0.102
1519-273,1996,2,230.6569831779,0.364,-27.5029959542,0.842,0.149
1520+319,1996,1,230.541632124,0.195,31.7373283765,0.357,-0.06
1520+437,1996,1,230.4567243453,0.182,43.6109076679,0.314,0.022
1522+155,1996,2,231.1733810387,0.713,15.3558473663,1.553,-0.481
1525+314,1996,1,231.8280709686,0.725,31.2567739685,0.735,0.114
1532+016,1996,1,233.7185572823,1.743,1.5178359789,1.887,0.57
1533+487,1996,1,233.8110560527,2.087,48.616582113,0.96,-0.354
1534+501,1996,1,233.9668292942,0.776,49.9608556256,0.769,-0.284
1537+162,1996,2,234.854579355,0.465,16.0667609526,0.896,0.284
1537+279,1996,1,234.9130712675,0.425,27.7439484118,0.854,-0.281
1542+328,1996,1,236.0235692615,0.317,32.6800889939,0.463,-0.373
1543+480,1996,1,236.2855411567,0.617,47.865184631,0.662,-0.042
1543+517,1996,1,236.2617656024,0.562,51.5835761055,0.584,0.099
1546+027,1996,1,237.3726537098,0.293,2.6169904469,0.935,0.088
1547+507,1996,1,237.3227858385,0.535,50.6349412596,0.554,0.162
1549-790,1996,1,239.2452928323,9.781,-79.2345214889,2.201,0.373
1551+130,1996,2,238.3862411452,0.437,12.9476988408,0.968,0.195
1555+001,1996,5,239.464308208,0.305,-0.0306704025,0.602,-0.269
1557+032,1996,9,239.8790525574,0.345,3.0800713871,0.821,-0.195
1600+335,1996,2,240.5302643854,0.2,33.448075481,0.341,-0.104
1601+160,1996,1,240.9085933833,6.724,15.9006565329,6.165,0.879
1603+301,1996,1,241.3877001359,0.443,30.0249171166,0.595,-0.543
1604+159,1996,2,241.7767935053,0.35,15.8595789685,0.664,0.251
1604+274,1996,1,241.742918063,0.348,27.2848840541,0.559,-0.589
1604+315,1996,1,241.5354932529,0.214,31.4129048586,0.354,-0.227
1604-333,1996,1,241.8948451839,6.501,-33.5191433878,3.041,-0.562
1606+106,1996,152,242.1925132734,0.159,10.4854932639,0.269,-0.028
1607+268,1996,1,242.3055032069,0.335,26.6913989869,0.466,-0.107
1608+243,1996,1,242.67511149,0.195,24.2469476689,0.369,-0.141
1609+190,1996,2,242.9543647411,0.332,18.9439184059,0.623,0.222
1610-771,1996,23,244.4553184931,1.368,-77.2884632001,0.297,-0.123
1611+343,1996,40,243.4211010173,0.209,34.2133080915,0.274,0.01
1613+216,1996,1,243.8795560678,5.771,21.5030789425,4.731,0.777
1614+051,1996,4,244.1564867324,0.342,4.9924268638,0.837,-0.098
1615+364,1996,1,244.2315833737,1.012,36.3595835306,0.709,0.254
1616+063,1996,2,244.7653649338,1.63,6.2172893416,1.889,0.092
1617+229,1996,2,244.8117691746,0.259,22.7966250903,0.448,0.392
1619+491,1996,1,245.1301050888,0.56,49.0314603974,0.6,0.16
1619-680,1996,1,246.0768193225,2.584,-68.1534716933,1.19,0.132
1621+392,1996,1,245.7817597256,0.244,39.1590030404,0.404,0.098
1622-253,1996,116,246.4453818495,0.248,-25.4606463864,0.395,-0.127
1622-297,1996,8,246.5250868799,0.574,-29.8574920786,0.842,-0.108
1624+416,1996,3,246.4902904502,0.31,41.5779526354,0.414,0.104
1626+229,1996,2,247.0634998596,3.74,22.7992527915,7.848,-0.718
1627+476,1996,1,247.1562676781,10.626,47.5695580546,10.793,0.736
1629+495,1996,1,247.8189163373,0.6,49.4609766716,0.605,0.138
1633+382,1996,8,248.8145539775,0.247,38.1345834699,0.327,0.089
1634+213,1996,2,249.1590976212,0.376,21.2154426928,0.633,0.289
1636+473,1996,1,249.4380439393,0.531,47.2927310027,0.542,0.231
1637+574,1996,9,249.5560678066,0.29,57.3399941288,0.224,0.092
1638+398,1996,125,250.1234698796,0.191,39.779452344,0.183,0.011
1639+230,1996,3,250.3551147886,0.291,22.9511200359,0.541,0.061
1640+254,1996,1,250.6683826247,0.212,25.3854671184,0.378,-0.139
1641+399,1996,2,250.7450414669,0.185,39.8102760517,0.313,0.1
1642+183,1996,2,251.21846832,0.743,18.2214549374,1.611,-0.573
1642+256,1996,1,251.246086816,0.547,25.6084965304,0.597,-0.438
1642+690,1996,1,250.5327022758,0.438,68.9443768344,0.193,0.151
1645+224,1996,2,252.0063981863,0.505,22.409207715,0.776,0.406
1645+271,1996,1,251.8899966617,11.667,27.0995232981,11.205,0.639
1645+410,1996,1,251.7369110456,0.198,40.9881033232,0.322,0.279
1646+411,1996,1,252.1219080628,0.373,41.0682091879,0.425,-0.331
1646+499,1996,1,251.8954665435,1.141,49.8334964835,0.977,-0.324
1647-296,1996,1,252.6647672879,0.776,-29.7297091643,0.763,0.261
1651+312,1996,1,253.3746276375,0.204,31.1324644541,0.339,-0.114
1651+391,1996,1,253.24378979,0.233,39.0471727519,0.349,-0.001
1652+398,1996,28,253.467569481,0.383,39.7601691536,0.436,-0.16
1654+185,1996,2,254.1420378835,0.839,18.4406518146,1.159,0.242
1656+053,1996,2,254.6393638624,0.753,5.2545679654,0.644,0.295
1656+348,1996,1,254.505913236,0.618,34.7245560001,0.513,-0.554
1656+477,1996,1,254.5115816647,0.539,47.6303420107,0.532,0.264
1656+482,1996,1,254.4453289889,0.558,48.1425114829,0.539,0.249
1657+265,1996,1,254.8506225948,0.229,26.4935951724,0.384,-0.119
1657-261,1996,3,255.2214753876,0.695,-26.1810347094,0.981,0.275
1700+151,1996,2,255.5904922986,2.091,15.0350225337,2.53,0.58
1704+512,1996,1,256.3600563174,1.655,51.1598329302,2.49,-0.415
1705+018,1996,4,256.8933970019,0.301,1.8126943484,0.577,-0.285
1705+135,1996,2,256.9401553075,0.414,13.5181199647,0.773,0.377
1706-174,1996,4,257.3931058447,0.502,-17.4814901794,0.793,-0.531
1712+493,1996,1,258.3964484585,0.682,49.2757047012,0.619,0.135
1714+219,1996,2,259.0466279972,1.394,21.8704629288,1.124,-0.221
1717+178,1996,1,259.8043688235,0.35,17.7517884282,0.743,0.001
1719+357,1996,1,260.2895458571,0.313,35.7044619103,0.546,-0.124
1720+250,1996,1,260.720791114,1.016,24.9763028951,2.337,0.25
1720+282,1996,1,260.6756731576,0.233,28.2500210755,0.426,-0.116
1722+330,1996,1,261.0591576697,0.241,33.0510938134,0.382,-0.294
1722+401,1996,1,261.0226200098,0.27,40.076793417,0.365,-0.048
1725+044,1996,1,262.1039699592,0.421,4.4513651859,1.155,-0.262
1726+455,1996,131,261.8652116842,0.267,45.5110364707,0.216,0.01
1730-130,1996,14,263.2612741999,0.331,-13.0804299668,0.535,-0.006
1732+389,1996,2,263.5857437664,0.269,38.9642896425,0.385,-0.12
1733-565,1996,1,264.3990415135,12.03,-56.5675426237,7.774,-0.238
1734+363,1996,1,263.9503607652,0.261,36.2793363324,0.372,0.105
1734+508,1996,1,263.9541883266,0.61,50.8198795233,0.493,0.298
1736+324,1996,1,264.6687574934,0.209,32.4025069503,0.349,-0.129
1737+222,1996,2,265.0244286253,0.571,22.1836034343,1.019,0.009
1737+339,1996,1,264.8973437702,0.293,33.9689425892,0.432,-0.275
1738+451,1996,1,265.0265526861,0.552,45.1139919569,0.531,0.182
1738+476,1996,1,264.988037912,0.567,47.6328781983,0.497,0.271
1738+499,1996,2,264.864126994,0.572,49.9176023067,0.533,0.13
1739+438,1996,1,265.2039603964,0.4,43.8044861626,0.454,-0.259
1739+522,1996,63,265.1540743623,0.258,52.1953909612,0.161,0.03
1740+478,1996,1,265.395091575,0.811,47.859037966,0.674,-0.074
1741-038,1996,147,265.9952338577,0.144,-3.8346157584,0.321,0.017
1742+228,1996,2,266.2694535591,0.481,22.8800211541,0.835,0.38
1742+378,1996,1,265.9485261713,0.309,37.79828598,0.425,-0.131
1742+402,1996,1,266.1045661072,2.542,40.2467056178,1.368,-0.036
1743+182,1996,2,266.4830309985,0.596,18.2473385622,1.382,0.066
1744+557,1996,1,266.2358628163,0.589,55.7047668664,0.439,0.156
1745+624,1996,61,266.5584755226,0.49,62.4485384565,0.253,0.097
1746+197,1996,2,267.2728072862,0.706,19.7357886035,1.079,0.718
1746+340,1996,1,267.0242485764,0.264,34.0669944027,0.469,-0.215
1746+470,1996,2,266.8610303039,0.525,46.9808128877,0.564,0.096
1747+433,1996,1,267.2515014684,0.306,43.3642461638,0.376,-0.04
1749+096,1996,149,267.886744053,0.159,9.6502023591,0.308,0.034
1749+701,1996,1,267.1368338998,1.353,70.0974356221,0.454,0.274
1750+175,1996,2,268.1916787304,0.356,17.5723192043,0.66,0.324
1751+288,1996,1,268.4269734286,0.21,28.8013717482,0.379,-0.128
1751+441,1996,2,268.3443662464,0.373,44.1626904595,0.401,0.115
1753+204,1996,2,268.8980040544,0.778,20.3992045213,1.644,-0.532
1754+159,1996,2,269.1405234313,0.502,15.895508957,1.012,-0.151
1756+237,1996,2,269.751492039,0.478,23.7297089889,0.705,0.488
1758+388,1996,6,270.1031889664,0.281,38.8085270438,0.396,0.106
1800+440,1996,2,270.3846449326,0.331,44.0727499202,0.378,0.157
1801+459,1996,1,270.6047613426,1.553,45.9596208906,1.13,0.198
1803+784,1996,64,270.1903495662,1.043,78.4677829013,0.215,0.019
1806+456,1996,1,272.0911913991,0.583,45.7057962426,0.538,0.195
1807+279,1996,1,272.2999107393,0.217,27.9699442067,0.402,-0.092
1807+698,1996,17,271.7111694011,0.759,69.8244746095,0.256,0.057
1811+298,1996,1,273.4052782273,0.263,29.8771862453,0.451,-0.247
1811+430,1996,1,273.3112056862,0.341,43.0710210349,0.383,-0.027
1812+412,1996,1,273.5946089377,0.286,41.2182243882,0.359,0.033
1814+349,1996,1,274.099586589,2.743,34.9627076866,2.685,-0.089
1815-553,1996,8,274.9391648466,1.349,-55.3557625811,0.739,0.089
1817+502,1996,1,274.6271638225,0.782,50.2888177396,0.624,0.057
1819+159,1996,2,275.5415374215,0.502,16.0041231175,0.886,0.316
1820+397,1996,1,275.498752481,1.371,39.7665711184,1.476,-0.509
1821+107,1996,1,276.0118968763,0.558,10.7399370476,0.741,0.022
1823+568,1996,3,276.0294517208,0.422,56.8504140653,0.238,0.135
1824+185,1996,2,276.573795364,3.856,18.5313585572,3.677,0.297
1825+269,1996,1,276.980937246,0.44,26.9683103224,0.783,-0.609
1825+344,1996,1,276.7499284312,0.288,34.5205886742,0.441,-0.227
1828+399,1996,1,277.4855007066,0.368,39.959639551,0.436,-0.155
1829+219,1996,1,277.8287054086,18.66,22.0034319353,11.149,-0.936
1829+290,1996,1,277.8119135825,2.197,29.1195259034,1.905,-0.056
1830+139,1996,2,278.181129542,0.417,13.9623333243,0.724,-0.11
1830+285,1996,1,278.2091066843,0.203,28.5599874416,0.369,-0.124
1831-711,1996,1,279.3696460466,2.428,-71.145431686,0.988,-0.105
1833+326,1996,1,278.764123331,0.483,32.6963489431,0.515,-0.007
1839+389,1996,1,280.2381424888,0.299,39.0127009486,0.401,-0.006
1841+131,1996,2,281.0302603963,1.488,13.2077887486,2.285,-0.658
1843+356,1996,1,281.3962867639,0.316,35.6879793791,0.425,0.112
1845+797,1996,4,280.5374573953,2.227,79.7714245965,0.403,-0.522
1846+322,1996,1,282.0920356365,0.205,32.3173897665,0.346,-0.088
1846+326,1996,1,282.1431714598,0.267,32.733371934,0.405,-0.191
1847+303,1996,1,282.3337641394,0.249,30.4039546482,0.486,-0.128
1848+283,1996,1,282.6149575595,0.253,28.4203207792,0.413,-0.27
1850+402,1996,1,283.1265520553,0.3,40.3185021151,0.373,0.104
1851+488,1996,1,283.1189494799,0.665,48.9298559655,0.514,0.187
1853+376,1996,1,283.8654448705,0.429,37.7158238221,0.728,-0.489
1858+269,1996,1,285.2021413876,0.486,27.0326585916,0.778,-0.47
1858+273,1996,1,285.1444893162,1.071,27.3752547816,1.507,0.056
1901+155,1996,2,286.0598379299,1.366,15.6106805149,1.255,-0.199
1901+319,1996,5,285.7330786761,0.25,31.9949172106,0.259,-0.109
1908+230,1996,1,287.6880295242,3.601,23.0996127659,5.989,-0.079
1908+484,1996,1,287.4440095788,26.256,48.5755059463,18.568,0.928
1908-201,1996,31,287.7902204008,0.448,-20.1153081677,0.805,-0.129
1909+161,1996,2,287.9927392239,0.41,16.1963512364,0.659,0.116
1909+268,1996,1,287.8961556575,0.334,26.9704896704,0.529,-0.336
1910+375,1996,1,288.1046815213,0.29,37.6768456606,0.393,0.037
1920+154,1996,2,290.6445799504,2.785,15.5027864946,1.796,0.107
1920+450,1996,1,290.4758555464,5.992,45.1074688656,2.303,-0.335
1920-211,1996,14,290.884124265,0.393,-21.0759258065,0.679,-0.116
1921-293,1996,110,291.2127331469,0.24,-29.2417002731,0.415,-0.048
1922+155,1996,2,291.1643994208,0.59,15.6788723464,0.641,-0.112
1922+478,1996,1,290.8634577861,0.728,47.9046714098,0.685,0.2
1923+210,1996,2,291.4983555905,0.319,21.1072670562,0.443,0.261
1924+507,1996,1,291.5263406224,0.747,50.8825048634,0.573,0.165
1925-610,1996,1,292.5256670055,1.574,-60.9358841648,1.055,-0.084
1926+233,1996,2,292.2690664233,1.13,23.4247993623,0.924,0.062
1926+440,1996,1,292.0889623705,7.463,44.2005140112,6.367,0.763
1927+256,1996,1,292.437158947,0.38,25.7211793881,0.665,-0.008
1928+738,1996,1,291.9520632446,0.551,73.9671028245,0.162,0.17
1929+312,1996,1,292.7861411888,1.108,31.375943419,1.151,-0.376
1932+204,1996,2,293.7936370359,0.549,20.5317092089,0.586,0.122
1933-400,1996,1,294.3175720299,1.298,-39.9670982607,2.161,-0.144
1934+365,1996,1,294.1159025514,0.675,36.7097167316,0.624,0.092
1934-638,1996,1,294.8542804642,7.789,-63.7126712816,5.381,0.621
1936-155,1996,4,294.8610739689,0.305,-15.4286273759,0.655,-0.043
1937-101,1996,2,294.9885690425,0.476,-10.0448673281,1.299,0.121
1938+371,1996,1,294.9658598245,0.631,37.2251352164,0.549,-0.154
1944+126,1996,2,296.8313614711,0.988,12.8153944935,1.08,0.08
1946+358,1996,1,297.0188335658,0.875,35.9390752133,0.885,-0.007
1948+505,1996,1,297.4312181782,0.801,50.692214676,0.628,0.161
1950-613,1996,1,298.7948785395,10.148,-61.2553155485,4.912,0.897
1951+355,1996,1,298.3786486028,0.402,35.6331549905,0.512,0.301
1952+138,1996,2,298.798214139,0.441,13.9711778839,0.66,0.144
1954+513,1996,2,298.9280758873,0.363,51.5301517898,0.289,-0.075
1954-388,1996,52,299.4992469538,0.287,-38.7517654794,0.399,0.114
1958-179,1996,28,300.2378768536,0.125,-17.8160202588,0.341,0.011
1959+437,1996,1,300.3036407006,6.404,43.8813442045,4.804,0.255
2000+148,1996,2,300.6749968165,0.377,15.0207148547,0.521,-0.027
2000+472,1996,1,300.5434096138,0.654,47.4246592652,0.448,0.073
2000-330,1996,2,300.8504848991,1.598,-32.8625364052,2.099,0.652
2001+449,1996,1,300.7170675325,0.638,45.1023131734,0.486,0.073
2004+443,1996,1,301.4670343587,7.234,44.4819796448,5.935,0.315
2005-489,1996,5,302.3557948143,1.592,-48.8315889571,1.523,0.149
2007+777,1996,6,301.3791603185,1.251,77.8786798844,0.229,0.176
2008-159,1996,13,302.815462206,0.335,-15.7778482338,0.686,-0.017
2010+463,1996,1,303.0234893888,1.144,46.4821603167,0.819,-0.517
2013+163,1996,2,304.0577501471,0.303,16.5428089067,0.427,0.143
2013+340,1996,1,303.8701328868,0.632,34.177613712,0.618,-0.19
2013+508,1996,1,303.619139906,29.945,50.9859797576,7.162,-0.67
2018+282,1996,1,305.1911300888,6.827,28.4497751685,5.164,-0.442
2021+222,1996,2,305.8465008557,0.665,22.3979237269,0.994,-0.328
2021+317,1996,1,305.8292390735,0.275,31.8839737183,0.433,-0.273
2021+614,1996,2,305.5278405617,0.444,61.6163346822,0.24,0.166
2022+171,1996,2,306.2356810562,0.376,17.303665729,0.47,0.215
2023+335,1996,1,306.2951755134,0.379,33.7167261858,0.433,-0.231
2023+503,1996,1,306.3540521072,1.101,50.4776491039,0.546,-0.398
2027+464,1996,1,307.3289028786,3.997,46.6006250681,4.003,-0.27
2029+121,1996,1,307.9791428,0.306,12.3281505927,0.798,0.08
2031+216,1996,2,308.3834642738,1.445,21.7728913959,0.893,0.217
2037+216,1996,2,309.8950342818,1.837,21.8693567533,3.939,-0.664
2037+511,1996,2,309.6543115265,0.26,51.32018401,0.235,-0.022
2037-253,1996,1,310.0365542527,1.771,-25.1296288954,1.448,0.285
2040+127,1996,2,310.7925380816,0.795,12.9204360255,1.391,-0.649
2048+312,1996,1,312.7130478683,0.682,31.4576035079,0.652,-0.005
2048+361,1996,1,312.5095180625,1.45,36.3312505374,1.379,0.136
2049+175,1996,2,312.8982622282,0.495,17.7269166688,0.527,-0.026
2050+161,1996,2,313.1817494806,0.514,16.3302298849,0.616,0.098
2050+364,1996,1,313.216895611,0.293,36.5931388989,0.37,0.193
2052-474,1996,19,314.0681660343,0.884,-47.2465632,0.629,-0.543
2054-377,1996,1,314.4233474447,1.448,-37.5674970306,2.285,0.489
2059+034,1996,1,315.4118090086,0.479,3.6920335446,0.556,-0.068
2059-786,1996,1,316.4373439721,5.08,-78.4262633261,0.88,-0.03
2103+213,1996,2,316.5450757187,1.346,21.5933328548,2.465,-0.526
2106+143,1996,2,317.1709672807,0.304,14.5075033684,0.445,-0.031
2107+353,1996,1,317.3828278449,0.284,35.5493325952,0.334,0.236
2109-811,1996,2,319.1285252053,6.104,-80.8986728035,0.521,0.122
2112+283,1996,1,318.7430569082,0.244,28.5492212891,0.439,-0.208
2113+293,1996,3,318.8725560495,0.288,29.5606575261,0.512,0.012
2118+188,1996,2,320.2525275095,1.267,19.0245225996,1.857,-0.635
2118+443,1996,1,320.132389628,12.835,44.5761835541,4.921,-0.836
2121+053,1996,23,320.9354892337,0.126,5.5894701704,0.356,-0.13
2121+460,1996,1,320.8826189201,1.223,46.2397114156,0.878,-0.117
2126-158,1996,4,322.3007328543,0.488,-15.6447335624,1.207,-0.3
2128-123,1996,57,322.896923998,0.165,-12.1179989163,0.455,-0.026
2131-021,1996,1,323.5429567458,0.422,-1.8881212784,1.174,0.075
2134+004,1996,4,324.1607767463,0.948,0.6983927876,3.036,-0.056
2136+141,1996,16,324.755455223,0.293,14.3933312133,0.429,-0.126
2138+389,1996,1,325.0706127438,0.892,39.1957930868,1.085,-0.054
2143-156,1996,3,326.5957474224,0.572,-15.4288574336,1.489,-0.281
2144+092,1996,1,326.7923453953,1.464,9.4962980621,1.115,-0.324
2145+067,1996,154,327.0227445326,0.136,6.9607233613,0.311,-0.059
2146-783,1996,1,328.0131508991,6.515,-78.1185105973,1.18,0.396
2149+056,1996,3,327.9078145531,0.41,5.8702651246,0.699,-0.168
2152+172,1996,2,328.6704185674,0.594,17.4641092945,0.797,0.401
2152+226,1996,2,328.77691038,0.411,22.8395224662,0.519,-0.203
2152-699,1996,1,329.2749206172,6.144,-69.6899123814,3.503,0.576
2155+312,1996,1,329.3700994256,0.209,31.4503755326,0.319,-0.203
2155-152,1996,10,329.5261743791,0.518,-15.019257801,0.805,-0.108
2155-304,1996,1,329.7169382538,1.599,-30.2255881704,1.485,0.147
2157+213,1996,1,330.0591569449,3.243,21.6325116212,2.484,0.726
2159+505,1996,1,330.4314054807,0.737,50.8156636776,0.447,-0.363
2200+420,1996,13,330.6803806622,0.231,42.2777721026,0.245,0.003
2201+171,1996,2,330.8620569135,0.376,17.4300688338,0.51,-0.267
2201+315,1996,11,330.8123991087,0.284,31.7606305337,0.339,-0.066
2202+363,1996,1,331.0879184725,1.18,36.5436365417,1.097,-0.529
2204-540,1996,1,331.9322229027,1.476,-53.7760608712,1.282,-0.09
2205+166,1996,2,331.9702736144,0.338,16.8716152393,0.502,-0.212
2207+356,1996,1,332.4388929227,0.341,35.9336469524,0.468,-0.048
2207+374,1996,1,332.339270957,0.737,37.7050627016,0.943,0.154
2209+236,1996,3,333.0248594883,0.303,23.9279287801,0.415,-0.029
2209+328,1996,1,333.0332385827,0.621,33.1429219234,0.67,-0.043
2210-257,1996,1,333.2604080008,1.447,-25.4916881777,1.625,-0.036
2211-388,1996,1,333.6607052482,6.713,-38.5958345269,4.063,-0.002
2214+241,1996,1,334.2534214867,0.216,24.3627661044,0.389,-0.212
2214+307,1996,1,334.1779600945,0.308,31.0431567145,0.404,-0.17
2214+350,1996,2,334.0833746074,0.367,35.303938933,0.512,-0.009
2215+316,1996,1,334.3232348042,0.242,31.9472208652,0.371,-0.195
2216+178,1996,2,334.8087186047,0.542,18.1098835327,0.603,-0.06
2216-038,1996,6,334.7168238379,0.228,-3.5935776316,0.494,0.058
2217+259,1996,1,334.9572545883,1.12,26.2244291645,3.192,-0.034
2223+210,1996,2,336.4085295805,0.303,21.3017819146,0.428,-0.226
2223-052,1996,22,336.446913657,0.248,-4.9503863203,0.505,-0.059
2226+440,1996,1,337.210263067,2.019,44.3190119539,1.155,-0.512
2227-088,1996,6,337.4170180674,0.369,-8.5484542743,0.677,-0.419
2230+114,1996,2,338.1517037591,0.27,11.7308066389,0.456,0.096
2231+425,1996,1,338.3850269831,0.558,42.7610900987,0.626,0.117
2232-488,1996,1,338.8051524344,1.407,-48.5996649087,1.494,0.116
2233-148,1996,2,339.142030017,0.781,-14.5561639082,1.795,-0.588
2234+282,1996,129,339.0936285197,0.196,28.4826147558,0.257,0.081
2236+124,1996,2,339.6441867901,0.478,12.7141061275,0.85,-0.373
2238+410,1996,1,340.2800216881,0.406,41.3365606057,0.532,-0.055
2238+512,1996,1,340.0828267198,0.954,51.5532766979,0.678,-0.459
2241+406,1996,1,341.0530461861,0.532,40.953783549,0.589,-0.224
2243-123,1996,54,341.5759665642,0.32,-12.1142437107,0.669,-0.109
2245-328,1996,1,342.1611908272,1.143,-32.597830431,2.314,-0.03
2246+208,1996,2,342.2523611613,0.406,21.1174543425,0.576,-0.173
2246+370,1996,1,342.1579603367,0.378,37.3034618901,0.497,-0.058
2247+132,1996,2,342.4372786595,4.773,13.5193000526,4.076,-0.2
2250+190,1996,2,343.280704749,0.351,19.7096191,0.595,-0.311
2251+158,1996,1,343.4906194985,194.179,16.1482184028,197.605,-0.048
2251+244,1996,1,343.538924551,0.246,24.7565063468,0.469,-0.158
2253+417,1996,1,343.902949251,0.38,42.0479256502,0.514,-0.114
2255+416,1996,1,344.3419702941,0.46,41.9045919035,0.721,-0.24
2255-282,1996,50,344.5248453794,0.173,-27.9725714214,0.419,0.067
2259+371,1996,1,345.3655724007,0.37,37.4470119539,0.558,-0.105
2300+386,1996,1,345.7669408928,0.39,38.8967683988,0.552,-0.142
2302+232,1996,2,346.1518182223,0.393,23.51878077,0.614,-0.265
2304+322,1996,1,346.8163023228,0.28,32.5088714015,0.391,-0.327
2304+377,1996,1,346.7541502139,6.096,38.0450639472,4.745,-0.211
2305+198,1996,2,347.0484853061,0.851,20.1450539969,1.059,-0.076
2309+454,1996,1,347.9475373912,0.564,45.7322267037,0.503,-0.356
2310+385,1996,1,348.2449751474,0.695,38.7951834943,0.626,0.316
2312-319,1996,1,348.7020856326,3.385,-31.6443128597,4.627,-0.342
2318+049,1996,5,350.1869025162,0.298,5.2305423628,0.539,-0.195
2319+184,1996,2,350.6190367005,0.57,18.723583063,0.752,0.074
2319+272,1996,3,350.4994259381,0.246,27.5462344739,0.374,-0.19
2319+444,1996,1,350.5848254052,0.547,44.7617647917,0.525,-0.338
2320+506,1996,1,350.6082590953,0.635,50.9644343295,0.504,-0.36
2320-035,1996,6,350.8831407583,0.376,-3.2847287961,0.85,-0.946
2323+478,1996,1,351.4371349055,5.578,48.1070243246,2.405,-0.807
2324+151,1996,2,351.8415249667,0.99,15.4103639733,1.097,-0.391
2326-477,1996,1,352.3237680783,2.041,-47.505308651,1.912,0.271
2327+335,1996,1,352.5572402376,0.223,33.8101310908,0.341,-0.212
2328+316,1996,1,352.6923332056,0.288,31.9259744148,0.472,-0.185
2329+451,1996,1,352.954022154,198.906,45.3802675167,61.566,-0.878
2329-162,1996,1,352.911051817,1.657,-15.9491676284,3.297,-0.148
2330+387,1996,1,353.2605556458,0.475,39.0200138071,0.629,-0.058
2331-240,1996,2,353.4801575452,1.358,-23.7279602399,1.075,-0.226
2335-027,1996,3,354.4889128343,0.431,-2.5160080479,0.601,0.204
2337+264,1996,1,355.1209561987,0.24,26.6991126608,0.409,-0.2
2338+191,1996,2,355.3283167305,2.434,19.4681912376,2.832,-0.806
2340+233,1996,2,355.8016125548,0.609,23.6626799037,0.891,-0.485
2344+429,1996,1,356.8453091168,0.49,43.1814499558,0.426,-0.348
2345-167,1996,1,357.0108681723,2.203,-16.5200079123,3.896,0.497
2346+385,1996,1,357.3367770186,0.319,38.8215442644,0.308,-0.163
2351+456,1996,1,358.5903344108,0.549,45.8845100685,0.563,-0.31
2355-106,1996,7,359.5453434315,0.383,-10.33572523,0.646,-0.093
2356+196,1996,2,359.6920212948,0.37,19.9223062298,0.615,-0.22
2356+385,1996,1,359.8882531143,0.323,38.8450888084,0.33,-0.2
2356+390,1996,1,359.7493964115,0.378,39.3745296158,0.4,-0.186
2358+189,1996,2,0.2859231275,0.323,19.2427227172,0.538,-0.43
2358+406,1996,1,0.2211729794,1.597,40.9004983736,1.426,-0.171
