iers_name,year,num_ses,ra,ra_err,dec,dec_err,ra_dec_corr
0001-120,2004,2,1.0204786862,0.788,-11.8162154373,1.14,0.447
0002-478,2004,3,1.148564695,0.668,-47.6054456041,0.95,0.16
0003+380,2004,2,1.4882309068,0.262,38.3375413775,0.267,0.145
0003-066,2004,73,1.5578870337,0.161,-6.3931486745,0.352,0.013
0007+106,2004,3,2.6291912684,0.337,10.9748624277,0.821,-0.149
0007+171,2004,2,2.6416277492,0.218,17.405211755,0.472,-0.145
0008-264,2004,2,2.7551946471,1.033,-26.2092719409,1.213,-0.434
0009+655,2004,1,3.1569665544,6.275,65.853006042,2.663,0.042
0010+405,2004,2,3.3797091394,0.276,40.8603179567,0.37,0.04
0014+813,2004,106,4.2853122799,1.216,81.5855935015,0.191,-0.01
0016+731,2004,3,4.9407765766,0.341,73.4583382053,0.102,0.041
0021+243,2004,3,6.1138772827,0.38,24.6572860321,0.376,-0.013
0021-084,2004,1,6.0028043303,3.154,-8.1861287633,5.905,-0.121
0022-423,2004,1,6.179122227,1.348,-42.0344250235,2.707,-0.819
0026-015,2004,1,7.2541083307,0.524,-1.228266746,0.76,0.284
0027-024,2004,2,7.6325985465,0.271,-2.1989255504,0.65,-0.147
0029-147,2004,2,7.9850487613,0.946,-14.438706718,1.799,-0.462
0035+413,2004,2,9.6035150298,0.235,41.6183333582,0.36,0.429
0037+139,2004,2,9.9150815881,0.299,14.1993211523,0.687,0.122
0037-593,2004,1,10.0326994711,7.784,-59.0646559266,34.224,-0.02
0039+230,2004,3,10.5189382382,0.11,23.3336283563,0.149,-0.026
0042+186,2004,1,11.1759494122,0.52,18.9180653005,1.187,0.517
0043+246,2004,1,11.5326070937,0.285,24.9423680102,0.404,0.104
0046+063,2004,2,12.2446793573,0.635,6.6684656308,1.294,0.295
0046+316,2004,2,12.1964228857,0.113,31.9569680069,0.168,0.032
0047-579,2004,4,12.4978046564,0.66,-57.6409277643,0.479,0.113
0048-097,2004,27,12.6721557789,0.138,-9.4847805931,0.308,-0.119
0048-427,2004,2,12.7895906862,2.347,-42.442581718,1.922,0.064
0054+161,2004,1,14.2303928948,0.246,16.4203726052,0.418,0.118
0055+060,2004,2,14.6408517555,0.63,6.3350202779,1.347,-0.224
0055+300,2004,4,14.4536812266,0.32,30.3524477301,0.453,-0.034
0056-001,2004,1,14.7729787561,0.109,0.1143392716,0.312,0.031
0059+163,2004,2,15.4904980547,0.686,16.6613756242,2.666,-0.338
0059+581,2004,125,15.6906766299,0.214,58.4030935217,0.153,0.017
0104-408,2004,22,16.6879501172,0.28,-40.572211176,0.445,0.003
0106+013,2004,45,17.161546295,0.14,1.5834214911,0.257,0.008
0107-610,2004,3,17.3144801909,0.874,-60.8301277153,0.629,0.266
0108+388,2004,1,17.9054865755,0.307,39.1078066897,0.268,0.236
0108-170,2004,1,17.6479648765,3.226,-16.8076949905,5.135,0.56
0109+224,2004,2,18.0242696492,0.283,22.7441073222,0.351,-0.132
0110+495,2004,2,18.3625283947,0.193,49.8066786263,0.151,-0.085
0110-668,2004,1,18.0788032625,2.93,-66.5792185696,1.996,0.58
0111+021,2004,2,18.4297706022,0.123,2.3714767647,0.271,-0.117
0113-310,2004,1,18.9437729113,0.479,-30.8220555134,0.926,-0.397
0116-219,2004,1,19.7385932763,1.173,-21.69170312,4.952,0.76
0118-272,2004,1,20.1319305832,0.98,-27.0235149493,1.046,-0.025
0119+041,2004,8,20.4869235893,0.162,4.3735373037,0.348,-0.291
0119+115,2004,89,20.4233126639,0.161,11.8306702641,0.391,-0.1
0119+296,2004,2,20.6892921335,0.354,29.9035118357,0.573,-0.026
0122-345,2004,1,21.089414054,0.678,-34.2726261833,1.322,-0.44
0123+257,2004,2,21.678302705,0.099,25.9836944804,0.154,-0.103
0123-226,2004,1,21.5625066139,0.366,-22.3760003619,0.755,-0.325
0130-171,2004,4,23.1811978089,1.082,-16.9134789358,1.582,-0.027
0130-447,2004,1,23.2536125485,4.838,-44.5121926763,22.61,-0.258
0131-522,2004,4,23.2740106879,0.557,-52.0010959944,0.613,0.394
0133+476,2004,121,24.2441450619,0.182,47.8580833661,0.182,0.015
0135-247,2004,2,24.4097769548,2.953,-24.5149684898,1.697,0.186
0138-097,2004,3,25.3576338713,0.171,-9.478798497,0.328,-0.074
0140+120,2004,2,25.8795514237,1.455,12.2619261858,1.155,0.22
0147-076,2004,1,27.5112693844,11.485,-7.4301173586,13.068,0.662
0148+274,2004,2,27.863109106,0.36,27.7449427761,0.435,0.082
0149+218,2004,3,28.0752460514,0.082,22.1188055149,0.117,-0.007
0150+000,2004,2,28.179791519,0.511,0.3443640886,1.133,-0.307
0150-334,2004,2,28.2921737574,1.351,-33.1738510909,1.291,-0.519
0151+081,2004,1,28.511542834,1.213,8.3975190159,1.878,-0.05
0151+474,2004,2,28.7345411586,0.195,47.7240386692,0.151,0.135
0153+389,2004,1,29.1308753667,0.423,39.2419232766,0.438,0.002
0153+744,2004,2,29.3956870973,1.096,74.7120081958,0.345,0.158
0159+723,2004,5,30.8891046294,0.669,72.548240912,0.202,-0.001
0159+870,2004,1,33.4910190377,10.452,87.2913129808,0.457,-0.055
0201+113,2004,48,30.9444043745,0.202,11.5792805156,0.396,-0.142
0202+149,2004,64,31.2100578567,0.222,15.236401128,0.433,-0.221
0202+240,2004,2,31.3388451471,0.49,24.2757920146,0.763,-0.002
0202+319,2004,2,31.2705226066,0.074,32.2083596159,0.139,-0.085
0202-172,2004,2,31.2403097735,0.152,-17.0221780128,0.401,0.07
0202-337,2004,1,31.1194340923,0.965,-33.4806814323,2.165,0.676
0206-270,2004,1,32.0931487437,0.418,-26.8385804802,0.576,-0.007
0208-512,2004,38,32.6925018101,0.449,-51.0171921993,0.433,-0.034
0212+735,2004,3,34.3783898166,0.31,73.8257281404,0.082,-0.024
0214+083,2004,1,34.3213538972,0.291,8.6177498023,0.541,0.004
0214-522,2004,1,34.0133198455,8.19,-52.0034648089,41.218,-0.238
0215+015,2004,2,34.4539781033,1.29,1.7471385945,0.916,-0.005
0216+478,2004,1,34.8611625117,7.217,48.1107947499,1.333,0.468
0219+428,2004,2,35.6650479686,0.154,43.035499682,0.13,-0.051
0220+427,2004,1,35.7975463913,0.408,42.9920511913,0.343,0.204
0220-349,2004,4,35.7350061703,0.433,-34.6913156499,0.915,-0.068
0221+067,2004,3,36.1184508756,0.092,6.9898170233,0.193,-0.157
0221-171,2004,2,35.9323485084,0.765,-16.943805492,1.541,-0.574
0224+671,2004,3,37.2085478324,0.297,67.3508414792,0.154,0.015
0229+131,2004,62,37.9412251773,0.195,13.3818657308,0.36,-0.131
0230-790,2004,6,37.3956104988,2.141,-78.7960005474,0.441,-0.213
0234+285,2004,2,39.4683569612,0.098,28.8024972435,0.102,0.016
0234+469,2004,1,39.5687657811,0.805,47.20515237,0.678,0.215
0234-301,2004,1,39.1298724923,0.374,-29.8987611879,0.766,-0.188
0235+164,2004,51,39.6622087804,0.121,16.6164651544,0.244,-0.027
0235-618,2004,2,39.2218573245,0.756,-61.6042176743,0.539,0.157
0237-027,2004,3,39.9394675648,0.175,-2.5780322696,0.437,0.034
0237-233,2004,2,40.034061343,5.526,-23.1543691669,1.574,0.699
0238-084,2004,1,40.2699934386,0.172,-8.2557644131,0.361,0.258
0239+108,2004,2,40.6215451851,0.196,11.016868845,0.283,-0.09
0241+622,2004,1,41.2404028993,0.511,62.4684765676,0.214,0.135
0248+430,2004,2,42.8939030873,0.16,43.2543970586,0.127,-0.235
0248-266,2004,1,42.6482037221,0.777,-26.4618094104,1.886,-0.527
0252-549,2004,4,43.3715849465,0.546,-54.6976211667,0.494,0.412
0256+075,2004,2,44.8628193057,0.128,7.7943451447,0.254,0.04
0257-057,2004,1,45.0054170965,0.328,-5.5223245582,0.57,-0.222
0259-316,2004,1,45.3176845497,0.491,-31.4377189385,0.993,-0.116
0300+470,2004,3,45.8968426072,0.161,47.2711876289,0.109,-0.005
0302+625,2004,2,46.6777481715,0.217,62.7172288909,0.128,0.104
0302-623,2004,1,45.9609629568,1.211,-62.1904307861,0.526,0.334
0305+039,2004,5,47.1092657911,0.133,4.1109167689,0.284,0.005
0306+102,2004,2,47.2650983152,1.669,10.4878719451,2.32,-0.52
0307-085,2004,1,47.5085391533,1.814,-8.3942507113,2.461,0.794
0308-611,2004,3,47.4837460955,1.59,-60.977515931,0.765,0.525
0309+411,2004,2,48.2581758398,0.527,41.3336619381,0.54,-0.315
0312-770,2004,1,47.9802075715,4.758,-76.8641246287,0.748,0.753
0316+413,2004,4,49.9506669787,1.036,41.5116958856,1.034,-0.214
0317+188,2004,2,49.9635696436,0.267,19.025358397,0.515,-0.303
0319+121,2004,3,50.4712645899,0.272,12.3538759285,0.366,-0.021
0319-056,2004,1,50.499462021,2.805,-5.4367871597,2.281,0.755
0322+222,2004,2,51.4033931129,0.14,22.4001015649,0.296,0.001
0325+023,2004,1,51.9758119871,0.25,2.5616624177,0.462,0.473
0333+321,2004,2,54.1254481317,0.139,32.3081507213,0.177,-0.002
0334+014,2004,1,54.321291607,9.47,1.6229936689,9.7,0.774
0334-546,2004,1,53.9746860487,1.264,-54.5069772268,2.102,-0.145
0336-019,2004,144,54.8789074277,0.173,-1.7766122586,0.308,-0.044
0342+147,2004,2,56.2767355746,0.107,14.8970993931,0.219,-0.111
0345+416,2004,1,57.1880118633,0.743,41.8207431008,0.66,-0.27
0355+508,2004,15,59.8739471011,0.798,50.9639339713,0.536,0.078
0400+258,2004,2,60.773275282,0.117,26.0004175129,0.128,0.037
0400-319,2004,3,60.5886081982,1.053,-31.7905404783,1.69,0.136
0402-362,2004,19,60.9739579725,0.228,-36.0838649166,0.35,0.071
0405-123,2004,1,61.9518025703,20.137,-12.1935169438,4.678,0.644
0405-385,2004,24,61.7459805402,0.317,-38.4411228096,0.482,-0.154
0406+121,2004,6,62.3417029479,0.241,12.294402228,0.507,-0.114
0409+229,2004,1,63.1819454952,0.605,23.08484791,0.572,-0.286
0411-063,2004,1,63.3676653546,1.972,-6.2504178918,4.07,-0.594
0414-189,2004,1,64.1522681642,3.317,-18.8523185099,3.297,0.238
0420+417,2004,2,65.9833741354,0.143,41.834086922,0.114,0.048
0420-014,2004,2,65.8158363946,0.205,-1.3425180681,0.267,0.109
0422+004,2004,2,66.1951752259,0.134,0.6017580176,0.239,0.161
0422-380,2004,1,66.176015443,0.212,-37.9391067187,0.287,0.216
0423+051,2004,1,66.652517204,1.891,5.3055200474,4.164,-0.94
0423+233,2004,2,66.7322283039,0.428,23.4610092837,0.825,-0.271
0426+273,2004,5,67.4706699661,0.154,27.4105209456,0.284,0.022
0426-380,2004,1,67.1684347665,0.318,-37.9387727667,0.392,-0.09
0430+052,2004,3,68.2962311972,0.087,5.3543388303,0.2,0.154
0430+289,2004,5,68.4076245562,0.148,29.0987433798,0.22,0.032
0434-188,2004,8,69.2561781919,0.32,-18.7468370521,0.663,-0.66
0436+052,2004,1,69.759425353,0.371,5.3454638948,0.609,0.107
0437+145,2004,1,70.0880802897,0.425,14.632486859,0.844,0.101
0437-454,2004,2,69.7535620869,1.952,-45.3729348561,1.261,-0.362
0438-436,2004,7,70.0715820841,0.682,-43.5523907561,0.97,0.088
0446+112,2004,3,72.2819629766,0.116,11.3579434762,0.2,-0.125
0446+178,2004,1,72.3021316551,0.942,17.9087750543,1.182,-0.24
0450+013,2004,1,73.2593275018,0.296,1.4765639197,0.539,0.047
0451-282,2004,6,73.3110275115,0.417,-28.127036299,0.764,0.368
0454+844,2004,21,77.1765142816,1.8,84.5345955401,0.167,-0.049
0454-234,2004,118,74.2632468185,0.256,-23.414450024,0.398,-0.089
0454-463,2004,2,73.9615520643,2.095,-46.2662998172,1.384,0.207
0454-810,2004,5,72.5226677008,2.943,-81.0172865703,0.377,0.16
0456+714,2004,1,75.4407524705,1.311,71.4760993101,0.387,0.021
0457+024,2004,2,74.966877846,0.313,2.4919934986,0.303,0.185
0458+138,2004,2,75.4386284177,0.138,13.9353390048,0.228,0.137
0458-020,2004,81,75.3033744719,0.174,-1.9872933564,0.32,-0.163
0459+135,2004,2,75.6384145681,0.29,13.6363773504,0.63,0.197
0502+049,2004,2,76.3466027907,0.174,4.9952009629,0.396,-0.164
0503-608,2004,1,76.0070919891,17.034,-60.8312609345,3.725,-0.211
0506+101,2004,3,77.3644043413,0.175,10.195721282,0.387,-0.048
0506-612,2004,4,76.6832861639,0.93,-61.1613872748,0.479,0.443
0507+179,2004,2,77.5098714633,0.212,18.0115504312,0.205,-0.037
0508+138,2004,2,77.9096651986,0.324,13.9553315344,0.373,0.081
0511-220,2004,1,78.4546429817,0.535,-21.9878031973,0.513,-0.619
0513+276,2004,1,79.1686550601,0.686,27.7195218356,0.747,0.304
0516+087,2004,1,79.7950459293,0.163,8.8157575004,0.397,0.109
0516-621,2004,4,79.1871925478,0.797,-62.118163737,0.44,0.462
0517-726,2004,1,79.1571646401,4.524,-72.618740118,0.826,0.855
0518+165,2004,2,80.2911911882,0.223,16.6394589825,0.405,-0.234
0518+600,2004,1,80.7958677923,10.43,60.1293657953,5.14,-0.004
0521-365,2004,1,80.7416027651,0.544,-36.458569843,0.516,-0.049
0522-611,2004,2,80.6434386157,4.606,-61.1325378147,3.509,0.003
0524-460,2004,2,81.380833447,2.067,-45.9651908354,1.498,-0.467
0524-485,2004,1,81.5694631834,1.131,-48.5102190858,1.43,0.295
0528+134,2004,65,82.7350697735,0.13,13.5319859909,0.249,-0.002
0530-727,2004,5,82.3751755777,0.933,-72.7579186262,0.291,0.025
0534-201,2004,1,84.0929208295,2.933,-20.0920533541,7.45,0.928
0534-340,2004,3,84.1184681418,1.095,-34.0198524849,3.681,0.824
0534-611,2004,2,83.649052058,1.144,-61.1019647414,0.609,0.211
0536+145,2004,1,84.9265248711,0.206,14.5626561216,0.289,-0.006
0537-286,2004,4,84.9761724961,0.44,-28.6655416558,0.773,-0.331
0537-441,2004,66,84.7098397973,0.382,-44.085816376,0.441,-0.022
0538+498,2004,2,85.6505746541,0.153,49.8520093372,0.15,-0.002
0539-057,2004,1,85.4086808916,0.924,-5.697063982,1.375,-0.109
0543-735,2004,1,85.4615622944,17.539,-73.537596948,17.229,-0.594
0544+273,2004,2,86.8922871484,0.127,27.3657894533,0.2,-0.032
0547+234,2004,9,87.6974621222,0.369,23.4467158499,0.485,-0.047
0549-575,2004,1,87.539916182,1.339,-57.540109865,0.798,0.022
0552+398,2004,135,88.8783567454,0.16,39.8136569329,0.183,-0.085
0554+242,2004,2,89.2696403452,0.277,24.2320273326,0.431,-0.074
0556+238,2004,41,89.8834713861,0.171,23.898312911,0.295,-0.054
0600+177,2004,2,90.7880428188,0.209,17.7046695477,0.346,-0.107
0601+245,2004,19,91.2296723996,0.205,24.4986214978,0.389,-0.088
0602+405,2004,1,91.461897279,0.23,40.5022511063,0.265,0.022
0602+673,2004,69,91.9694650389,0.319,67.348724992,0.128,-0.107
0605-085,2004,2,91.9987467677,0.253,-8.5805494985,0.314,-0.193
0607-157,2004,77,92.4206231016,0.18,-15.7112979563,0.293,-0.067
0609+607,2004,2,93.5994424117,0.288,60.7727100162,0.196,-0.087
0610+260,2004,1,93.4589130285,0.417,26.076866491,0.266,-0.112
0610-316,2004,1,93.1236024187,1.404,-31.6494857199,6.167,-0.255
0611+131,2004,3,93.4903864273,0.139,13.1126113379,0.39,-0.001
0614-349,2004,1,94.1499248555,8.819,-34.9379318736,12.832,0.331
0615+820,2004,2,96.5125272137,1.165,82.0404355485,0.124,-0.058
0616+076,2004,1,94.7915461771,2.03,7.61145043,1.167,0.393
0616-116,2004,1,94.7670934113,0.316,-11.6819167778,0.67,0.317
0620+389,2004,2,96.0792554384,0.146,38.9468710662,0.177,-0.083
0620-011,2004,1,95.7414272095,2.509,-1.1575357793,6.73,0.501
0628-133,2004,1,97.7245951803,0.341,-13.3929186229,0.701,0.1
0628-627,2004,1,97.2395363383,15.849,-62.8124274793,26.401,-0.393
0629+160,2004,1,98.1797314689,0.279,15.9993395298,0.779,0.115
0629-418,2004,2,97.7999889874,7.864,-41.9074852664,26.433,0.269
0631-223,2004,1,98.3614716012,0.248,-22.3895445235,0.461,-0.013
0636+680,2004,5,100.5177392961,0.39,67.9765612872,0.162,-0.079
0637-337,2004,2,99.8371027405,2.91,-33.7666981257,2.527,0.573
0637-752,2004,2,98.9437836206,2.279,-75.2713376026,0.162,-0.449
0640+090,2004,1,100.8601857692,2.484,8.9605573686,2.403,-0.471
0642+449,2004,105,101.6334416408,0.175,44.8546083416,0.171,-0.086
0644-390,2004,1,101.6288373448,2.757,-39.0608704021,10.017,0.018
0646-306,2004,3,102.058735528,1.16,-30.7387943632,2.05,0.329
0647-018,2004,1,102.6070758916,0.927,-1.8728227937,1.737,-0.158
0648-165,2004,4,102.6024244509,0.212,-16.6277016291,0.448,0.453
0651+410,2004,1,103.7917698738,0.292,41.0028224528,0.434,0.027
0653-033,2004,1,104.0463349363,0.15,-3.3852194613,0.372,0.039
0653-242,2004,1,103.9531991337,1.427,-24.272452858,3.472,-0.114
0656+082,2004,43,104.8249835168,0.23,8.2252648093,0.463,-0.54
0656-062,2004,1,104.7635518239,3.702,-6.352945948,9.752,-0.287
0657+172,2004,2,105.006356407,0.282,17.1560281542,0.459,-0.092
0658+548,2004,1,105.6927614448,1.7,54.7432597981,1.366,0.348
0700-007,2004,1,105.8295267953,0.147,-0.8508794066,0.368,0.026
0700-101,2004,1,105.6489867838,0.303,-10.2517822663,0.594,-0.038
0707+476,2004,2,107.692103656,0.288,47.5364284607,0.224,-0.051
0710+196,2004,1,108.481996514,0.275,19.5834471872,0.411,-0.171
0710+439,2004,2,108.4090172393,0.168,43.821446547,0.213,-0.004
0713-092,2004,1,108.8891384765,2.097,-9.3650765348,4.351,0.341
0716+332,2004,1,109.830915277,0.378,33.1193637818,0.433,-0.101
0716+714,2004,2,110.4727019515,0.722,71.343434262,0.327,-0.343
0718+792,2004,87,111.5488968515,1.129,79.1919489574,0.182,0.01
0722+145,2004,3,111.3200322519,0.296,14.4204852369,0.451,-0.049
0723+219,2004,1,111.5594191559,0.227,21.8889178374,0.361,-0.044
0723-189,2004,1,111.459023352,0.489,-19.0719643951,1.012,-0.571
0726-132,2004,1,112.324240377,0.404,-13.3339638507,0.761,-0.079
0726-224,2004,1,112.1241611233,2.962,-22.5268684314,7.481,0.422
0727-115,2004,146,112.5796353336,0.194,-11.6868334421,0.335,-0.058
0728+249,2004,1,112.8906061732,0.388,24.8662774349,0.492,0.117
0728-235,2004,1,112.7777826357,0.281,-23.6966328624,0.503,-0.058
0729+019,2004,1,113.0949521995,0.176,1.8431601806,0.417,0.121
0729-222,2004,1,112.8812850616,0.498,-22.4057955736,0.954,0.128
0733-174,2004,1,113.9408851678,1.391,-17.5968076633,1.338,0.173
0735+178,2004,2,114.5308072503,0.118,17.7052772789,0.165,0.021
0736+017,2004,2,114.8251412059,0.107,1.6179493359,0.44,-0.012
0736-332,2004,1,114.5706198539,1.296,-33.3702183094,4.128,0.393
0738+313,2004,2,115.2945971058,0.243,31.2000641931,0.487,0.06
0738+491,2004,2,115.5114539138,0.161,49.0043357676,0.158,-0.102
0738-246,2004,1,115.0613195425,0.492,-24.7435223243,0.997,0.26
0738-674,2004,3,114.7354010115,1.052,-67.5974517997,0.428,0.528
0739-266,2004,1,115.4820052904,0.743,-26.7918053768,2.295,-0.158
0743+259,2004,98,116.6078090849,0.202,25.8172596829,0.31,-0.15
0743-006,2004,2,116.4753428937,0.078,-0.738205421,0.248,-0.082
0743-673,2004,4,115.8817143489,1.48,-67.4404295718,0.518,0.374
0744-691,2004,1,116.0849758711,15.952,-69.3186535336,19.196,-0.453
0745+241,2004,3,117.1504553053,0.092,24.0066971985,0.14,-0.046
0745-291,2004,1,116.924539955,3.686,-29.3172396122,10.405,0.079
0748+126,2004,56,117.7168572916,0.254,12.5180079654,0.4,-0.127
0749+540,2004,55,118.2557690168,0.225,53.8832325068,0.167,-0.045
0752-116,2004,1,118.6102343284,0.181,-11.7880432958,0.404,0.035
0754+100,2004,3,119.2776789111,0.139,9.9430145047,0.205,-0.044
0758-398,2004,1,120.1011235656,2.762,-39.9881979322,9.855,0.328
0759-283,2004,1,120.4437248561,0.86,-28.5185757661,2.302,0.044
0759-334,2004,1,120.3581353218,4.316,-33.605527486,10.717,0.041
0804+140,2004,1,121.9104370064,0.268,13.8714895798,0.523,-0.19
0804+499,2004,64,122.165276172,0.351,49.8434806821,0.295,-0.149
0804-290,2004,1,121.6393574288,0.766,-29.1930194703,1.946,0.15
0805+046,2004,1,121.9897440867,0.295,4.5429252826,0.227,-0.172
0805+410,2004,38,122.2360501692,0.21,40.8791357861,0.226,-0.083
0808+019,2004,17,122.8612803791,0.154,1.7811721206,0.35,-0.133
0812+100,2004,1,123.8728064764,3.655,9.9113057864,4.128,0.752
0812+367,2004,2,123.8581035714,0.132,36.5875413053,0.281,-0.242
0813+557,2004,1,124.4209140114,0.606,55.6259094355,0.325,-0.205
0814+425,2004,1,124.5666650214,0.125,42.3792818824,0.109,-0.304
0814-241,2004,1,124.1683847622,0.391,-24.3518250847,0.711,-0.233
0816+054,2004,1,124.7343201898,0.228,5.2936852144,0.462,-0.17
0818-128,2004,2,125.2393650826,0.152,-12.9831024164,0.262,-0.039
0820+560,2004,3,126.1968179948,0.17,55.8785192227,0.098,-0.249
0821+394,2004,2,126.2311828073,0.255,39.2783068248,0.291,0.104
0823+033,2004,60,126.4597430823,0.146,3.1568111837,0.332,0.103
0823-321,2004,1,126.4640502015,0.626,-32.3064563266,1.246,-0.133
0826-373,2004,5,127.0199173722,0.574,-37.5184122492,1.096,0.226
0827+243,2004,3,127.7170257664,0.155,24.1832835034,0.182,-0.043
0828+493,2004,2,128.0967364346,0.322,49.2225106463,0.256,-0.002
0829+046,2004,2,127.9536537679,0.098,4.4941904191,0.318,0.041
0831+557,2004,1,128.728766363,0.512,55.5725193906,0.21,-0.079
0833+585,2004,2,129.3433735307,0.58,58.4171792379,0.295,-0.054
0834-201,2004,3,129.1633968682,0.464,-20.2831955741,0.362,-0.066
0836+290,2004,1,129.8159482451,0.197,28.8441119621,0.364,0.064
0836+710,2004,2,130.3515220502,0.691,70.8950480821,0.224,0.145
0839+187,2004,2,130.5212257839,0.278,18.5947194728,0.361,0.125
0839-314,2004,1,130.3858412888,1.27,-31.6099168147,2.622,0.712
0845-051,2004,1,131.9946861895,0.165,-5.3427526354,0.407,0.031
0847-120,2004,1,132.5401477805,0.187,-12.2264952351,0.423,0.013
0849+287,2004,1,133.0215398952,0.383,28.566592197,0.527,-0.143
0850+581,2004,2,133.6749851143,0.208,57.9583163434,0.149,0.042
0851+202,2004,72,133.7036455224,0.109,20.1085113367,0.205,-0.06
0859+470,2004,2,135.766625333,0.195,46.8511493738,0.167,-0.02
0859-140,2004,2,135.5701289394,0.325,-14.258576704,0.463,-0.627
0903-573,2004,1,136.221581864,7.6,-57.5849386306,29.495,-0.5
0906+430,2004,1,137.3895690946,0.37,42.8962426299,0.334,-0.244
0908-052,2004,1,137.7125147402,6.673,-5.4414457737,7.261,-0.136
0909+222,2004,1,138.1032693269,0.382,22.0850690902,0.533,-0.2
0912+029,2004,2,138.6579722918,0.081,2.7664573742,0.206,-0.044
0916+718,2004,1,140.3497712639,1.409,71.6034450832,0.438,-0.192
0916-074,2004,1,139.758177065,0.69,-7.6514224396,1.35,0.0
0917+449,2004,2,140.243577035,0.115,44.6983292455,0.109,0.148
0917+624,2004,3,140.4009628218,0.197,62.264494501,0.108,-0.26
0919-260,2004,1,140.3723079771,0.146,-26.3120534241,0.328,-0.229
0920+390,2004,4,140.8102205513,0.168,38.8277528727,0.236,-0.062
0920-397,2004,3,140.6934083777,0.328,-39.9930741195,0.543,-0.073
0923+392,2004,95,141.7625580704,0.146,39.0391254975,0.19,-0.053
0923+575,2004,1,141.7752198834,1.298,57.2959273318,0.871,0.036
0925-203,2004,4,141.9659336924,0.321,-20.5809000042,0.697,-0.024
0926-039,2004,1,142.1394560018,0.55,-4.1524577228,1.478,-0.613
0930-338,2004,1,143.1520626003,1.887,-34.0995810368,6.421,-0.492
0932+367,2004,1,143.8826647187,0.465,36.5548774535,0.568,-0.007
0936-172,2004,1,144.8299782681,1.192,-17.5266084771,2.536,-0.431
0938+277,2004,1,145.450483587,0.423,27.4774490224,0.557,-0.148
0944-201,2004,1,146.7092153372,3.779,-20.3456842364,5.159,0.142
0945+408,2004,2,147.2305756758,0.302,40.6623852781,0.319,-0.04
0947+064,2004,1,147.5144468174,0.509,6.2510582388,1.122,-0.195
0949+354,2004,2,148.1334423101,0.237,35.2145563662,0.355,-0.176
0951+693,2004,1,148.8882209496,0.351,69.0652947047,0.121,0.224
0952+179,2004,2,148.7367649809,0.273,17.7253396773,0.642,0.032
0953+254,2004,33,149.2078141432,0.25,25.2544582759,0.297,0.335
0954+658,2004,2,149.6968545941,0.449,65.5652271923,0.236,0.038
0955+326,2004,2,149.587290088,0.087,32.4006137379,0.121,-0.006
0955+476,2004,122,149.5819650874,0.177,47.4188450936,0.191,-0.053
0958-314,2004,1,150.1701505196,0.975,-31.6645512899,3.003,-0.09
1004+141,2004,3,151.9229088832,0.28,13.9415558128,0.408,-0.048
1004-500,2004,4,151.5583722523,0.617,-50.3037419232,0.772,0.347
1005-333,2004,1,151.8807811064,0.658,-33.5518657758,1.272,-0.166
1005-739,2004,1,151.517274712,18.075,-74.1622471145,13.28,-0.3
1009+234,2004,1,153.068288724,0.215,23.2040565954,0.408,-0.143
1010-255,2004,1,153.304604671,0.487,-25.7818592613,0.875,0.021
1011+250,2004,2,153.4726198274,0.136,24.8212336419,0.161,0.094
1012+232,2004,2,153.6961060449,0.321,23.0212697069,0.33,0.195
1012-448,2004,1,153.709811903,3.77,-45.1447657448,3.427,0.118
1014+615,2004,2,154.3578664274,0.893,61.2743051222,0.47,0.196
1016-311,2004,2,154.6198064785,1.103,-31.3982919411,2.387,0.352
1020+400,2004,2,155.79819018,0.357,39.804273752,0.421,-0.136
1021-323,2004,1,156.0017667739,0.518,-32.5711284473,1.049,0.023
1022+194,2004,2,156.1867066326,0.109,19.2056711578,0.236,-0.115
1022-665,2004,5,155.9313883772,0.959,-66.7801996313,0.523,0.338
1023+131,2004,36,156.4845224256,0.369,12.896950582,0.577,-0.152
1030+074,2004,5,158.3917677874,0.364,7.1905963605,0.396,0.241
1030+415,2004,2,158.2654494461,0.177,41.2683980409,0.177,-0.362
1030-357,2004,1,158.2819200065,1.905,-36.0324480853,4.215,0.852
1031+567,2004,2,158.7793329505,0.487,56.4796654542,0.313,0.36
1032-199,2004,5,158.7589807387,1.188,-20.1928779816,1.337,0.225
1034-293,2004,27,159.3169988724,0.204,-29.5674480121,0.447,-0.078
1034-374,2004,1,159.2226657658,0.87,-37.7375168831,1.492,0.733
1036-431,2004,1,159.5612306272,1.718,-43.4294253285,3.45,0.846
1038+064,2004,1,160.3215105062,0.094,6.17136786,0.183,0.045
1038+528,2004,3,160.4449234351,0.159,52.5578419707,0.192,-0.071
1039+811,2004,2,161.0960940641,1.509,80.9109563492,0.245,-0.001
1040+123,2004,2,160.6858552022,0.35,12.0586845585,0.441,-0.025
1044+719,2004,59,162.1150828147,0.377,71.7266495977,0.16,-0.076
1045-188,2004,3,162.027585871,0.168,-19.1599240414,0.338,-0.013
1048+207,2004,1,162.7557262269,0.278,20.4555475199,0.459,-0.097
1048-313,2004,3,162.7699069262,0.462,-31.6373082522,0.769,-0.112
1049+215,2004,2,162.9532878674,0.211,21.3311982407,0.243,-0.277
1049-650,2004,1,162.8480040552,8.806,-65.3023936603,20.823,-0.253
1053+704,2004,4,164.2234059517,0.28,70.1960875753,0.105,0.161
1053+815,2004,73,164.5480640238,0.841,81.2424097817,0.136,0.013
1055+018,2004,2,164.6233550047,0.096,1.5663400334,0.171,-0.079
1055-028,2004,1,164.5458770186,0.449,-3.1575724698,0.843,-0.428
1055-301,2004,1,164.5017811562,0.526,-30.4152856668,0.928,-0.137
1057-797,2004,14,164.6804572815,1.705,-80.0650443482,0.319,-0.042
1100+122,2004,1,165.7647077575,0.229,11.9712845386,0.42,-0.116
1101+384,2004,25,166.113808021,0.28,38.2088330714,0.371,0.003
1101-325,2004,2,165.8813606199,1.116,-32.854637383,0.895,-0.039
1101-536,2004,4,165.9675903725,0.654,-53.9501934668,0.701,0.288
1102-392,2004,1,166.2961731204,5.759,-39.4783774167,14.902,0.265
1103+023,2004,1,166.4124684709,1.229,2.0492968905,1.76,-0.357
1104-445,2004,1,166.7862250661,0.517,-44.8187852205,3.015,0.386
1110-355,2004,1,168.2561747213,2.181,-35.8300796636,9.74,0.344
1111+149,2004,1,168.4945628903,0.205,14.7074868581,0.594,0.126
1116+128,2004,6,169.738755979,0.208,12.578254993,0.259,0.042
1116-462,2004,3,169.6123235504,2.521,-46.5708337205,1.103,-0.106
1117+146,2004,1,170.1158634805,6.737,14.3486068295,4.399,-0.49
1121+238,2004,3,171.0112744563,0.537,23.6127415829,0.78,-0.406
1123+264,2004,2,171.4737997123,0.171,26.1722163934,0.232,-0.074
1124-186,2004,77,171.7683017949,0.189,-18.9548449069,0.32,-0.055
1124-382,2004,1,171.683888003,3.891,-38.4788996954,14.706,0.28
1125+062,2004,1,171.90218999,0.681,5.9255723036,1.208,-0.398
1127-145,2004,2,172.5293870906,2.698,-14.8242749717,3.413,0.28
1128+090,2004,1,172.6497968015,0.185,8.7786393414,0.454,0.022
1128+385,2004,54,172.7220108788,0.139,38.25515196,0.21,0.021
1128-047,2004,1,172.8771530539,0.418,-5.0054609849,1.264,-0.342
1129-580,2004,3,172.9303668124,0.904,-58.3148453727,1.067,-0.236
1130+009,2004,2,173.3335658526,0.163,0.6813435413,0.335,-0.159
1133+704,2004,1,174.1100349702,2.664,70.1575854391,0.591,-0.503
1134-739,2004,1,174.0402464526,17.026,-74.2625763754,12.464,-0.129
1142+198,2004,3,176.2708710396,0.2,19.6063170458,0.398,0.531
1143-245,2004,2,176.5337639831,1.235,-24.7924722847,2.609,0.18
1143-287,2004,1,176.6091201993,1.445,-28.9884708312,3.557,0.825
1143-696,2004,2,176.4734325595,2.314,-69.9004993289,0.664,0.016
1144+402,2004,3,176.7429079373,0.109,39.9761957123,0.105,-0.123
1144-379,2004,18,176.7557111326,0.315,-38.2030619461,0.454,0.007
1145-071,2004,2,176.9648082972,0.078,-7.4114279939,0.192,-0.068
1147+245,2004,3,177.580050691,0.11,24.2982875861,0.147,0.197
1150+497,2004,2,178.3519442915,0.145,49.5191195104,0.111,0.066
1150+812,2004,2,178.3020801688,1.037,80.9747651429,0.171,-0.027
1156+295,2004,92,179.8826412634,0.162,29.2455074941,0.279,0.056
1156-094,2004,1,179.8029657713,0.903,-9.6811250775,2.612,-0.888
1156-663,2004,2,179.8262720544,2.009,-66.5942850857,0.718,0.062
1204+124,2004,1,181.80260215,0.386,12.1960684423,0.358,-0.05
1205-008,2004,1,181.9236559793,0.175,-1.110193271,0.471,-0.058
1206-399,2004,1,182.396852147,0.646,-40.2703068675,1.302,0.261
1213+350,2004,2,183.9816710629,0.227,34.8042279451,0.396,-0.081
1213-172,2004,6,183.944798523,0.27,-17.529279855,0.562,0.085
1215+113,2004,1,184.6087179365,0.233,11.0847950918,0.445,-0.031
1215+303,2004,2,184.4670081554,0.16,30.1168433094,0.21,0.069
1216+061,2004,1,184.8467332314,0.272,5.8249168314,0.406,0.041
1216+487,2004,2,184.7767280017,0.37,48.4989345736,0.311,0.239
1217+023,2004,1,185.0495190587,0.441,2.061729056,0.234,0.085
1217+713,2004,2,185.015116083,1.389,71.0919808011,0.534,-0.079
1219+044,2004,26,185.5939567498,0.17,4.2210489897,0.467,-0.013
1219+285,2004,2,185.382043996,0.211,28.2329170526,0.449,-0.104
1221+809,2004,4,185.918723906,0.774,80.6678723602,0.166,0.127
1222+131,2004,2,186.2655971128,0.354,12.8869829716,0.821,0.347
1224-443,2004,1,186.8611780702,0.905,-44.610652754,2.05,-0.298
1226+023,2004,4,187.2779147728,0.085,2.0523878814,0.298,-0.083
1226+373,2004,2,187.1975985956,0.247,37.1033599608,0.268,0.125
1226-028,2004,1,187.1538221049,0.275,-3.0775865282,0.535,-0.311
1228+126,2004,89,187.7059307727,0.228,12.3911232803,0.396,-0.122
1228-310,2004,1,187.6872219438,1.932,-31.3564640624,6.126,0.149
1236+077,2004,2,189.8524513876,0.141,7.5047747824,0.262,0.035
1236-381,2004,1,189.7197142335,3.015,-38.4324992963,12.544,-0.103
1237-101,2004,4,189.929422495,0.253,-10.3913048191,0.566,0.022
1237-113,2004,1,189.997633087,3.124,-11.6230548852,7.575,-0.812
1239+606,2004,1,190.3732935799,1.494,60.3448116672,0.769,-0.747
1240+381,2004,2,190.7140378537,0.163,37.8500069581,0.167,-0.115
1240-294,2004,1,190.7944247711,0.411,-29.7229180399,0.726,0.035
1243-072,2004,3,191.5176332341,0.103,-7.5129374624,0.327,0.218
1244-255,2004,3,191.6950080136,0.343,-25.7970260778,0.473,-0.117
1245-457,2004,3,192.1187293777,0.627,-45.996438346,1.216,0.018
1246+285,2004,1,192.326705391,0.438,28.2954485044,0.584,-0.24
1247+022,2004,1,192.5285070037,2.857,1.9678182748,3.58,0.788
1248-350,2004,1,192.9134405088,1.929,-35.3109934124,5.865,0.519
1250-330,2004,1,193.2433224485,0.466,-33.333211608,0.844,-0.098
1251-407,2004,1,193.4980609016,2.867,-40.9918857245,12.248,0.065
1251-713,2004,4,193.7496729989,1.049,-71.6384546508,0.42,0.027
1252+119,2004,1,193.6593984148,0.24,11.6849704435,0.746,-0.348
1252-441,2004,1,193.7396392172,3.377,-44.4157254223,15.99,-0.345
1255-316,2004,52,194.4960866605,0.291,-31.9213477421,0.432,-0.002
1257+145,2004,2,195.0871615382,1.518,14.2884807647,1.801,0.0
1258+287,2004,1,195.1188747719,0.416,28.5028302289,0.506,0.123
1300+580,2004,108,195.7186052813,0.234,57.8104470392,0.164,0.045
1302-102,2004,6,196.3875625219,0.298,-10.5553969258,0.531,0.252
1303-827,2004,1,197.1591393962,31.119,-82.9929989811,6.697,0.228
1305+042,2004,1,197.0648045288,0.33,4.0192643713,0.75,-0.485
1307+121,2004,31,197.391385151,0.37,11.9068203261,0.516,0.078
1308+326,2004,108,197.6194326795,0.198,32.3454952918,0.289,-0.036
1308+328,2004,2,197.7475114556,0.187,32.5595692577,0.34,0.145
1309+257,2004,1,198.059533651,1.263,25.5203266898,1.6,-0.362
1312+289,2004,1,198.8062147307,0.364,28.6815748035,0.505,0.03
1313-333,2004,6,199.0332747113,0.258,-33.6497707318,0.514,-0.142
1314-202,2004,1,199.3589528711,1.345,-20.5272556522,4.01,-0.795
1315+346,2004,2,199.4020589338,0.124,34.4210923626,0.173,0.022
1318+225,2004,4,200.2966772845,0.525,22.270030122,0.988,0.017
1320-338,2004,1,200.8214153568,5.144,-34.1201018766,10.28,0.405
1320-385,2004,1,200.7672812312,2.044,-38.8168381296,9.29,0.234
1322+366,2004,1,201.2143359242,3.139,36.3785494666,4.982,0.541
1324+224,2004,3,201.7535888395,0.083,22.1806007834,0.133,0.012
1325-558,2004,2,202.2547700764,1.458,-56.134074218,1.084,-0.174
1328+307,2004,1,202.7845331059,1.111,30.5091549027,1.041,0.332
1329+063,2004,1,202.9745715183,0.457,6.1398311384,0.689,0.101
1330+071,2004,1,203.2708191271,0.257,6.8755476831,0.548,-0.034
1330+476,2004,1,203.1885267773,0.29,47.3729632771,0.255,-0.127
1332+031,2004,1,203.7996044515,9.55,2.8859761068,8.271,-0.55
1334-127,2004,111,204.4157615504,0.223,-12.9568592435,0.375,-0.038
1342+662,2004,2,205.9414983801,0.612,66.0404847417,0.45,0.337
1342+663,2004,2,206.0361649183,0.943,66.1032344433,0.38,-0.328
1343-601,2004,2,206.7043470353,8.146,-60.4081540136,7.214,0.293
1344-375,2004,1,206.9184515385,0.665,-37.8435082627,1.048,-0.021
1345+061,2004,1,206.8810187892,2.29,5.8760558528,3.909,-0.259
1345+125,2004,1,206.8890064713,0.285,12.2900668898,0.606,-0.142
1347+539,2004,2,207.3944024778,0.185,53.6880668226,0.144,-0.026
1348+087,2004,1,207.8204961828,0.215,8.5110843727,0.431,0.014
1348+237,2004,1,207.6902432493,0.583,23.5292108975,0.631,0.006
1348-289,2004,1,207.9451617164,0.568,-29.2049030255,1.087,-0.544
1349-439,2004,2,208.2355630793,1.671,-44.2112189663,0.797,-0.464
1351-018,2004,44,208.5287304181,0.143,-2.1008862143,0.355,0.003
1352-104,2004,3,208.6938279504,1.498,-10.6840718084,3.364,0.192
1354+195,2004,2,209.2684858882,0.198,19.3187149421,0.284,0.028
1354-152,2004,5,209.2968539854,0.123,-15.4579964216,0.239,-0.059
1354-174,2004,2,209.2753094834,1.047,-17.7338629351,1.005,-0.116
1357+769,2004,109,209.4807146782,0.59,76.7225141742,0.141,0.059
1358-298,2004,1,210.3955807806,1.037,-30.0769084057,2.145,0.48
1402+044,2004,2,211.25466593,0.345,4.2599499871,0.496,0.424
1402-012,2004,2,211.1912313049,1.105,-1.5060966848,1.317,-0.097
1403+411,2004,1,211.2824810626,0.387,40.9493975177,0.375,0.024
1404+286,2004,101,211.751643325,0.203,28.4540806334,0.316,-0.013
1406-076,2004,2,212.2353381974,0.095,-7.8740741058,0.259,-0.095
1407+022,2004,1,212.5193984889,0.15,2.0519209457,0.417,-0.074
1409+218,2004,1,212.9785926674,0.106,21.5731771278,0.185,-0.065
1412-368,2004,2,213.8584014245,8.067,-37.0908265035,13.32,0.497
1413+135,2004,2,213.9950729347,0.074,13.3399202859,0.149,0.121
1415-349,2004,1,214.7454886297,0.427,-35.161808891,0.779,-0.204
1416+067,2004,1,214.7840843447,0.215,6.4763343682,0.403,-0.14
1417+273,2004,2,214.9970713002,0.133,27.1070981131,0.197,-0.152
1417+375,2004,1,215.0014178512,0.378,37.3596284369,0.423,0.093
1417+385,2004,36,214.9442240144,0.166,38.3634653227,0.198,0.025
1418+546,2004,38,214.9441558328,0.245,54.3874408973,0.169,0.021
1418-782,2004,1,215.9314666444,21.277,-78.4930274305,9.349,0.464
1420+326,2004,1,215.6265790839,0.706,32.386233397,0.621,-0.7
1420-679,2004,2,216.2314878603,1.605,-68.1328042309,0.554,0.236
1422-249,2004,1,216.3459895663,0.34,-25.2186025447,0.671,-0.306
1423+146,2004,5,216.4542418517,0.248,14.4158059884,0.373,-0.046
1424-328,2004,1,216.9223376398,1.16,-33.0920866736,3.962,-0.094
1424-418,2004,16,216.9845731714,0.377,-42.1053992626,0.587,-0.035
1428+370,2004,1,217.669095659,0.304,36.8177478213,0.372,0.083
1432+200,2004,1,218.6658055899,0.325,19.8668711148,0.664,0.357
1433-040,2004,1,218.9162681502,1.754,-4.2486947325,2.94,0.311
1435+638,2004,2,219.1908422235,0.209,63.6105184951,0.084,0.24
1435-218,2004,4,219.5394554697,0.288,-22.0818747579,0.316,0.06
1438-328,2004,1,220.3328911543,0.409,-33.0567776791,0.756,-0.077
1438-347,2004,1,220.3498759702,2.344,-34.9460977037,7.713,-0.591
1442+101,2004,2,221.3186051466,0.117,9.976686726,0.294,-0.061
1443-162,2004,2,221.4724014977,0.919,-16.483783413,0.949,-0.186
1445-161,2004,2,222.0627257207,1.141,-16.3401525854,1.019,-0.248
1448+762,2004,2,222.1199124848,1.196,76.0198880206,0.31,-0.108
1448-648,2004,2,223.1653293462,1.484,-65.0342873628,0.674,0.278
1449+139,2004,1,222.8812111212,1.181,13.7233339752,0.977,0.166
1451-375,2004,15,223.6142072641,0.383,-37.7925400902,0.56,-0.128
1451-400,2004,1,223.637134656,0.352,-40.209031855,0.419,0.377
1453+217,2004,1,223.8826930358,0.305,21.5275488222,0.481,0.016
1454-354,2004,2,224.3612996119,0.418,-35.6527702207,0.881,0.146
1455+247,2004,1,224.4309388299,1.567,24.5854771326,1.423,-0.188
1458+718,2004,2,224.7815996852,0.335,71.6721850514,0.129,-0.21
1459+480,2004,2,225.2027263269,0.156,47.8543156902,0.123,0.06
1502+036,2004,2,226.2769881787,0.093,3.4418924264,0.361,0.019
1502+106,2004,3,226.1040824171,0.093,10.494221862,0.168,0.012
1504+377,2004,3,226.5397081886,0.169,37.5142034931,0.173,-0.086
1504-166,2004,2,226.7699458032,1.502,-16.8750749988,2.958,0.081
1505-304,2004,1,227.2208048856,1.075,-30.608175319,2.102,-0.816
1505-496,2004,1,227.1622692094,3.368,-49.8839762251,1.984,-0.449
1506+163,2004,1,227.292132703,0.308,16.1910376501,0.643,-0.233
1508+572,2004,3,227.5121747825,0.717,57.0453823549,0.422,0.239
1508-055,2004,2,227.7232972754,0.097,-5.7187270862,0.318,0.003
1508-656,2004,1,228.2147924297,15.825,-65.88395157,21.308,0.417
1510-089,2004,3,228.2105538504,0.101,-9.0999526449,0.258,-0.222
1511-100,2004,3,228.437055705,0.136,-10.2000738239,0.291,-0.024
1511-476,2004,3,228.6667689701,1.887,-47.8082936696,1.885,-0.23
1514+197,2004,2,229.2366507902,0.123,19.5369422775,0.224,0.116
1514-241,2004,4,229.4242215162,0.171,-24.3720787068,0.39,0.001
1519-273,2004,58,230.6569832555,0.252,-27.5029959286,0.382,-0.029
1519-294,2004,1,230.6061932826,0.505,-29.6070075897,1.902,0.589
1521-300,2004,1,231.139227967,1.005,-30.205924612,2.207,0.826
1522+155,2004,18,231.1733811485,0.396,15.3558474487,0.94,-0.152
1530+239,2004,1,233.1931050946,0.28,23.7347967051,0.393,0.062
1532+016,2004,1,233.7185570772,0.404,1.5178351143,0.299,-0.298
1533+200,2004,1,233.8188897767,1.459,19.9141414825,1.528,0.055
1533-316,2004,1,234.2270767795,7.255,-31.8541991312,11.235,0.257
1535-036,2004,1,234.5847995261,2.905,-3.7706419274,3.794,0.693
1536+046,2004,1,234.7921041367,0.248,4.5142304941,0.508,-0.001
1538+149,2004,2,235.2062147609,0.206,14.7960791983,0.293,0.067
1546+027,2004,4,237.372653548,0.109,2.6169898282,0.234,-0.009
1547+507,2004,2,237.3227855188,0.269,50.6349411651,0.238,0.169
1548+114,2004,1,237.681643529,0.275,11.3465164771,0.634,-0.412
1548-177,2004,1,237.8108254627,1.704,-17.9173169193,3.426,-0.326
1554-643,2004,1,239.7095182342,1.042,-64.5415658332,0.87,0.328
1555+001,2004,3,239.4643076219,0.192,-0.0306700104,0.432,-0.067
1556-245,2004,1,239.9225382083,0.59,-24.7107850367,2.548,0.681
1557+032,2004,4,239.8790521825,0.177,3.0800714368,0.417,-0.052
1557+565,2004,1,239.7012037367,0.732,56.4205886704,0.417,0.021
1558-072,2004,1,240.2353179165,0.663,-7.3681195391,1.589,0.677
1600+335,2004,2,240.5302645075,0.163,33.4480756998,0.227,0.193
1600-099,2004,1,240.8282423155,0.321,-10.1225834344,0.634,-0.299
1603+573,2004,1,241.155639856,0.641,57.2435190481,0.348,0.108
1604-333,2004,1,241.8948431132,0.987,-33.5191427881,2.345,0.444
1606+106,2004,126,242.1925132544,0.136,10.4854932765,0.261,-0.021
1606-398,2004,1,242.5911618199,2.892,-39.9828696485,1.555,-0.494
1607+268,2004,1,242.305503091,0.459,26.6913985464,0.604,0.423
1610-771,2004,13,244.455318449,1.407,-77.2884631415,0.308,-0.012
1611+343,2004,116,243.4211009927,0.166,34.2133080179,0.221,0.019
1611-710,2004,2,244.127671525,1.937,-71.1420711208,0.694,0.539
1614+051,2004,2,244.1564867539,0.174,4.9924267272,0.278,-0.005
1614-195,2004,1,244.3628869086,0.969,-19.6922299261,2.43,-0.594
1616+063,2004,2,244.7653654377,0.22,6.2172897308,0.301,-0.017
1619-680,2004,3,246.0768210237,1.029,-68.1534712158,0.403,0.042
1620+145,2004,1,245.6416476734,0.253,14.4390562228,0.445,0.128
1621+058,2004,1,246.0322245944,0.221,5.723401364,0.482,0.025
1622-253,2004,93,246.4453817871,0.283,-25.4606463204,0.409,-0.062
1622-297,2004,6,246.5250866001,0.618,-29.8574920276,0.78,0.033
1624+416,2004,2,246.4902903565,0.171,41.5779525328,0.175,-0.024
1624-617,2004,2,247.227873485,5.305,-61.8767776419,3.012,-0.22
1632+321,2004,1,248.5532908746,0.344,32.0598402272,0.471,0.076
1633+382,2004,3,248.8145540763,0.309,38.1345836587,0.349,0.02
1633-810,2004,3,250.738940678,3.135,-81.1430750335,0.643,0.165
1634-330,2004,1,249.4022320336,1.196,-33.1513404161,3.373,-0.243
1637+574,2004,3,249.5560677608,0.201,57.3399941494,0.105,0.081
1637+826,2004,9,248.1332075492,1.123,82.5378889179,0.143,-0.004
1637-771,2004,1,251.0671680857,22.31,-77.2635595323,12.427,0.729
1638+398,2004,24,250.1234697763,0.15,39.7794524529,0.176,-0.02
1639+230,2004,2,250.3551148657,0.103,22.9511202257,0.16,0.085
1639-062,2004,1,250.5090739416,0.208,-6.3565818308,0.459,0.085
1641+399,2004,3,250.7450411295,1.326,39.8102762104,1.107,0.279
1641-179,2004,1,251.1489442378,1.556,-18.0756860544,3.515,-0.317
1642+690,2004,3,250.5327020492,0.262,68.9443768341,0.094,-0.102
1647-296,2004,2,252.6647676715,0.905,-29.7297102172,0.84,-0.157
1652+398,2004,7,253.4675695116,0.163,39.7601691704,0.133,0.013
1655+077,2004,2,254.5375477458,0.254,7.690983532,0.223,-0.003
1656+053,2004,2,254.6393639426,0.226,5.254567897,0.323,0.082
1656+348,2004,2,254.5059133347,0.193,34.7245562739,0.218,-0.057
1656+477,2004,2,254.5115816298,0.262,47.6303420694,0.361,-0.076
1657+054,2004,1,255.0998156959,0.176,5.3789167404,0.399,-0.081
1657-261,2004,2,255.2214750728,0.207,-26.1810344207,0.464,-0.074
1657-562,2004,5,255.4369088386,0.646,-56.3655284504,0.674,-0.134
1659-621,2004,5,255.9022554435,1.009,-62.2111134059,0.546,0.392
1701-132,2004,1,256.0211990241,2.223,-13.2761739385,2.25,0.284
1705+018,2004,2,256.8933969908,0.084,1.8126943255,0.172,-0.084
1705+135,2004,3,256.9401553656,0.233,13.5181202993,0.479,-0.121
1705+456,2004,2,256.8239725486,0.404,45.6029313479,0.3,0.382
1706-174,2004,6,257.393105594,0.698,-17.4814906538,1.282,0.444
1714-336,2004,1,259.400132431,4.074,-33.702476824,7.632,-0.147
1715-112,2004,1,259.5622841931,1.869,-11.3458264659,3.853,0.066
1716+070,2004,1,259.7955558043,0.21,6.9710407525,0.428,0.052
1717+178,2004,2,259.8043686195,0.088,17.7517880835,0.148,0.107
1718-084,2004,1,260.2486954191,3.817,-8.5381570309,11.198,-0.735
1718-649,2004,2,260.92095567,0.796,-65.0101696137,0.413,-0.273
1720+102,2004,1,260.6857606817,0.206,10.2266052998,0.413,-0.027
1721+589,2004,2,260.6530258892,0.863,58.9395181852,0.462,-0.023
1722+611,2004,2,260.6669124311,0.769,61.0999420731,0.383,-0.095
1725+044,2004,2,262.1039696876,0.239,4.4513650381,0.208,-0.128
1725-795,2004,2,263.4195838697,2.611,-79.598810218,0.637,0.448
1726+455,2004,98,261.8652116633,0.246,45.5110365183,0.218,0.035
1727+386,2004,1,262.2464205748,0.392,38.6406818168,0.411,0.131
1728+004,2004,1,262.6458311553,0.557,0.4107477398,1.581,-0.483
1730-130,2004,1,263.2612741668,0.096,-13.0804301068,0.221,0.004
1732+389,2004,3,263.5857439263,0.148,38.9642897477,0.154,0.084
1734+363,2004,3,263.9503609126,0.196,36.2793365545,0.219,0.155
1738+476,2004,2,264.9880378524,0.268,47.6328781902,0.291,0.196
1738+499,2004,2,264.8641270404,0.209,49.9176023415,0.175,-0.019
1739+522,2004,100,265.1540743326,0.203,52.1953909954,0.167,0.012
1741-038,2004,146,265.9952338776,0.158,-3.8346157547,0.304,-0.017
1743+173,2004,2,266.3967004006,0.121,17.3337286054,0.245,-0.108
1744+557,2004,3,266.2358626759,0.223,55.70476704,0.141,0.082
1745+624,2004,47,266.5584755968,0.479,62.4485384784,0.221,0.177
1746+470,2004,2,266.861030382,0.227,46.9808128729,0.185,-0.089
1749+096,2004,145,267.8867440158,0.141,9.6502023486,0.276,0.008
1749+293,2004,1,267.9278497859,0.332,29.3472784144,0.41,0.013
1749+701,2004,2,267.1368346091,0.419,70.0974357947,0.133,-0.002
1751+288,2004,2,268.4269735327,0.235,28.8013719171,0.219,-0.085
1751+441,2004,2,268.3443662095,0.122,44.1626906978,0.108,-0.022
1752-225,2004,1,268.8595223045,1.786,-22.5362895829,2.511,-0.082
1754+159,2004,1,269.1405234367,0.166,15.8955089413,0.6,0.035
1755+055,2004,1,269.4951042332,1.36,5.5300064797,3.809,0.042
1758+046,2004,1,270.2676730761,0.298,4.6383918392,0.638,-0.032
1758+388,2004,5,270.1031889343,0.137,38.8085273004,0.177,-0.049
1758-651,2004,5,270.8479027737,0.913,-65.1268781865,0.446,0.253
1800+440,2004,2,270.3846451026,0.148,44.0727501104,0.119,-0.052
1802-046,2004,1,271.3796501277,12.603,-4.63602666,9.655,0.428
1803+784,2004,43,270.190349571,0.494,78.4677829332,0.091,-0.009
1804-251,2004,1,271.9195327336,1.432,-25.1072170809,2.381,0.107
1806+456,2004,3,272.0911905689,0.504,45.705797463,0.443,-0.09
1806-458,2004,5,272.4911320603,0.941,-45.8780595607,1.316,-0.208
1807+698,2004,94,271.7111693553,0.438,69.8244746143,0.165,-0.01
1809+170,2004,1,272.9299300628,0.197,17.0825736485,0.354,-0.051
1814-637,2004,1,274.8958448153,1.662,-63.7633913547,1.11,-0.723
1815-111,2004,1,274.5804729248,3.105,-11.1467523497,4.197,-0.398
1815-553,2004,11,274.9391647439,0.717,-55.3557625742,0.324,0.086
1817+387,2004,1,274.8606126598,0.346,38.7504982706,0.355,-0.07
1817-254,2004,2,275.2410362719,0.346,-25.4701626665,0.662,-0.078
1821+107,2004,2,276.0118969203,0.138,10.7399372095,0.187,-0.191
1822+012,2004,1,276.2005971089,0.166,1.3261690515,0.365,-0.095
1822-368,2004,1,276.533894222,0.63,-36.8471468193,1.25,-0.02
1823+568,2004,2,276.0294515008,0.267,56.8504141516,0.19,-0.077
1824-582,2004,1,277.3016764562,0.827,-58.2319887061,0.744,0.384
1830+012,2004,1,278.1670574117,0.663,1.3045759796,1.453,-0.285
1830+139,2004,1,278.1811294674,0.301,13.9623336421,0.609,-0.294
1830+285,2004,2,278.2091068838,0.315,28.5599878154,0.359,0.015
1831-030,2004,1,278.5586439793,0.742,-3.0221165494,0.894,0.224
1836+094,2004,1,279.7284802126,0.333,9.4577491918,0.871,-0.426
1841+447,2004,1,280.7829893135,1.591,44.8309785561,0.948,-0.166
1842+681,2004,2,280.6401738855,0.342,68.157007704,0.077,-0.133
1842-289,2004,1,281.4640330695,0.416,-28.8778556774,0.764,0.05
1843+400,2004,1,281.2963811247,0.482,40.130993727,0.352,0.368
1843-069,2004,1,281.5262548184,2.686,-6.8577083069,2.092,-0.083
1845+797,2004,1,280.537458069,1.635,79.7714244336,0.291,-0.097
1849+670,2004,3,282.3169678767,0.258,67.0949111786,0.09,-0.016
1849-365,2004,1,283.3246784593,1.532,-36.4784742713,5.658,-0.199
1853-179,2004,1,283.984921632,8.065,-17.9119142659,12.574,0.214
1855-252,2004,1,284.5794907803,4.084,-25.1807503101,16.687,0.476
1901+155,2004,1,286.059837935,0.593,15.6106811374,1.121,0.034
1901+319,2004,3,285.7330787226,0.106,31.9949171682,0.129,-0.654
1903-802,2004,4,288.1667467231,2.498,-80.1683185155,0.45,0.359
1904+013,2004,1,286.799984291,0.772,1.4524894154,1.017,0.326
1908+230,2004,1,287.6880288993,0.473,23.0996163575,0.888,-0.246
1908-201,2004,43,287.7902202173,0.206,-20.1153079533,0.426,-0.079
1908-211,2004,1,287.9747392345,0.446,-21.0455003931,1.007,-0.46
1909-081,2004,1,288.0297028006,0.382,-8.0727525972,0.762,-0.003
1920-211,2004,7,290.8841243081,0.49,-21.0759259045,0.484,-0.393
1921-293,2004,21,291.2127331975,0.186,-29.2417004448,0.418,0.445
1922-341,2004,1,291.3209177756,0.523,-34.0170932492,1.102,-0.077
1923+123,2004,1,291.4200704474,0.3,12.4605815032,0.612,0.09
1923+210,2004,68,291.4983556286,0.163,21.1072673001,0.239,0.083
1925-610,2004,2,292.5256668051,1.504,-60.9358842647,1.048,-0.437
1926+087,2004,2,292.1702313215,0.124,8.8134475716,0.341,-0.595
1926+440,2004,1,292.0889648722,1.477,44.2005146547,2.2,0.355
1928+738,2004,2,291.9520631884,0.296,73.967102734,0.09,-0.125
1929+226,2004,4,292.8538195161,0.181,22.7253498985,0.288,0.057
1929-457,2004,1,293.1870324119,0.498,-45.6105352758,1.067,0.173
1931-243,2004,1,293.7202012715,0.768,-24.273434764,1.613,-0.09
1932+204,2004,2,293.7936371566,0.162,20.5317095431,0.218,0.229
1933-400,2004,5,294.3175722979,0.827,-39.9670983871,1.39,0.528
1935+360,2004,1,294.3809852201,0.324,36.1266248609,0.361,-0.129
1935-692,2004,4,295.106367641,1.003,-69.1324921522,0.403,0.079
1936-155,2004,6,294.8610738856,0.174,-15.4286275015,0.379,0.0
1937+381,2004,1,294.889862144,1.037,38.2931635769,0.667,0.353
1937-101,2004,1,294.9885690298,0.182,-10.0448668756,0.82,-0.241
1941+413,2004,1,295.7443246183,0.362,41.4897405898,0.34,-0.116
1949+014,2004,1,297.9000769659,0.221,1.5785317856,0.469,0.1
1951+355,2004,2,298.3786488214,0.402,35.6331552425,0.358,0.569
1954+513,2004,2,298.9280761291,0.318,51.5301517911,0.241,-0.069
1954-388,2004,39,299.499246888,0.353,-38.7517654893,0.467,0.015
1957+406,2004,1,299.8681515585,0.737,40.7339158054,0.526,0.208
1958-179,2004,50,300.2378768373,0.164,-17.8160201451,0.306,0.028
2000-330,2004,1,300.8504846441,0.405,-32.862538031,0.802,-0.482
2002-233,2004,1,301.4858138575,0.439,-23.1741719141,0.821,-0.168
2002-375,2004,1,301.4794621786,0.402,-37.3948547509,1.537,0.153
2005+642,2004,1,301.5737270316,1.005,64.4126160676,0.359,0.316
2005-489,2004,3,302.3557942249,5.193,-48.8315892247,2.102,0.894
2007+777,2004,2,301.3791608456,0.743,77.8786799158,0.143,-0.069
2008-068,2004,2,302.8092326451,0.158,-6.7343211555,0.336,-0.658
2008-159,2004,1,302.815462218,0.097,-15.7778483092,0.235,-0.094
2014-254,2004,1,304.4708405732,1.098,-25.247248392,2.226,-0.367
2015-113,2004,1,304.6167251765,0.343,-11.1654169662,0.706,-0.108
2017+745,2004,2,304.3044974612,0.51,74.6800000181,0.148,0.08
2021+317,2004,2,305.8292390408,0.378,31.8839743653,0.456,-0.267
2021+614,2004,2,305.5278404984,0.191,61.6163347216,0.114,0.051
2021-330,2004,1,306.1482353597,0.545,-32.8933089541,1.117,0.199
2027-308,2004,1,307.7413998662,3.437,-30.6568970831,8.021,0.075
2029+121,2004,6,307.9791426213,0.153,12.3281500628,0.351,0.129
2030+547,2004,2,307.9498275763,0.186,54.9175386247,0.148,-0.153
2030-689,2004,1,308.9536517915,1.063,-68.7760670221,0.683,-0.164
2037+511,2004,101,309.6543114171,0.208,51.3201840779,0.194,-0.026
2037-253,2004,2,310.03655347,1.044,-25.129628978,0.867,-0.217
2042-098,2004,1,311.1778129623,0.593,-9.6774234204,1.616,-0.398
2048+312,2004,1,312.713047586,0.428,31.4576039428,0.296,-0.09
2050+226,2004,2,313.2890166742,0.53,22.8004140103,0.675,0.314
2051+745,2004,2,312.8905608091,0.545,74.6945828904,0.125,-0.496
2051-204,2004,1,313.591967678,0.346,-20.2713406232,0.637,-0.039
2052-474,2004,6,314.0681652738,0.397,-47.2465637271,0.457,0.193
2053-127,2004,1,313.963330242,1.306,-12.5789566074,1.759,0.512
2053-323,2004,1,314.1044593005,0.469,-32.1466111503,0.97,-0.172
2054-377,2004,1,314.4233478325,0.341,-37.5674976565,0.639,0.126
2058+260,2004,1,315.1629180222,1.69,26.2602858337,1.257,-0.179
2058-297,2004,1,315.2569166448,0.374,-29.5577317598,1.993,0.248
2059+034,2004,2,315.4118083427,1.328,3.6920331872,1.425,-0.13
2059-334,2004,1,315.6912059356,1.406,-33.2211236107,4.096,0.251
2100+468,2004,1,315.5710671215,0.942,47.0378480156,0.566,-0.028
2102-659,2004,3,316.7488413381,13.791,-65.7954419159,3.583,0.288
2103+213,2004,1,316.5450757569,0.213,21.5933344838,0.4,-0.181
2105-250,2004,1,317.0513321242,1.377,-24.8759266298,2.728,0.25
2106+143,2004,3,317.1709672699,0.21,14.5075034651,0.54,0.08
2106-413,2004,7,317.3882853976,0.678,-41.1723888357,1.287,0.179
2107-016,2004,1,317.5942466078,0.416,-1.4495126694,0.784,0.064
2109-811,2004,4,319.1285251415,3.308,-80.8986731,0.355,-0.283
2111+400,2004,1,318.3728606383,0.942,40.2142758523,0.865,-0.246
2113+293,2004,31,318.8725560512,0.149,29.5606575165,0.229,-0.014
2117-614,2004,1,320.2669771203,7.666,-61.1901742821,2.463,0.114
2117-642,2004,1,320.4792586214,16.112,-64.0750112905,28.431,0.348
2118+053,2004,1,320.1715926486,0.207,5.5625038972,0.484,-0.063
2118-372,2004,1,320.3049739626,0.495,-37.052472525,1.007,-0.131
2121+053,2004,48,320.9354891392,0.112,5.5894703238,0.231,0.06
2121+547,2004,2,320.7721391124,0.626,55.0075915633,0.426,-0.291
2123+244,2004,2,321.3590438297,2.266,24.7009957249,5.24,0.347
2123-463,2004,1,321.6279339875,0.695,-46.0966361796,1.407,-0.144
2126-158,2004,31,322.3007329486,0.25,-15.6447337117,0.505,-0.525
2128-123,2004,21,322.8969238216,0.139,-12.1179990325,0.319,0.338
2130-425,2004,1,323.5048867046,3.056,-42.3119969969,13.964,0.341
2131-021,2004,4,323.5429565896,0.078,-1.8881218761,0.205,0.257
2134+004,2004,10,324.1607773543,0.903,0.6983906748,1.251,-0.198
2135+347,2004,1,324.4337630377,1.421,34.9283628615,4.256,-0.096
2136+141,2004,101,324.7554552629,0.152,14.3933312611,0.296,-0.109
2138-377,2004,1,325.4685372961,0.635,-37.4869421924,1.295,0.212
2141+175,2004,1,325.8981022741,0.241,17.7302187744,0.411,0.043
2141-334,2004,1,326.2132726866,0.407,-33.2152998764,0.709,0.077
2142-758,2004,4,326.8030436233,1.468,-75.6036737161,0.394,0.154
2143-156,2004,2,326.5957469719,1.002,-15.4288574794,1.027,-0.245
2144-362,2004,1,326.8796890479,3.372,-36.0309145362,9.863,0.425
2145+067,2004,26,327.0227443506,0.116,6.9607234691,0.277,-0.054
2149+056,2004,57,327.9078145804,0.267,5.8702651198,0.602,-0.261
2149-307,2004,2,327.9813495372,0.119,-30.4649164307,0.248,-0.167
2150+173,2004,2,328.103414265,0.114,17.5771653298,0.177,-0.095
2151+431,2004,1,328.462330628,0.451,43.3818071189,0.423,-0.209
2152+226,2004,1,328.7769104982,0.448,22.8395225971,0.389,-0.388
2155-304,2004,3,329.7169379329,0.61,-30.2255882184,0.994,0.008
2158-167,2004,1,330.2286619778,0.658,-16.5424170467,1.458,-0.673
2200+420,2004,2,330.6803804308,0.269,42.2777722147,0.274,-0.015
2201+315,2004,85,330.81239914,0.252,31.7606306691,0.307,-0.007
2203-215,2004,1,331.6724262178,0.536,-21.3279165761,0.93,0.551
2204-540,2004,7,331.9322221127,0.539,-53.7760610154,0.617,0.306
2208-373,2004,1,332.9605247548,2.751,-37.1180687848,11.12,-0.056
2209+236,2004,12,333.0248596456,0.178,23.9279287471,0.22,0.091
2210-257,2004,2,333.2604078237,0.954,-25.4916893489,1.012,-0.359
2214+350,2004,2,334.0833745326,0.184,35.3039390681,0.268,-0.011
2214-192,2004,1,334.2590240853,0.354,-19.0343903622,0.688,-0.036
2215-508,2004,2,334.5792701859,8.273,-50.6449235248,8.566,0.482
2216-038,2004,3,334.7168238881,0.193,-3.5935779876,1.111,0.061
2220-351,2004,1,335.774710502,0.981,-34.9297715325,3.027,0.671
2221+625,2004,1,335.8254053005,2.08,62.826058551,1.536,0.116
2223-052,2004,100,336.4469136879,0.174,-4.9503863375,0.313,-0.051
2227+009,2004,1,337.4658412799,0.659,1.2490898244,0.875,0.204
2227-088,2004,3,337.4170180826,0.237,-8.548453271,0.521,-0.049
2229+695,2004,2,337.6519574286,0.773,69.7744658369,0.269,0.013
2230+114,2004,2,338.1517034637,0.093,11.7308066202,0.25,0.131
2232-488,2004,5,338.8051519609,2.274,-48.5996653276,1.211,0.009
2234+282,2004,47,339.0936285787,0.173,28.4826148178,0.278,0.139
2235+731,2004,4,339.1608215707,0.706,73.3812951457,0.222,0.28
2236-572,2004,1,339.8003157591,0.862,-57.0168995656,0.874,0.216
2239-631,2004,1,340.7826642775,1.599,-62.8492549603,1.287,0.327
2243-123,2004,40,341.5759665867,0.195,-12.1142435629,0.441,-0.091
2244-372,2004,2,341.7663221031,1.256,-36.9628627922,0.903,-0.229
2245+471,2004,1,341.9659074653,2.151,47.3854961017,2.005,0.32
2245-328,2004,1,342.1611904373,0.439,-32.5978300696,0.915,-0.255
2246-309,2004,1,342.3293409673,0.455,-30.6535088634,0.918,-0.373
2250+190,2004,2,343.28070479,0.098,19.7096191675,0.201,0.073
2251+134,2004,1,343.587567427,0.161,13.6968554258,0.412,-0.081
2251+158,2004,14,343.490616338,0.929,16.1482113294,0.953,-0.009
2252-090,2004,2,343.7676655192,0.953,-8.7344507981,1.412,-0.601
2253+417,2004,2,343.9029493504,0.124,42.0479258385,0.12,0.05
2254+024,2004,2,344.3231793005,0.183,2.7215312164,0.315,-0.406
2254+074,2004,4,344.3220963709,0.171,7.7200840127,0.454,0.03
2254-367,2004,1,344.2941997671,8.498,-36.4622187521,61.322,-0.023
2255-282,2004,40,344.5248453195,0.199,-27.9725714212,0.438,0.546
2256+570,2004,1,344.7414210937,0.833,57.3184619669,0.417,0.111
2300+638,2004,1,345.6721482981,0.735,64.0980155736,0.429,-0.127
2300-683,2004,4,345.9315192395,0.815,-68.1270675105,0.347,0.143
2302+232,2004,11,346.1518183725,0.236,23.5187808962,0.511,-0.139
2306+095,2004,1,347.1840482885,0.263,9.7739199278,0.519,0.0
2306-312,2004,1,347.3097142577,0.475,-30.9868291368,0.972,-0.307
2311-477,2004,2,348.4662513559,8.622,-47.4865875017,11.625,0.501
2318+049,2004,88,350.1869024749,0.164,5.2305424321,0.31,-0.061
2319+272,2004,2,350.4994260308,0.133,27.5462343071,0.19,0.086
2319+317,2004,2,350.4789838147,0.312,32.0687841347,0.413,-0.042
2320+506,2004,2,350.6082591315,0.174,50.9644342373,0.143,0.043
2320+689,2004,2,350.5376909778,1.488,69.1842826722,0.656,-0.077
2320-035,2004,3,350.8831406152,1.912,-3.2847298901,3.012,0.323
2321-375,2004,1,351.0296320117,1.395,-37.2395716051,1.028,0.027
2325-150,2004,3,351.9498505014,2.545,-14.7988212199,3.147,0.826
2326-477,2004,5,352.3237681199,0.603,-47.5053097345,0.798,0.27
2329-162,2004,3,352.9110519709,0.17,-15.9491693284,0.257,-0.066
2329-384,2004,3,352.9978172412,1.358,-38.1965699003,2.642,0.954
2331-240,2004,2,353.4801571977,0.388,-23.7279614823,0.778,-0.081
2333-415,2004,1,354.1416045163,0.752,-41.2561064993,3.268,-0.069
2335+267,2004,1,354.6224293865,0.465,27.0314607287,0.434,-0.239
2335-027,2004,2,354.4889128006,0.282,-2.5160083715,0.426,0.399
2336+024,2004,1,354.8737950672,1.603,2.7348191911,3.791,-0.564
2338+330,2004,1,355.2387491209,0.305,33.3173951846,0.432,0.023
2340+233,2004,1,355.801612642,0.389,23.6626799094,0.931,-0.732
2344-514,2004,1,356.8327660631,1.699,-51.1766841203,2.217,0.674
2346+052,2004,1,357.3377148414,0.242,5.5777413972,0.521,-0.024
2351+456,2004,2,358.5903344762,0.193,45.8845103001,0.259,-0.025
2351-309,2004,1,358.447744067,2.565,-30.6301379127,5.468,-0.891
2353-686,2004,5,359.0028391197,0.963,-68.3342977593,0.382,-0.043
2355-106,2004,4,359.5453427954,0.261,-10.3357254509,0.625,0.126
2355-534,2004,2,359.4719416106,3.112,-53.1871358434,1.88,-0.055
2356+385,2004,31,359.8882533897,0.192,38.8450884129,0.212,-0.184
