iers_name,year,num_ses,ra,ra_err,dec,dec_err,ra_dec_corr
0002-478,2005,3,1.1485645801,0.577,-47.6054453561,0.802,0.314
0003+380,2005,4,1.4882307221,0.206,38.3375414784,0.226,0.021
0003-066,2005,112,1.5578870678,0.206,-6.3931486576,0.364,-0.065
0006-363,2005,1,2.140251614,3.548,-36.0236668238,14.488,0.574
0007+106,2005,5,2.6291915576,0.25,10.9748621075,0.437,-0.225
0007+171,2005,2,2.6416275681,0.511,17.4052113291,0.436,-0.127
0008-264,2005,4,2.7551945434,0.739,-26.209271374,0.868,0.101
0009+081,2005,1,2.8969567344,0.224,8.3987739838,0.495,-0.331
0009+467,2005,1,3.1220945658,0.664,47.0763164136,0.73,-0.197
0010+336,2005,1,3.1974283389,0.621,33.8940183557,0.621,-0.057
0010+405,2005,2,3.3797091624,0.227,40.8603178376,0.195,-0.127
0012+319,2005,1,3.7756144801,0.281,32.2703652109,0.417,-0.186
0014+813,2005,144,4.2853120153,1.036,81.5855934961,0.151,-0.009
0015-054,2005,1,4.3992382888,0.353,-5.2116041513,0.701,-0.17
0015-280,2005,1,4.4958587581,1.071,-27.8059958617,2.116,0.605
0016+731,2005,5,4.9407767196,0.841,73.4583383419,0.247,0.02
0017+200,2005,1,4.9077270326,0.236,20.3626792258,0.438,-0.186
0021-084,2005,1,6.0028031976,0.724,-8.1861242136,1.464,-0.25
0024-114,2005,1,6.7143458548,0.646,-11.2145643594,1.173,0.195
0032+612,2005,1,8.8554614151,0.935,61.5085431092,0.481,-0.154
0033-088,2005,1,8.9427105995,1.456,-8.5983440206,3.177,-0.88
0034+078,2005,1,9.384154986,0.251,8.1369589858,0.468,-0.107
0035+413,2005,3,9.6035149178,0.343,41.6183334276,0.337,0.012
0035-037,2005,1,9.5866430275,0.294,-3.499714035,0.562,-0.139
0036-191,2005,1,9.8205195188,3.246,-18.901561867,6.431,0.743
0039+230,2005,1,10.5189383546,0.317,23.3336282977,0.458,0.29
0041+677,2005,1,11.2114982215,1.03,68.0507458991,0.377,-0.071
0046+316,2005,3,12.1964227837,0.245,31.9569679319,0.209,-0.076
0046+861,2005,1,13.1368889513,15.766,86.4622928717,1.614,0.142
0047-579,2005,7,12.497804245,0.855,-57.6409277617,0.771,-0.374
0048-097,2005,85,12.6721558293,0.216,-9.4847806412,0.306,-0.132
0048-427,2005,5,12.7895909317,0.665,-42.4425814663,1.851,-0.358
0050-287,2005,1,13.2189859917,2.134,-28.4317255318,6.119,-0.806
0051-077,2005,1,13.4021492854,1.154,-7.458228718,2.182,-0.277
0052-125,2005,1,13.7990935578,0.232,-12.2991948713,0.519,0.041
0052-201,2005,2,13.6372858761,0.391,-19.8836125744,0.786,0.01
0054-006,2005,1,14.3208422948,1.097,-0.4092168662,2.224,0.688
0055+329,2005,1,14.6336213409,0.377,33.1881151195,0.553,-0.177
0057+334,2005,1,15.1595452093,0.404,33.7516994009,0.574,-0.12
0059+581,2005,154,15.6906765691,0.225,58.4030935438,0.128,-0.049
0104+195,2005,1,16.7192991083,0.426,19.8507095039,0.604,-0.204
0104-035,2005,1,16.6801194484,0.278,-3.2600836407,0.527,-0.05
0104-408,2005,27,16.6879498645,0.441,-40.5722113658,0.503,-0.001
0106+013,2005,24,17.1615463699,0.236,1.5834215564,0.343,-0.103
0107-610,2005,3,17.3144801862,0.544,-60.8301278177,0.413,0.117
0109+224,2005,3,18.0242696423,0.2,22.7441073684,0.237,-0.026
0109-135,2005,1,17.9869083104,0.324,-13.2836679585,0.638,-0.179
0110+495,2005,2,18.3625284024,0.363,49.8066786825,0.23,-0.207
0110-668,2005,3,18.078803651,2.573,-66.5792180318,1.835,0.355
0111+021,2005,11,18.4297706679,0.194,2.3714767451,0.331,-0.285
0113-118,2005,1,19.0521767779,0.283,-11.6042885345,0.587,-0.075
0116-219,2005,2,19.7385927243,0.949,-21.6917039188,7.76,0.195
0117-171,2005,1,19.9318576847,0.406,-16.9024927063,0.896,0.436
0118-272,2005,3,20.1319307229,1.032,-27.0235147418,1.262,-0.112
0118-283,2005,1,20.2530923891,1.911,-28.1061621817,3.805,0.694
0119+041,2005,13,20.4869239596,0.339,4.3735371172,0.59,-0.31
0119+115,2005,114,20.4233127105,0.179,11.8306703339,0.341,-0.114
0120+304,2005,1,20.7595059218,0.438,30.7352540528,0.713,0.015
0121-096,2005,1,20.9432701794,0.958,-9.3842607445,2.078,0.447
0122-003,2005,1,21.3701826365,0.992,-0.0988693991,4.693,0.161
0122-260,2005,1,21.3284890854,0.396,-25.8178881061,0.642,-0.012
0122-514,2005,3,21.2391308158,1.336,-51.2211572463,2.94,0.198
0123+257,2005,4,21.6783026802,0.182,25.983694566,0.312,0.006
0123+731,2005,1,21.7696587168,13.791,73.3868524888,3.729,-0.634
0128+383,2005,1,22.8613070164,0.615,38.5775610774,0.899,-0.047
0130-171,2005,2,23.1811959286,2.769,-16.9134787469,2.149,0.476
0131-522,2005,3,23.274010701,0.69,-52.00109589,0.68,0.746
0133+476,2005,143,24.2441450031,0.17,47.8580833803,0.136,-0.082
0134+215,2005,1,24.3151049422,0.683,21.7622956926,0.681,0.387
0135-247,2005,2,24.4097767944,0.634,-24.5149681347,0.249,0.09
0135-274,2005,1,24.5409093831,0.427,-27.1910955824,0.739,0.072
0137-158,2005,1,25.0184802034,0.297,-15.5488023509,0.525,0.015
0138-097,2005,3,25.3576339245,0.282,-9.4787985507,0.308,-0.011
0139-022,2005,1,25.3907923201,0.289,-2.0393220923,0.569,-0.168
0141+268,2005,1,26.1398085177,0.826,27.084198522,0.806,-0.023
0148+250,2005,1,27.775975229,0.584,25.2912933366,1.381,-0.551
0148+274,2005,2,27.8631090139,0.195,27.7449427051,0.241,0.051
0149+218,2005,3,28.0752460264,0.223,22.1188054615,0.33,-0.177
0149-175,2005,1,27.9502087806,3.937,-17.3319540056,8.738,0.807
0150-299,2005,1,28.1403879128,0.943,-29.7133078111,2.576,0.012
0150-334,2005,3,28.2921739629,1.2,-33.1738503997,1.177,0.135
0151+474,2005,2,28.7345412492,0.195,47.7240388205,0.206,0.032
0153+744,2005,2,29.3956866561,1.137,74.7120087338,0.201,-0.224
0154-000,2005,1,29.2938956147,0.289,0.1901325935,0.577,-0.226
0158+031,2005,1,30.1700696384,0.226,3.3804168963,0.491,-0.178
0158-141,2005,1,30.2429885608,1.429,-13.9383313448,3.652,-0.141
0158-159,2005,1,30.2131200597,2.964,-15.7102442521,10.545,0.449
0159+723,2005,2,30.8891035509,1.219,72.548240851,0.325,-0.443
0159-200,2005,1,30.5576998638,0.437,-19.8054167165,1.039,0.173
0201+113,2005,68,30.9444044625,0.246,11.5792804395,0.427,-0.258
0202+145,2005,1,31.3046559566,0.235,14.7423277605,0.452,-0.107
0202+149,2005,64,31.2100578722,0.307,15.2364010371,0.453,-0.352
0202+319,2005,5,31.2705225017,0.176,32.2083598844,0.153,-0.069
0202-172,2005,2,31.2403096168,0.346,-17.0221778421,0.441,0.005
0207-078,2005,1,32.5688697953,2.838,-7.6224165266,3.546,0.371
0207-149,2005,1,32.596586649,0.52,-14.7497284669,1.066,-0.28
0208-512,2005,34,32.6925018646,0.51,-51.01719216,0.47,-0.141
0209-162,2005,1,32.9573355151,1.076,-15.9719056086,2.245,0.347
0212+735,2005,4,34.378389996,0.723,73.8257281958,0.151,-0.333
0215+015,2005,3,34.4539776674,0.364,1.7471382902,0.471,-0.685
0216+472,2005,1,34.8473333842,0.529,47.461112574,0.431,-0.083
0219+428,2005,2,35.665047623,0.348,43.035499697,0.131,-0.23
0220-349,2005,5,35.7350068982,0.762,-34.6913139701,1.862,-0.038
0221+067,2005,4,36.1184508484,0.178,6.9898171794,0.301,-0.03
0222+296,2005,1,36.329981221,0.401,29.9200350833,0.631,-0.222
0223+113,2005,1,36.4246248368,0.263,11.5737385122,0.479,-0.061
0224+498,2005,1,37.0019401129,0.579,50.0997231886,0.521,-0.209
0224+540,2005,1,37.1070526392,5.649,54.3189243712,2.994,0.773
0224+671,2005,5,37.2085481097,0.474,67.3508414479,0.176,-0.159
0225+419,2005,1,37.0519475493,0.931,42.2009558601,0.691,0.033
0227-369,2005,2,37.3685380979,0.543,-36.7324543589,0.963,-0.151
0228-163,2005,1,37.7709804409,0.835,-16.1136180472,1.223,0.354
0229+131,2005,64,37.9412252744,0.213,13.3818656598,0.356,-0.056
0230+344,2005,1,38.335084164,0.826,34.714996385,0.773,-0.084
0230-790,2005,9,37.3956108784,3.024,-78.7960005355,0.636,-0.02
0231+045,2005,1,38.5298147167,0.552,4.778635015,0.84,-0.18
0234+285,2005,5,39.4683569383,0.198,28.802497198,0.275,-0.004
0234-301,2005,3,39.1298727564,0.877,-29.8987598117,5.626,0.187
0235+164,2005,68,39.6622087858,0.109,16.6164651709,0.167,-0.099
0235-618,2005,4,39.2218570983,1.109,-61.6042177466,0.592,0.315
0236+420,2005,1,40.0218865798,0.516,42.2729217701,0.543,-0.059
0237-233,2005,2,40.0340624212,12.013,-23.1543693087,1.341,0.861
0238-052,2005,1,40.234053914,1.312,-5.0783909541,1.55,0.189
0239+108,2005,3,40.6215451941,0.21,11.0168690005,0.542,-0.42
0242+131,2005,1,41.1903894655,0.271,13.3353377051,0.499,-0.111
0244+327,2005,1,41.9218014317,0.362,32.9088426669,0.421,-0.073
0245+043,2005,1,42.0617848365,0.716,4.578014787,2.234,-0.299
0248+430,2005,2,42.8939031825,0.285,43.2543970593,0.336,-0.352
0250+178,2005,1,43.395342969,0.39,18.0951443337,0.691,0.422
0250+320,2005,1,43.3902106697,0.407,32.2891362414,0.615,-0.011
0251+235,2005,1,43.6029930546,0.252,23.7240198735,0.403,-0.177
0252-549,2005,6,43.371585046,0.516,-54.6976210245,0.564,-0.106
0254+434,2005,1,44.4961566471,0.444,43.6437965818,0.551,-0.093
0254-334,2005,3,44.1775113374,0.919,-33.2559095264,4.957,0.038
0255-124,2005,1,44.4208546072,0.501,-12.2003828108,1.039,0.29
0256+075,2005,2,44.8628192049,0.325,7.7943452394,0.347,-0.281
0256+192,2005,1,44.8735682118,0.212,19.4289784777,0.454,-0.052
0256-256,2005,1,44.5699805372,0.54,-25.4996642529,1.037,-0.558
0258-170,2005,1,45.3192616968,3.534,-16.8791928298,6.017,0.618
0258-184,2005,1,45.2779811256,15.841,-18.2049430922,16.953,0.828
0300+470,2005,4,45.8968427534,0.36,47.2711875825,0.291,-0.104
0302+625,2005,3,46.6777479211,0.422,62.7172292882,0.134,-0.208
0302-623,2005,7,45.960963975,1.299,-62.1904306023,0.693,0.196
0305+039,2005,2,47.1092658217,0.424,4.1109168452,0.362,-0.23
0306+102,2005,3,47.2650977101,1.676,10.4878717354,2.962,0.066
0307-362,2005,1,47.2604579287,3.764,-36.0677015838,13.386,0.525
0308-611,2005,6,47.4837466461,0.692,-60.9775155484,0.451,0.205
0309+411,2005,3,48.2581755372,0.28,41.3336621739,0.225,-0.009
0310+022,2005,1,48.3058559185,0.26,2.4764725806,0.486,-0.121
0315-006,2005,1,49.5601139028,2.053,-0.4969270148,1.778,0.007
0316+413,2005,5,49.9506720593,1.733,41.5116946766,1.255,-0.077
0317+188,2005,2,49.9635696851,0.138,19.0253587282,0.237,-0.563
0319+121,2005,6,50.4712645715,0.227,12.3538761167,0.557,-0.166
0319+396,2005,1,50.7159596424,0.838,39.8006261446,0.702,-0.153
0319-056,2005,1,50.49946112,0.341,-5.4367874978,0.769,-0.168
0322+222,2005,1,51.4033931358,0.173,22.4001015152,0.279,-0.208
0322-230,2005,1,51.0731339098,3.738,-22.9049820973,13.339,0.236
0322-294,2005,1,51.1845635594,0.978,-29.3058922034,2.517,-0.444
0329-255,2005,1,52.7871685777,0.453,-25.4120206035,0.923,-0.243
0332-403,2005,1,53.5568939586,0.456,-40.1403852267,0.726,-0.152
0333+321,2005,5,54.1254488581,0.194,32.308150098,0.325,-0.036
0333-073,2005,1,53.9877306093,1.475,-7.1655169097,2.701,-0.273
0334+014,2005,1,54.3212842842,3.867,1.6229839203,4.501,0.772
0334-546,2005,4,53.9746866311,1.462,-54.5069763441,1.457,0.222
0336-019,2005,170,54.8789075037,0.17,-1.776612244,0.277,-0.132
0339+683,2005,1,56.1726741111,1.127,68.4632809177,0.395,-0.122
0340+362,2005,1,55.8706350865,0.269,36.3701189381,0.409,-0.051
0340-140,2005,1,55.6874503324,2.809,-13.9143519152,7.097,-0.513
0342+147,2005,2,56.2767355924,0.217,14.8970994812,0.276,0.341
0344+558,2005,1,56.9867202106,0.548,55.9587717201,0.395,0.007
0345+460,2005,1,57.328090004,0.469,46.1665715545,0.391,0.219
0350+465,2005,1,58.6250486717,0.338,46.7218749576,0.327,0.156
0350-253,2005,1,58.0460529297,0.311,-25.2473000242,0.55,-0.195
0352-164,2005,1,58.6042849924,0.858,-16.2729029666,1.779,-0.477
0355+508,2005,8,59.8739472421,0.531,50.9639334055,0.426,-0.075
0355-669,2005,1,58.9495142513,3.073,-66.7593936243,0.968,0.552
0356+278,2005,1,59.866399027,0.294,27.9733454985,0.467,-0.013
0358+040,2005,2,60.3329702879,0.22,4.2262251223,0.318,-0.129
0358+210,2005,1,60.4381920077,0.26,21.1746075796,0.468,-0.465
0358-162,2005,1,60.2776530842,0.337,-16.1108393498,0.688,-0.14
0359-151,2005,1,60.5699481125,0.518,-14.9725015824,1.022,-0.408
0400+258,2005,3,60.7732751853,0.234,26.00041752,0.348,-0.257
0400-319,2005,7,60.5886074668,0.592,-31.7905420988,1.027,0.016
0402-362,2005,77,60.9739579006,0.434,-36.0838647741,0.471,0.542
0403-132,2005,3,61.3916809311,0.305,-13.1371382819,0.575,-0.048
0403-179,2005,1,61.5510189521,0.446,-17.8327576114,1.125,-0.048
0405-123,2005,1,61.9517956736,0.342,-12.1935165123,0.298,0.041
0405-385,2005,12,61.7459807388,0.415,-38.4411228207,0.582,0.096
0406+065,2005,1,62.3576990855,0.302,6.6764158763,0.576,-0.095
0406+121,2005,2,62.3417029822,0.121,12.2944023854,0.266,-0.145
0406-056,2005,1,62.2485422413,0.298,-5.4945957268,0.736,-0.243
0409+229,2005,1,63.1819451729,1.169,23.0848480807,0.778,-0.114
0409+527,2005,1,63.4045277044,0.685,52.8480397617,0.531,0.063
0414-189,2005,3,64.1522685337,0.391,-18.8523165959,0.518,-0.143
0418+437,2005,1,65.4657294773,0.605,43.8695630896,0.586,-0.183
0420+022,2005,1,65.7175621528,0.16,2.324147675,0.41,-0.127
0420+417,2005,2,65.9833742299,0.151,41.8340869085,0.145,0.137
0420-014,2005,2,65.8158364472,0.159,-1.3425182294,0.275,0.042
0422+004,2005,4,66.1951756801,0.18,0.6017582451,0.302,-0.093
0422+079,2005,1,66.2400121392,0.236,8.088145092,0.439,-0.164
0422-380,2005,3,66.1760155027,0.222,-37.9391061068,0.361,0.118
0423+051,2005,2,66.6525174156,0.801,5.3055200287,0.386,0.547
0425-071,2005,2,66.8589977741,0.254,-7.0086863875,0.564,-0.222
0426+273,2005,2,67.4706698457,0.224,27.4105213267,0.244,-0.288
0426+332,2005,1,67.4696724494,0.313,33.3171830656,0.445,-0.082
0426-380,2005,5,67.1684345148,0.442,-37.9387722503,0.7,0.237
0428-042,2005,1,67.867033747,0.474,-4.1075879746,0.945,-0.11
0430+052,2005,1,68.2962314017,0.405,5.3543384904,0.441,-0.069
0430+289,2005,3,68.4076247238,0.193,29.0987439804,0.268,-0.073
0430-163,2005,1,68.1211767152,0.326,-16.2349089591,0.751,-0.251
0434-188,2005,41,69.2561779913,0.325,-18.7468373999,0.685,-0.501
0435+217,2005,1,69.732854789,0.3,21.8861952431,0.491,-0.128
0435-300,2005,1,69.4023707315,0.363,-29.9011447775,0.549,-0.107
0437-454,2005,3,69.7535608532,2.26,-45.3729339487,1.67,0.119
0438-436,2005,10,70.0715829867,0.911,-43.5523901648,1.189,0.254
0445+097,2005,1,72.0905783458,0.235,9.8476279817,0.476,-0.042
0446+112,2005,8,72.2819634084,0.212,11.3579429072,0.34,-0.091
0446-096,2005,1,72.206123964,1.311,-9.592089465,5.765,-0.514
0446-212,2005,1,72.0724247717,0.779,-21.1624557159,1.2,0.445
0447+227,2005,1,72.716435114,0.273,22.8183047738,0.554,0.058
0447-010,2005,1,72.4287751677,0.335,-0.9562104827,0.679,-0.367
0451-282,2005,9,73.3110283343,1.188,-28.1270355189,1.988,0.298
0452+068,2005,1,73.836303743,2.877,6.9274637833,3.968,-0.325
0454+844,2005,17,77.1765144478,2.5,84.5345955546,0.256,-0.057
0454-234,2005,98,74.2632467771,0.328,-23.4144501056,0.419,-0.059
0454-463,2005,2,73.9615528545,2.995,-46.2663006479,1.817,0.272
0454-810,2005,10,72.5226684063,2.934,-81.0172865465,0.479,-0.058
0455-183,2005,1,74.4763553265,0.528,-18.321133579,1.228,0.233
0457+024,2005,2,74.9668778728,0.447,2.4919936481,0.406,0.155
0458+138,2005,2,75.4386284756,0.183,13.9353390419,0.313,0.065
0458-020,2005,113,75.3033744817,0.196,-1.9872933402,0.299,-0.188
0459-139,2005,1,75.4997691483,0.938,-13.9180092632,1.636,0.263
0501-067,2005,1,75.9835512151,9.907,-6.6343306772,17.353,-0.958
0502+049,2005,3,76.3466030176,0.247,4.9952013614,0.292,0.023
0503+216,2005,1,76.6418064282,0.306,21.6833765403,0.52,-0.083
0503+608,2005,1,77.1135620422,6.159,60.9409283792,1.984,-0.658
0503-163,2005,1,76.4881707036,0.743,-16.2661158612,1.517,-0.731
0503-608,2005,1,76.0070871796,3.981,-60.8312612239,1.035,0.642
0506-612,2005,6,76.6832865568,0.863,-61.1613871475,0.484,0.371
0507+179,2005,2,77.5098714369,0.323,18.0115505244,0.257,-0.276
0508-317,2005,1,77.6930881191,0.374,-31.7149804576,0.541,-0.1
0509+205,2005,1,78.1628134069,2.853,20.6285533687,4.13,-0.043
0509+293,2005,1,78.1758586335,0.543,29.4510017015,0.646,0.312
0512-205,2005,1,78.5722800792,0.317,-20.4890330202,0.675,-0.216
0514+074,2005,1,79.234855212,7.419,7.5481208713,13.489,-0.975
0514-156,2005,1,79.2382722845,3.483,-15.6195481679,4.467,0.488
0515-053,2005,2,79.3671271878,0.319,-5.3446796767,0.766,0.068
0515-179,2005,1,79.3501957547,0.915,-17.9400421751,1.742,-0.406
0516-621,2005,4,79.1871923928,1.028,-62.1181638298,0.642,0.512
0518+165,2005,1,80.2911911631,1.219,16.6394593631,2.592,-0.908
0519-176,2005,1,80.348157237,0.583,-17.625053923,1.268,-0.424
0520-165,2005,1,80.6860628877,0.343,-16.4645589269,0.659,0.038
0521-365,2005,2,80.7416027973,0.409,-36.4585697905,0.464,-0.115
0522-611,2005,3,80.6434395865,0.658,-61.1325370753,0.43,0.376
0523-236,2005,1,81.2771067908,0.326,-23.6363368599,0.664,-0.117
0524+034,2005,2,81.8862733247,0.303,3.5254196575,0.805,-0.463
0524-460,2005,3,81.3808340625,2.347,-45.9651901748,1.825,0.016
0524-485,2005,3,81.569463847,1.361,-48.5102198236,3.602,-0.039
0527-053,2005,1,82.473056587,1.329,-5.3282276409,1.668,0.517
0528+134,2005,87,82.735069808,0.124,13.5319860536,0.233,-0.126
0529+483,2005,4,83.3161082468,0.494,48.3813350447,0.435,0.072
0529-031,2005,2,83.0313309165,0.402,-3.1186236804,0.887,0.23
0530-388,2005,1,83.0085944379,1.055,-38.8151005511,2.488,-0.77
0530-727,2005,4,82.3751756495,1.498,-72.7579187563,0.414,-0.095
0532+826,2005,1,85.9118620323,3.698,82.6413252571,0.708,0.184
0534+510,2005,1,84.7283130731,0.56,51.1231672247,0.422,-0.053
0534-340,2005,1,84.1184656966,18.648,-34.0198535766,3.609,0.94
0534-611,2005,4,83.6490521522,1.265,-61.1019648326,0.767,0.567
0537-286,2005,6,84.9761728424,1.035,-28.6655409823,1.567,0.152
0537-441,2005,107,84.7098398587,0.373,-44.0858163281,0.404,0.036
0538+498,2005,2,85.6505747578,0.214,49.8520095655,0.222,-0.556
0539-057,2005,3,85.4086804224,3.454,-5.6970646475,12.009,0.953
0540-092,2005,1,85.732823384,0.429,-9.2252807389,0.892,-0.109
0542-227,2005,2,86.0315310193,0.312,-22.6861075391,0.52,-0.178
0544+273,2005,3,86.8922870074,0.19,27.3657898505,0.356,-0.026
0546+308,2005,1,87.4757541151,2.149,30.9132248603,1.598,0.132
0547+234,2005,1,87.6974620732,0.274,23.4467159435,0.409,-0.398
0547-278,2005,1,87.3847818141,0.842,-27.8774669728,1.743,-0.65
0548+084,2005,2,87.7967895517,0.721,8.4864496176,1.024,0.351
0549+192,2005,1,88.1078541015,0.447,19.2278520417,1.138,-0.472
0549-191,2005,1,87.9802526578,0.635,-19.1558284556,1.127,-0.017
0549-575,2005,4,87.5399174876,1.728,-57.5401099306,1.831,0.248
0551-086,2005,1,88.4245491628,2.434,-8.6671970165,3.459,-0.706
0552+398,2005,148,88.8783567451,0.124,39.8136569863,0.152,-0.149
0554+242,2005,1,89.2696399659,0.159,24.2320274696,0.238,-0.274
0554+343,2005,1,89.5003700775,0.426,34.3134377988,0.698,-0.223
0556+238,2005,71,89.8834713477,0.218,23.8983129813,0.321,-0.127
0556-009,2005,1,89.6849672655,2.24,-0.9185837951,5.327,0.552
0557-182,2005,1,89.9433467043,7.322,-18.2965484062,9.405,0.395
0600+063,2005,1,90.8098149076,2.179,6.3744271598,2.599,0.769
0600+177,2005,2,90.7880428574,0.142,17.7046697142,0.304,-0.203
0601+245,2005,1,91.2296724778,0.185,24.4986212463,0.325,-0.189
0602+673,2005,100,91.9694650291,0.255,67.3487250164,0.134,-0.112
0603+882,2005,1,100.5255881372,30.028,88.1986169656,1.052,0.196
0604-004,2005,1,91.7393481148,3.97,-0.4159507249,10.419,0.385
0604-074,2005,1,91.6814442332,0.244,-7.4083998088,0.478,-0.194
0605-085,2005,3,91.9987468178,0.165,-8.5805494536,0.341,-0.083
0606-272,2005,1,92.188485904,0.634,-27.2863425439,1.259,-0.421
0606-387,2005,1,92.0477549137,3.012,-38.7907268669,9.282,0.533
0607-157,2005,112,92.4206230403,0.185,-15.7112979632,0.29,-0.043
0608-230,2005,1,92.6616150315,1.486,-23.0294002265,2.853,-0.551
0609+607,2005,2,93.5994424488,0.305,60.7727100031,0.146,-0.131
0609-119,2005,1,92.8961055433,1.423,-11.929398235,2.161,-0.189
0610+782,2005,1,94.487229269,1.778,78.2687202892,0.351,0.111
0611+131,2005,4,93.4903865585,0.285,13.1126114313,0.606,-0.321
0612-255,2005,1,93.5717134324,0.372,-25.6148699577,0.608,-0.278
0613-030,2005,1,94.0330900219,0.409,-3.1135688495,0.959,0.15
0614+463,2005,1,94.534182881,0.428,46.3378367359,0.455,0.021
0614-106,2005,1,94.1741979693,0.57,-10.6856832218,0.934,-0.156
0614-219,2005,1,94.2585103515,0.338,-22.0078281328,0.688,-0.344
0614-349,2005,1,94.1498956127,19.143,-34.9378836627,50.486,-0.942
0615+820,2005,2,96.5125296919,3.048,82.0404355933,0.449,-0.716
0615-172,2005,1,94.3892423058,2.525,-17.2569708329,2.824,0.691
0618-284,2005,1,95.1223271721,0.455,-28.460024225,0.891,-0.145
0619+334,2005,1,95.7175909612,0.409,33.4362242403,0.586,-0.227
0620+385,2005,1,95.8705822615,0.332,38.5138353826,0.439,-0.05
0620+389,2005,3,96.0792555157,0.188,38.946871071,0.188,-0.075
0620-011,2005,1,95.7414277201,1.434,-1.1575316184,4.191,0.157
0621-010,2005,1,96.0070230475,2.623,-1.0578137672,9.117,0.729
0625+286,2005,1,97.2096632955,1.192,28.5973406703,1.038,0.425
0626-280,2005,2,97.1803289269,0.471,-28.0887196444,0.869,-0.254
0627+814,2005,1,99.4307636025,40.41,81.4243626312,3.163,0.459
0627-050,2005,1,97.4792958188,1.304,-5.0833554121,1.941,0.058
0629-141,2005,1,97.8342761838,0.242,-14.1754834904,0.47,-0.098
0629-418,2005,3,97.7999919375,1.183,-41.907484601,5.512,-0.494
0630+367,2005,1,98.393381992,2.906,36.7138171554,1.701,0.34
0630-261,2005,1,98.0270910175,0.821,-26.2372359089,1.769,-0.441
0632-235,2005,1,98.7458368509,0.386,-23.5866556357,0.787,-0.317
0633-211,2005,1,99.0025072115,0.351,-21.2200568734,0.612,-0.107
0633-263,2005,1,98.8371223597,0.921,-26.3444104237,1.807,-0.494
0634-057,2005,1,99.2013736061,0.2,-5.7854289136,0.445,-0.085
0636+680,2005,2,100.5177388334,0.722,67.9765613821,0.264,-0.237
0637-216,2005,1,99.8696864981,6.223,-21.6993908096,15.193,-0.439
0637-337,2005,1,99.837102572,2.709,-33.7666992898,1.423,0.087
0637-752,2005,32,98.9437828979,2.066,-75.2713375706,0.297,-0.283
0638+528,2005,1,100.6159242498,0.637,52.7997975524,0.507,-0.061
0639+098,2005,1,100.4383130536,17.928,9.7845488757,24.225,-0.933
0639+115,2005,1,100.604234443,4.128,11.4758102226,3.387,-0.115
0639+352,2005,1,100.742248816,0.597,35.1551052372,0.986,-0.044
0639-032,2005,1,100.4630538838,0.219,-3.3468282582,0.45,-0.227
0640+074,2005,1,100.8419726793,0.943,7.4145664804,1.345,0.33
0640+090,2005,1,100.8601895458,1.946,8.9605589293,1.693,-0.466
0641-135,2005,1,100.8848404619,0.328,-13.5971890037,0.773,-0.31
0642+449,2005,122,101.6334416827,0.127,44.8546083801,0.142,-0.144
0643+057,2005,1,101.4469839625,0.972,5.6895497601,1.787,0.41
0644-390,2005,1,101.6288285503,2.814,-39.0608774256,7.851,0.695
0645-160,2005,1,101.8748629503,0.291,-16.0909322823,0.587,-0.278
0646+563,2005,1,102.700794879,0.745,56.2762477684,0.59,0.042
0646-176,2005,1,102.1187430772,0.275,-17.7348467943,0.547,-0.143
0646-306,2005,1,102.0587349729,2.517,-30.7387952643,1.248,0.189
0647+040,2005,1,102.6588912995,0.469,3.9690095053,0.795,0.103
0648-086,2005,1,102.688230489,0.545,-8.6667178309,1.143,-0.139
0648-165,2005,6,102.6024243601,0.642,-16.6277016447,1.22,0.133
0649-209,2005,1,102.9921669231,0.128,-21.019976422,0.233,-0.167
0650+052,2005,1,103.3645152759,2.146,5.1475158788,1.913,0.745
0650+507,2005,1,103.5920545144,0.545,50.706630927,0.413,-0.093
0650-063,2005,1,103.2524891601,0.268,-6.4257519811,0.635,-0.373
0651-194,2005,1,103.4908562551,0.369,-19.4943552296,0.804,-0.352
0654+244,2005,1,104.2736481716,0.254,24.3987205498,0.445,-0.113
0656+082,2005,69,104.8249835228,0.289,8.2252649002,0.68,-0.545
0657+172,2005,2,105.0063560393,0.149,17.1560284623,0.293,-0.236
0657-276,2005,1,104.9579885975,0.451,-27.7551450038,0.743,-0.128
0700-197,2005,1,105.6787522117,0.277,-19.8561227844,0.53,-0.157
0700-286,2005,1,105.6683436077,0.547,-28.6972372393,1.275,-0.479
0701-130,2005,1,106.0259849862,1.412,-13.1228663767,2.296,0.145
0705+377,2005,1,107.2884275704,0.416,37.6314389584,0.462,0.014
0707+476,2005,1,107.6921037114,0.18,47.5364285196,0.211,0.069
0707-028,2005,1,107.4377285524,0.262,-2.9215289386,0.52,-0.141
0708+506,2005,1,108.1820155113,0.425,50.5563075518,0.37,0.028
0708-204,2005,1,107.694261628,3.256,-20.5566536623,4.921,0.132
0710+439,2005,2,108.409017256,0.243,43.8214469127,0.406,0.221
0716+714,2005,6,110.4727020018,0.834,71.3434340173,0.352,0.007
0716-181,2005,1,109.5589914158,0.382,-18.2177936227,0.722,0.218
0718+157,2005,1,110.2600574698,0.408,15.6786025911,0.943,-0.309
0718+792,2005,116,111.548896893,0.912,79.1919489687,0.157,-0.018
0721-071,2005,1,111.0720525733,0.281,-7.2556531632,0.679,-0.367
0722+145,2005,5,111.3200323814,0.152,14.420485342,0.239,-0.21
0723+067,2005,1,111.6515179302,0.453,6.6119013303,0.88,-0.123
0723+679,2005,1,112.0454008994,0.971,67.8130645984,0.338,0.09
0723-265,2005,2,111.3517200339,0.474,-26.675745818,0.871,-0.318
0725+219,2005,1,112.0858680026,0.202,21.8851083684,0.369,-0.116
0727-115,2005,168,112.5796353209,0.178,-11.6868334657,0.304,-0.05
0729+146,2005,1,112.9958215084,0.475,14.5601372106,0.721,-0.214
0730+504,2005,4,113.4688356994,0.53,50.3691833231,0.434,0.08
0733-174,2005,3,113.94088542,1.407,-17.5968065085,1.615,0.142
0734-044,2005,1,114.1401116821,3.515,-4.553293604,5.934,-0.053
0734-072,2005,1,114.2797219843,1.077,-7.3438998345,1.277,0.218
0735+178,2005,3,114.5308073655,0.236,17.7052774465,0.338,-0.176
0736+017,2005,2,114.8251412786,0.127,1.6179493834,0.233,0.05
0737+289,2005,1,115.1397662558,0.531,28.8797890633,0.798,-0.154
0738+313,2005,2,115.2945971302,0.412,31.2000639778,0.57,-0.099
0738+491,2005,2,115.5114540881,0.201,49.0043362308,0.286,-0.018
0738-674,2005,3,114.7354009652,0.847,-67.5974517574,0.426,0.293
0740-383,2005,1,115.6750357571,7.0,-38.48446624,14.214,0.678
0741+214,2005,1,116.1969862703,0.353,21.3334518376,0.697,-0.063
0741-045,2005,1,115.9683611264,0.298,-4.6723716487,0.764,-0.333
0741-379,2005,1,115.9367637541,2.714,-38.0656362784,8.69,0.583
0742+333,2005,1,116.4971843633,0.558,33.2261485935,0.856,0.148
0743+259,2005,140,116.6078090888,0.126,25.8172596921,0.192,-0.108
0743-673,2005,5,115.8817144554,1.897,-67.4404295271,0.661,0.398
0745+241,2005,4,117.1504552986,0.279,24.0066969989,0.444,-0.105
0745-165,2005,1,117.0128482016,0.269,-16.663959682,0.53,-0.161
0746+483,2005,1,117.5851514601,0.587,48.2482099641,0.472,0.284
0746+688,2005,1,117.9416030658,3.092,68.6741198415,0.812,0.491
0748+019,2005,1,117.7595049425,0.703,1.8710410552,1.174,-0.162
0748+126,2005,6,117.7168571929,0.139,12.5180079785,0.314,-0.033
0748-069,2005,1,117.6964511489,0.685,-7.1011216488,1.216,-0.138
0749+540,2005,74,118.2557690336,0.153,53.883232544,0.13,0.005
0754+100,2005,3,119.2776789354,0.212,9.9430146247,0.338,0.094
0754-155,2005,1,119.2112454029,0.341,-15.7015118447,0.727,-0.434
0757+441,2005,1,120.2844829179,0.451,44.0194860538,0.456,-0.084
0758-229,2005,1,120.0532959976,0.556,-23.0473692318,1.322,-0.052
0758-398,2005,1,120.1011285193,2.213,-39.9882313897,6.616,0.68
0759+183,2005,1,120.7001333,0.175,18.1636804892,0.317,-0.24
0800+618,2005,1,121.3257504675,0.95,61.7399173196,0.427,0.256
0801-079,2005,1,120.9137788333,0.68,-8.0892784067,1.039,0.08
0802+115,2005,1,121.2854387285,0.522,11.365883326,0.933,-0.532
0802-170,2005,1,121.1404181986,9.057,-17.2011663943,18.572,0.945
0804+499,2005,72,122.1652762418,0.23,49.8434807395,0.217,-0.187
0804-172,2005,1,121.6040234415,1.123,-17.4123158701,1.865,-0.168
0805+410,2005,60,122.2360501497,0.219,40.8791358386,0.249,-0.001
0806+524,2005,1,122.4549457797,1.969,52.3161800296,1.136,0.494
0807+103,2005,1,122.6100980845,5.166,10.1780529003,4.248,0.645
0808+019,2005,9,122.8612805117,0.208,1.7811721252,0.352,-0.261
0811-179,2005,1,123.5329242029,6.742,-18.1072356325,7.596,0.198
0812+367,2005,2,123.8581035492,0.14,36.587541325,0.186,-0.124
0814+240,2005,1,124.2939490845,0.742,23.8733193916,0.755,-0.232
0815-094,2005,1,124.4572890804,0.421,-9.5584802289,0.909,-0.382
0815-294,2005,1,124.4952082362,0.577,-29.6087298738,0.963,-0.213
0816+279,2005,1,124.8285636121,0.383,27.7918560588,0.617,-0.2
0817-063,2005,1,124.902698218,0.975,-6.5133802538,2.399,0.142
0818-128,2005,3,125.2393649663,0.276,-12.98310252,0.38,-0.156
0820+560,2005,2,126.1968181195,0.318,55.8785192186,0.151,-0.164
0821+248,2005,1,126.1375387569,0.271,24.6453099974,0.476,-0.145
0821+394,2005,5,126.2311824153,0.291,39.2783061826,0.33,0.056
0821-094,2005,1,125.9667637117,1.647,-9.6571993198,2.998,-0.04
0821-182,2005,1,126.0169422289,0.391,-18.4613472539,0.76,-0.155
0822+086,2005,1,126.2698992356,0.769,8.5197454427,0.959,-0.173
0822-243,2005,1,126.2052511278,1.294,-24.4812636527,3.298,0.052
0823+033,2005,91,126.4597431508,0.164,3.1568111766,0.365,-0.083
0823-500,2005,1,126.3619548479,10.098,-50.1773559801,8.611,-0.774
0826-373,2005,8,127.0199178726,1.059,-37.5184112814,1.723,0.405
0827+243,2005,3,127.7170258551,0.196,24.1832834515,0.314,0.093
0828+493,2005,2,128.0967364421,0.337,49.2225105795,0.269,-0.234
0829+046,2005,6,127.9536542242,0.311,4.4941902501,0.427,0.033
0830+160,2005,1,128.205821402,0.3,15.9023946785,0.575,-0.184
0831+557,2005,2,128.7287654016,0.586,55.5725194113,0.285,0.393
0833+585,2005,2,129.3433737697,0.474,58.4171791385,0.242,-0.133
0834+250,2005,1,129.4176902938,0.265,24.9064227891,0.403,-0.355
0834-201,2005,3,129.1633970399,0.851,-20.2831957949,1.406,-0.013
0836+710,2005,2,130.3515219073,1.06,70.8950479969,0.3,-0.69
0838+133,2005,1,130.1982850627,0.213,13.2065456279,0.456,-0.388
0839+187,2005,3,130.5212257827,0.242,18.5947198663,0.568,-0.055
0844+387,2005,1,131.8132029848,1.043,38.5194405964,0.858,-0.036
0844-177,2005,2,131.7965419496,1.412,-17.9139266472,2.437,0.42
0844-259,2005,1,131.7359014364,1.238,-26.130740888,2.421,0.615
0845-068,2005,1,131.9864049542,0.289,-7.0546963105,0.684,-0.433
0846+513,2005,1,132.4915716683,0.566,51.141396612,0.397,0.09
0850+581,2005,3,133.6749848445,0.379,57.9583164198,0.249,-0.527
0850-152,2005,1,133.1285282543,0.556,-15.469023387,1.033,-0.241
0851+075,2005,1,133.645985115,0.293,7.3400336051,0.552,-0.024
0851+202,2005,99,133.7036455153,0.108,20.1085114323,0.177,-0.069
0851+719,2005,1,134.2286216652,9.846,71.7733073073,1.558,-0.359
0852-254,2005,1,133.6340827039,0.598,-25.6724532482,1.264,0.206
0854-108,2005,1,134.1741833372,0.221,-11.0873415422,0.436,-0.155
0855+142,2005,1,134.6733348198,0.734,14.0945478253,1.94,-0.373
0857+413,2005,1,135.0893063302,0.399,41.1397183477,0.467,-0.135
0858+050,2005,1,135.2994351411,0.256,4.816342003,0.456,-0.112
0858+542,2005,1,135.5803626993,0.852,54.0492369121,0.652,0.021
0858-125,2005,1,135.1656921488,2.088,-12.7090599373,3.908,-0.189
0859+470,2005,4,135.7666258985,0.453,46.8511489565,0.355,0.005
0859-140,2005,5,135.5701289667,0.272,-14.2585769353,0.431,0.11
0900-171,2005,1,135.7500822632,0.401,-17.3514556204,0.693,-0.283
0901-310,2005,1,135.9080644345,2.282,-31.2941945338,4.894,0.689
0904-201,2005,1,136.7137714819,0.286,-20.3318906862,0.487,-0.101
0905-202,2005,1,136.9751680346,0.434,-20.4470774361,0.791,-0.433
0906+015,2005,1,137.2920480459,0.199,1.3598932773,0.422,-0.097
0906+087,2005,2,137.3006564809,0.429,8.5947497259,0.753,-0.223
0907-023,2005,1,137.4371851705,1.372,-2.5250977645,2.381,0.496
0907-179,2005,1,137.4385832451,1.193,-18.1427659681,2.896,-0.701
0909+445,2005,1,138.2130385229,7.01,44.3679567746,2.882,-0.599
0910-276,2005,1,138.1316089318,5.755,-27.8714570033,7.854,0.367
0912+029,2005,2,138.6579728955,0.098,2.7664578239,0.188,-0.052
0912+297,2005,3,138.9683405632,0.491,29.5566786851,0.676,0.031
0913-042,2005,1,138.906990807,1.744,-4.4878596981,1.694,0.264
0915-135,2005,2,139.4125024553,0.386,-13.7617340148,0.733,-0.412
0917+449,2005,5,140.2435768646,0.327,44.6983293136,0.373,-0.076
0917+624,2005,4,140.4009629771,0.593,62.2644943334,0.326,-0.136
0919-052,2005,1,140.5986370687,0.237,-5.4853289385,0.499,-0.041
0919-260,2005,8,140.3723071725,0.261,-26.312052681,0.487,-0.072
0920+313,2005,1,140.9497873549,1.146,31.1317072384,1.157,-0.53
0920+390,2005,2,140.8102206157,0.241,38.8277527887,0.148,-0.114
0920-397,2005,2,140.6934095797,0.241,-39.9930745682,0.374,-0.157
0921+454,2005,1,141.1874752627,1.297,45.1994205364,0.706,0.057
0922+364,2005,1,141.466048976,0.379,36.2099102587,0.399,0.043
0923+171,2005,1,141.458184741,1.448,16.9700560779,2.365,-0.184
0923+392,2005,128,141.7625580167,0.123,39.0391255354,0.161,-0.071
0925-203,2005,3,141.9659348122,0.872,-20.5808980689,1.336,-0.144
0928+653,2005,1,143.2274069823,1.161,65.1281371852,0.772,-0.263
0928-100,2005,1,142.761302517,1.457,-10.2236171782,3.197,0.607
0930+396,2005,1,143.5277932937,1.029,39.4422593483,1.43,0.352
0930-080,2005,1,143.3212306105,0.331,-8.3196826807,0.665,-0.189
0930-200,2005,1,143.0816126626,1.063,-20.2770015004,2.144,-0.102
0932+197,2005,1,143.8717472742,0.728,19.4930708203,1.546,-0.673
0932-194,2005,1,143.8150615079,5.695,-19.6524365423,8.293,-0.812
0936-069,2005,1,144.7337662227,0.313,-7.1335073523,0.542,-0.188
0938-133,2005,1,145.2606225475,0.315,-13.597498038,0.492,-0.175
0939-077,2005,1,145.5894221288,0.341,-7.9981131397,0.755,-0.478
0940+364,2005,1,145.829807747,0.419,36.2477984561,0.495,0.014
0942+505,2005,1,146.5668544068,0.686,50.3359294304,0.779,0.004
0943+593,2005,1,146.770273872,0.878,59.128188251,0.644,-0.257
0943-016,2005,1,146.4334884697,0.318,-1.8844322427,0.771,-0.027
0945+408,2005,3,147.2305757521,0.344,40.6623852785,0.491,-0.156
0945-287,2005,1,147.0480994512,8.886,-29.0289387076,12.867,0.715
0949+354,2005,2,148.1334425067,0.238,35.2145566578,0.297,-0.071
0949+510,2005,1,148.1137873943,8.192,50.8140648102,8.915,-0.581
0951+175,2005,1,148.4967938485,5.022,17.3490667302,7.532,0.384
0951+488,2005,1,148.7708404549,1.012,48.6386230575,0.71,-0.035
0951+693,2005,3,148.8882215358,0.9,69.065294763,0.285,0.595
0952+179,2005,1,148.736765159,0.321,17.725339274,0.507,-0.46
0953+254,2005,72,149.2078142522,0.425,25.2544584619,0.428,0.479
0954+658,2005,5,149.6968543526,0.636,65.5652272614,0.204,-0.126
0954-135,2005,2,149.3257619867,0.306,-13.8336612369,0.583,-0.091
0955+326,2005,3,149.5872901574,0.273,32.4006138488,0.345,-0.159
0955+476,2005,130,149.5819651251,0.137,47.4188451414,0.14,-0.002
0956-359,2005,1,149.6287236894,2.448,-36.2113236141,6.223,0.625
0959+127,2005,1,150.6272342144,4.007,12.5359813109,6.635,0.763
1004+141,2005,3,151.9229083228,0.363,13.941555916,0.374,-0.191
1004-125,2005,1,151.8134482244,0.396,-12.7961106081,0.8,-0.364
1004-500,2005,3,151.5583721734,0.743,-50.3037420057,0.832,0.343
1007+066,2005,1,152.4575321937,1.187,6.3669378881,1.718,-0.168
1008+013,2005,1,152.8151639162,0.661,1.1118093713,1.859,-0.754
1008-285,2005,1,152.77298856,0.481,-28.7945625122,0.714,-0.229
1010-374,2005,1,153.100314524,4.383,-37.6682882558,10.388,0.77
1011+250,2005,2,153.4726198812,0.132,24.8212335724,0.164,0.332
1012+232,2005,4,153.6961060313,0.269,23.0212696168,0.299,0.068
1012-448,2005,2,153.7098130836,2.209,-45.1447648924,2.265,0.104
1013+014,2005,1,153.9877303061,0.481,1.1538182819,0.715,0.202
1015+359,2005,4,154.5457839155,0.351,35.7109555067,0.386,0.092
1016-311,2005,1,154.6198057924,2.545,-31.3982926464,1.371,-0.071
1017+436,2005,1,155.1133458814,0.616,43.3489818743,0.511,0.223
1020+400,2005,2,155.7981903133,0.333,39.8042739435,0.445,-0.06
1020-097,2005,1,155.7396545912,1.524,-9.9729465166,2.715,-0.732
1022+194,2005,2,156.1867067074,0.223,19.2056709352,0.392,0.138
1022+237,2005,1,156.2234895665,0.293,23.5427662911,0.447,-0.127
1022-665,2005,7,155.9313881684,0.946,-66.780199516,0.495,0.292
1023+747,2005,1,156.8506181188,1.722,74.4739165853,0.473,0.051
1023-049,2005,1,156.4392620232,0.828,-5.1650386834,1.559,-0.452
1025+242,2005,1,157.0885816505,0.554,24.0227122576,1.213,-0.051
1029-041,2005,1,157.9791750515,0.398,-4.3980196342,0.739,0.495
1029-137,2005,1,158.0259446684,2.47,-14.0054096357,3.378,0.406
1030+074,2005,2,158.391767934,0.403,7.1905968979,0.55,0.474
1030+415,2005,3,158.2654494263,0.207,41.2683981547,0.281,0.113
1032-199,2005,8,158.758980437,1.041,-20.1928777429,1.558,0.201
1034-293,2005,49,159.3169989335,0.296,-29.5674479176,0.451,0.325
1034-374,2005,5,159.2226651906,0.679,-37.7375190702,1.087,0.056
1035+046,2005,1,159.4139149022,0.348,4.4004834229,0.646,0.261
1035+430,2005,1,159.5757957095,0.589,42.7452115594,0.478,-0.19
1036+054,2005,3,159.6949158974,0.206,5.2080791816,0.446,-0.027
1038+064,2005,4,160.3215103872,0.129,6.1713677538,0.283,-0.103
1038+212,2005,1,160.3629283791,2.71,21.028182045,1.901,0.518
1038+528,2005,2,160.4449240437,0.343,52.5578419297,0.221,0.372
1039+811,2005,3,161.0960937071,0.757,80.9109564224,0.129,-0.148
1040+123,2005,1,160.6858552909,0.508,12.0586842538,0.325,-0.129
1042+178,2005,1,161.3098320517,0.266,17.5966890116,0.57,-0.1
1044+007,2005,1,161.7785993552,4.938,0.4936319882,3.798,0.222
1044+719,2005,81,162.1150829262,0.289,71.7266496071,0.094,0.038
1045-188,2005,5,162.0275857251,0.412,-19.1599240701,0.478,0.049
1048-313,2005,3,162.769906675,1.102,-31.6373075644,1.085,0.028
1049+215,2005,3,162.9532878528,0.232,21.331198357,0.236,0.088
1053+704,2005,2,164.2234063101,0.504,70.196087678,0.213,-0.191
1053+815,2005,96,164.5480644805,1.183,81.2424098167,0.183,0.126
1055+018,2005,1,164.6233550198,0.134,1.5663398244,0.252,0.004
1055-301,2005,4,164.501781136,0.99,-30.4152848223,4.406,0.209
1057-797,2005,60,164.6804573499,1.48,-80.0650443402,0.283,0.143
1059+229,2005,1,165.5131034876,0.473,22.6989229403,0.639,-0.325
1101+384,2005,42,166.1138080833,0.346,38.2088330835,0.384,-0.065
1101-325,2005,2,165.8813602103,1.13,-32.8546374738,1.495,0.103
1101-536,2005,3,165.9675903747,0.689,-53.9501936886,0.685,0.285
1102-392,2005,1,166.2961754502,1.756,-39.4783727304,4.927,0.66
1103+284,2005,1,166.5302575405,0.283,28.2130729556,0.412,0.09
1104+525,2005,1,166.857614804,0.883,52.3254538206,0.603,0.081
1104-445,2005,3,166.7862255585,0.637,-44.8187821878,1.256,0.07
1105-680,2005,4,166.8028951075,2.162,-68.3474243777,1.219,0.52
1106+023,2005,1,167.1895354328,3.26,2.0446941443,4.067,0.53
1106+084,2005,1,167.156241892,1.828,8.1837758366,4.881,-0.939
1109+076,2005,1,168.0398273117,0.238,7.4136424997,0.432,-0.013
1109+350,2005,1,168.1615397789,0.421,34.7775301133,0.486,-0.134
1111+149,2005,2,168.4945629621,0.535,14.7074868014,0.305,0.281
1113-307,2005,1,168.9950557022,4.654,-30.9909570189,7.772,0.763
1116+128,2005,8,169.7387554502,0.214,12.5782558128,0.401,-0.138
1116-462,2005,3,169.6123243869,2.915,-46.5708336312,1.673,0.016
1119-044,2005,1,170.4296437384,3.236,-4.7100428729,6.046,0.779
1119-069,2005,1,170.425510554,0.371,-7.185096811,0.64,-0.135
1120-274,2005,1,170.7350433651,1.557,-27.7134611518,3.547,0.66
1121-147,2005,1,171.0106889688,0.926,-15.0330424891,1.435,0.38
1123+264,2005,2,171.473800248,0.205,26.1722164014,0.229,-0.045
1124+067,2005,1,171.7214408445,0.57,6.4324824389,0.744,-0.121
1124-056,2005,1,171.739680626,3.867,-5.9313312603,10.264,0.066
1124-186,2005,96,171.7683019013,0.22,-18.9548448924,0.305,0.058
1124-382,2005,1,171.6838877935,1.649,-38.478904791,4.415,0.623
1127-145,2005,5,172.5293854683,1.093,-14.8242744543,2.237,0.19
1127-368,2005,1,172.4824285436,3.384,-37.1326060445,8.782,0.703
1128+385,2005,70,172.722010882,0.139,38.2551519633,0.151,0.059
1129-580,2005,4,172.9303667485,1.204,-58.3148454091,0.532,0.149
1130+005,2005,1,173.2626253089,0.253,0.2636047509,0.449,0.032
1130+009,2005,2,173.3335658329,0.177,0.6813437712,0.282,-0.177
1132-306,2005,1,173.8365679965,3.246,-30.9416453749,8.017,0.757
1133+344,2005,1,174.1139346083,0.358,34.1276340182,0.39,-0.023
1133-041,2005,1,173.9926456913,0.253,-4.4744150027,0.408,-0.054
1137-272,2005,1,175.044155941,2.835,-27.5112920109,8.726,0.674
1139+160,2005,1,175.5322313076,0.638,15.7983815866,1.141,-0.442
1141+011,2005,1,176.0363069149,0.683,0.9100921403,1.052,-0.143
1143-245,2005,3,176.5337634177,1.736,-24.7924714047,1.653,0.249
1143-287,2005,4,176.6091192493,0.991,-28.9884739176,3.828,0.347
1143-696,2005,2,176.4734335331,2.005,-69.9004990872,1.911,0.234
1144+402,2005,6,176.7429077364,0.272,39.9761954535,0.264,-0.059
1144-379,2005,26,176.7557112593,0.329,-38.2030620473,0.424,-0.042
1145-005,2005,1,177.0299652204,1.647,-0.7793542028,3.253,-0.723
1145-071,2005,3,176.9648083751,0.163,-7.4114281917,0.354,-0.026
1146+286,2005,1,177.2871075882,0.325,28.4096923091,0.407,0.019
1147+067,2005,1,177.6363694619,0.396,6.5081705721,0.656,-0.112
1147+245,2005,2,177.5800507311,0.274,24.298287601,0.442,-0.339
1147-063,2005,1,177.599943979,0.302,-6.6740475961,0.569,-0.24
1148-671,2005,1,177.8059438969,1.387,-67.4697480974,0.767,-0.046
1150+334,2005,1,178.216292156,0.384,33.1218796058,0.75,-0.032
1150+497,2005,2,178.3519443613,0.206,49.5191195262,0.194,0.109
1150+812,2005,6,178.3020798276,0.873,80.9747651509,0.144,-0.08
1150-050,2005,1,178.2312142427,1.024,-5.3301496421,1.445,-0.025
1153-100,2005,1,178.9397948687,1.848,-10.2978506599,3.125,0.304
1155+251,2005,3,179.6074480833,0.492,24.8383235958,0.614,-0.042
1156+101,2005,1,179.7994441038,4.076,9.9130491997,3.502,0.344
1156+295,2005,109,179.8826413132,0.209,29.2455074495,0.31,0.022
1156-663,2005,1,179.8262721831,1.592,-66.5942844088,2.504,-0.322
1157+532,2005,1,180.0474355867,2.736,53.0130223721,1.449,-0.668
1158+007,2005,1,180.3468770017,0.528,0.4745291291,1.284,-0.607
1159+148,2005,1,180.4344535525,0.21,14.5267909064,0.353,0.002
1204-267,2005,1,181.868133726,1.392,-27.0528025827,2.261,-0.587
1205+011,2005,1,182.1402251432,1.869,0.9060863143,3.024,-0.285
1213+350,2005,2,183.9816710361,0.308,34.8042279669,0.538,0.227
1213-172,2005,5,183.9447988967,1.094,-17.5292783252,2.355,0.268
1215+303,2005,2,184.4670075896,0.167,30.116844491,0.237,0.151
1216+487,2005,2,184.7767280486,0.318,48.4989347039,0.231,-0.013
1217+662,2005,1,184.8991365363,3.715,66.0088453329,1.184,0.447
1219+044,2005,37,185.5939566184,0.186,4.2210489891,0.37,-0.045
1219+285,2005,2,185.3820437008,0.296,28.2329167195,0.438,-0.111
1221+809,2005,3,185.9187236018,1.63,80.6678723347,0.235,0.248
1222+131,2005,2,186.2655971868,0.132,12.886983144,0.262,0.28
1222+216,2005,2,186.2269097509,0.28,21.3795522853,0.496,-0.216
1224+439,2005,1,186.7412721164,3.538,43.6828979761,6.255,-0.77
1224-132,2005,1,186.7267446846,0.391,-13.4774961374,0.863,-0.197
1225+028,2005,1,187.0802360948,0.286,2.5414974287,0.546,-0.048
1225+498,2005,1,186.9821853842,0.554,49.5489000116,0.51,0.072
1226+023,2005,4,187.2779191548,1.41,2.052389578,1.772,0.774
1226+373,2005,2,187.1975986808,0.231,37.1033599575,0.306,-0.127
1228+126,2005,98,187.7059307853,0.237,12.3911233502,0.387,-0.189
1229-099,2005,1,188.0660822461,0.937,-10.2569935364,1.598,-0.118
1235+208,2005,1,189.4857955296,0.625,20.5719020404,0.692,0.477
1236+077,2005,2,189.8524513472,0.167,7.5047748755,0.281,0.018
1237-101,2005,2,189.9294227974,0.237,-10.3913035192,0.24,0.303
1240+381,2005,2,190.7140383319,0.266,37.850007039,0.155,0.373
1241+176,2005,1,191.0451020411,5.688,17.3512535042,6.823,-0.889
1241-262,2005,1,191.0610080184,0.466,-26.5569480291,0.771,0.073
1243-072,2005,1,191.5176322213,2.579,-7.5129371211,2.033,-0.079
1244-255,2005,6,191.6950081711,0.371,-25.7970251862,0.518,0.067
1245-457,2005,4,192.118729732,0.922,-45.9964386196,1.795,0.348
1247+025,2005,1,192.6357537665,0.247,2.2756024028,0.449,-0.006
1247+139,2005,1,192.6175749013,1.724,13.7278826689,2.656,-0.234
1247+166,2005,1,192.5384464812,1.4,16.3559598739,1.331,0.006
1248-170,2005,1,192.8103128456,0.352,-17.2869905289,0.622,-0.104
1251-130,2005,1,193.6311179071,0.53,-13.2878396811,1.38,0.372
1251-713,2005,3,193.7496731619,1.069,-71.6384546546,0.41,-0.018
1252+028,2005,1,193.6894423687,0.683,2.5580420607,1.141,0.218
1252+119,2005,2,193.6593983218,0.247,11.6849708934,0.324,-0.124
1253-216,2005,1,194.106297752,2.567,-21.9225410776,4.223,-0.629
1255-316,2005,33,194.4960866864,0.316,-31.9213477268,0.492,0.395
1256-220,2005,1,194.7269947267,0.35,-22.3253122634,0.737,0.118
1257+145,2005,3,195.0871617346,0.296,14.2884809993,0.322,-0.234
1257-326,2005,1,195.1767751165,0.268,-32.8866985332,0.574,0.179
1258+087,2005,1,195.1518278613,0.362,8.4674613711,0.798,-0.26
1258+145,2005,1,195.1709871223,1.714,14.2915041711,2.364,-0.244
1259+468,2005,1,195.385861934,0.592,46.5674826429,0.548,0.058
1300+580,2005,132,195.7186052977,0.191,57.8104470332,0.123,0.028
1306-395,2005,1,197.4520346303,0.46,-39.8091882294,0.912,0.094
1307+121,2005,2,197.3913850801,0.297,11.9068203792,0.539,0.252
1308+326,2005,147,197.6194327315,0.181,32.3454952563,0.224,-0.064
1308+328,2005,3,197.7475113764,0.313,32.5595693547,0.523,0.152
1308+554,2005,1,197.7633781872,0.674,55.2317564565,0.538,-0.615
1312+126,2005,1,198.7577215202,0.744,12.3479529187,1.508,-0.767
1313-333,2005,2,199.033274801,0.272,-33.6497701467,0.32,-0.07
1315+346,2005,2,199.4020590852,0.235,34.4210924956,0.326,-0.268
1315+415,2005,1,199.4133078344,2.195,41.2626713929,2.319,0.515
1316-123,2005,1,199.8819560964,0.386,-12.656965019,0.671,-0.032
1317-005,2005,1,199.9115256932,0.235,-0.8277605844,0.654,0.09
1320+394,2005,1,200.7319351565,0.498,39.2022077286,0.587,0.253
1324+224,2005,7,201.7535887017,0.275,22.1806004958,0.398,-0.007
1325+126,2005,1,201.9778451857,0.187,12.3858814194,0.421,0.057
1325-558,2005,5,202.2547705524,1.049,-56.1340737955,0.746,0.047
1328-034,2005,1,202.8715056982,0.359,-3.6872538669,0.715,0.009
1328-263,2005,1,202.7987196323,1.244,-26.6526700324,3.158,-0.571
1329-126,2005,1,203.1635462068,0.574,-12.9375977593,1.049,0.238
1329-137,2005,1,203.1288648633,9.858,-14.0369963249,11.215,0.69
1333-186,2005,1,204.143305202,0.406,-18.8782448288,0.698,0.178
1334-127,2005,146,204.4157615935,0.193,-12.9568592249,0.305,-0.04
1341-171,2005,1,206.0600088872,0.432,-17.3945572932,0.59,0.013
1342+662,2005,2,205.9414979809,0.591,66.0404847585,0.279,-0.022
1342+663,2005,2,206.0361651157,0.609,66.1032344564,0.241,0.052
1343+073,2005,1,206.4554779112,0.512,7.1086441731,0.903,0.192
1343+451,2005,1,206.3882209284,0.465,44.8832140588,0.386,-0.079
1347+539,2005,2,207.3944026689,0.42,53.6880668753,0.429,0.223
1347-163,2005,1,207.6506017756,8.209,-16.5804207996,7.187,0.893
1349-275,2005,1,208.1168573729,1.265,-27.7519836623,3.062,-0.443
1349-439,2005,3,208.2355622692,2.197,-44.211218533,1.78,0.065
1351+021,2005,1,208.4649346996,1.549,1.8649697274,2.778,0.737
1351-018,2005,60,208.5287304961,0.184,-2.1008861304,0.412,-0.071
1352-104,2005,2,208.6938272232,2.22,-10.6840708209,2.629,0.405
1353-171,2005,1,209.0289694856,2.116,-17.4088435764,4.137,-0.047
1354+195,2005,3,209.2684855624,0.141,19.3187152941,0.199,0.226
1354-107,2005,1,209.1951340705,2.997,-11.0247864718,2.528,0.726
1354-152,2005,2,209.2968533189,0.445,-15.457995709,0.805,-0.012
1354-174,2005,3,209.2753090036,1.088,-17.7338628181,1.528,-0.265
1355+115,2005,1,209.5934151275,0.409,11.3258105134,0.695,-0.122
1356+478,2005,1,209.6694457243,0.717,47.6328632824,0.55,-0.017
1357+769,2005,134,209.4807147285,0.468,76.7225141644,0.104,-0.007
1357-187,2005,1,210.0161073999,0.229,-18.969746623,0.509,0.156
1402+044,2005,2,211.2546659579,0.481,4.2599499469,0.436,-0.209
1402+077,2005,1,211.1374677012,0.34,7.4797120163,0.606,0.428
1402-012,2005,3,211.1912312072,1.356,-1.5060968715,2.107,-0.286
1404+286,2005,135,211.7516433748,0.174,28.4540806325,0.241,-0.034
1406-076,2005,2,212.2353387085,0.194,-7.8740741365,0.33,-0.272
1409+373,2005,1,212.81048287,0.467,37.0932274921,0.583,-0.281
1412-097,2005,1,213.836806675,5.57,-9.9328714862,6.106,0.777
1412-368,2005,1,213.8584091723,25.323,-37.0908236355,4.913,0.939
1413+135,2005,5,213.9950728713,0.173,13.3399202881,0.304,-0.097
1413-168,2005,1,214.1432068491,0.433,-17.0960387244,0.828,-0.08
1416+067,2005,2,214.7840851329,0.306,6.4763333872,0.41,-0.439
1417+273,2005,2,214.9970712387,0.23,27.1070977364,0.233,-0.086
1417+385,2005,46,214.9442238944,0.235,38.3634653325,0.265,-0.063
1418+546,2005,87,214.9441557945,0.274,54.3874408823,0.178,-0.127
1420-220,2005,1,215.9200419247,0.974,-22.3048640013,1.667,0.283
1420-679,2005,3,216.2314885825,2.075,-68.1328036738,1.816,-0.45
1421-138,2005,1,216.0668119266,1.019,-14.1174997094,1.546,0.223
1423+146,2005,1,216.4542416935,0.285,14.4158060836,0.859,-0.104
1424-418,2005,96,216.9845732242,0.379,-42.1053993166,0.429,0.116
1431-115,2005,1,218.5880655661,0.453,-11.7720860461,0.952,-0.248
1432+200,2005,1,218.6658057193,0.195,19.8668709165,0.2,-0.075
1435+638,2005,2,219.1908418776,0.232,63.6105186541,0.121,0.089
1436+214,2005,1,219.7870932818,0.95,21.2474511046,0.957,0.275
1438+016,2005,1,220.1401949407,0.477,1.4514463694,0.898,-0.244
1438+021,2005,1,220.2478997013,0.266,1.9622628609,0.498,0.044
1438-151,2005,1,220.4392379105,0.479,-15.3934090114,1.02,-0.158
1442+101,2005,2,221.3186050492,0.291,9.9766869493,0.281,0.073
1443-162,2005,3,221.4724013857,1.004,-16.4837832682,1.568,-0.351
1445-161,2005,4,222.0627256636,0.572,-16.3401526136,1.068,-0.269
1446-005,2005,1,222.3191257954,0.486,-0.7553408879,0.921,-0.122
1448+762,2005,2,222.1199123469,0.671,76.0198881709,0.179,0.014
1448-232,2005,1,222.760458303,2.63,-23.4919812468,8.484,-0.783
1448-648,2005,3,223.1653296655,2.237,-65.0342864564,1.83,-0.43
1450-251,2005,1,223.4342449742,0.448,-25.3798644498,0.752,-0.171
1451+094,2005,1,223.4988838735,3.059,9.2620363318,3.815,-0.349
1451+106,2005,1,223.4343382438,0.365,10.4326554829,0.615,-0.005
1451+352,2005,1,223.3272710121,0.623,35.0942662745,1.007,-0.019
1451-375,2005,5,223.6142070992,0.301,-37.7925409297,0.504,-0.275
1452+166,2005,1,223.5868948318,0.211,16.4067689097,0.455,0.064
1452+301,2005,1,223.6345737721,5.096,29.9327873599,9.049,0.178
1454-354,2005,3,224.3612987705,0.912,-35.6527692972,2.163,0.611
1455+098,2005,1,224.4688820333,1.744,9.6379278164,2.661,-0.444
1457+449,2005,1,224.8977419059,0.45,44.7022011009,0.497,0.087
1457-237,2005,1,225.2162050737,0.945,-23.9722814638,3.271,-0.152
1458+718,2005,5,224.7815984529,0.619,71.6721851386,0.223,-0.088
1459+480,2005,2,225.2027261189,0.346,47.8543160443,0.142,-0.324
1459-149,2005,1,225.6042387719,0.413,-15.1479238405,0.891,-0.089
1500+045,2005,1,225.8703658621,0.285,4.3302740443,0.579,-0.25
1502+036,2005,3,226.2769880323,0.226,3.4418923454,0.298,-0.042
1502+106,2005,6,226.1040820694,0.217,10.4942216541,0.528,-0.001
1504+127,2005,1,226.840658608,0.287,12.6080764501,0.562,-0.127
1504+377,2005,1,226.5397082735,0.299,37.5142032708,0.373,0.223
1504-166,2005,5,226.7699453682,0.657,-16.8750740535,1.185,0.298
1505+428,2005,1,226.7210077782,0.338,42.656398644,0.361,0.122
1505-156,2005,1,227.1487562726,0.316,-15.8087607239,0.546,-0.108
1506-074,2005,1,227.3356389765,0.783,-7.5967190813,1.066,0.306
1508-055,2005,3,227.7232975322,0.202,-5.7187269506,0.301,-0.025
1510-089,2005,2,228.2105538117,0.338,-9.0999526289,0.334,0.272
1511-476,2005,5,228.6667691249,0.838,-47.8082935717,2.215,0.274
1512+030,2005,1,228.6447265027,0.272,2.880140849,0.512,0.216
1514+004,2005,1,229.1675792773,0.204,0.250530543,0.535,0.081
1514+197,2005,2,229.236650657,0.144,19.5369423359,0.272,-0.121
1514-241,2005,4,229.4242203613,0.319,-24.3720765493,0.348,0.083
1517-116,2005,1,229.9365995053,0.315,-11.8623694766,0.596,0.217
1519-273,2005,72,230.6569833665,0.28,-27.5029958951,0.365,0.032
1519-294,2005,4,230.6061930505,0.982,-29.607007792,3.503,0.595
1523-042,2005,1,231.5625611256,0.837,-4.419463629,1.362,0.497
1529+346,2005,1,232.9131299495,6.07,34.5010637186,2.47,0.513
1529-131,2005,1,233.1890606323,0.381,-13.3194720685,0.559,0.045
1529-271,2005,1,233.0107143123,0.433,-27.2772009373,0.766,-0.128
1530-041,2005,1,233.3091874433,0.418,-4.354618646,1.047,0.108
1531-221,2005,2,233.5980341556,1.064,-22.3150950602,2.349,-0.485
1532+016,2005,2,233.718556971,0.299,1.517835308,0.464,0.577
1533-316,2005,1,234.2270770072,0.885,-31.854206069,1.613,-0.451
1534+387,2005,1,234.0576907589,0.392,38.5579452743,0.473,0.0
1534-152,2005,2,234.4232201155,0.242,-15.4534724396,0.558,-0.085
1536+057,2005,1,234.7716947982,2.908,5.5773414441,3.97,0.779
1537+312,2005,1,234.8173920279,0.541,31.0687967254,0.573,-0.147
1537-082,2005,1,235.0131345005,1.606,-8.3904187619,2.096,0.085
1537-389,2005,1,235.1439892166,9.264,-39.105023596,23.938,-0.235
1538+149,2005,7,235.2062144286,0.187,14.796078791,0.332,-0.065
1539-111,2005,1,235.5001428362,0.99,-11.3146991032,1.561,0.01
1541+835,2005,1,233.9838525625,4.644,83.4375687796,0.557,-0.466
1541-230,2005,1,236.0590755015,1.43,-23.200375622,3.026,0.781
1542+616,2005,1,235.7372669272,3.669,61.4987074783,1.311,-0.66
1544+541,2005,1,236.4326072664,1.06,54.011878303,1.005,-0.114
1544-095,2005,1,236.9220237872,0.74,-9.7258364606,1.258,-0.276
1546+027,2005,2,237.3726535285,0.283,2.6169899357,0.624,-0.067
1547+507,2005,2,237.3227854737,0.867,50.6349410806,0.559,0.867
1547-054,2005,1,237.6243633478,1.001,-5.6363974593,1.384,0.245
1548+056,2005,2,237.6469544979,0.19,5.4529023162,0.472,0.039
1549+089,2005,1,238.0135898583,0.397,8.8464818326,0.707,-0.251
1554+185,2005,1,239.2284023661,2.393,18.4204352337,2.22,0.113
1554-643,2005,1,239.7095184204,0.914,-64.5415661213,0.578,-0.394
1555+001,2005,1,239.4643078955,0.222,-0.030670027,0.651,-0.184
1555+030,2005,1,239.4698476345,1.128,2.8910783462,3.027,-0.461
1556-245,2005,4,239.922537866,1.061,-24.7107862993,5.213,0.495
1557+032,2005,2,239.8790525641,0.41,3.080071161,0.696,0.145
1557-053,2005,1,239.9568413502,2.492,-5.5229388279,3.05,0.246
1558+595,2005,1,239.7570979796,13.179,59.4060668646,5.561,0.43
1559+140,2005,1,240.477238175,1.114,13.9529898542,1.792,0.01
1600+335,2005,2,240.5302644254,0.264,33.4480757439,0.42,-0.057
1602+195,2005,1,241.208308134,0.635,19.4391488231,0.903,0.092
1602-115,2005,1,241.323048916,0.21,-11.6574544095,0.536,-0.074
1604+183,2005,1,241.566781669,0.382,18.2499469798,0.769,-0.439
1604-333,2005,4,241.8948429992,0.952,-33.5191428819,0.744,-0.058
1606+106,2005,149,242.1925132578,0.136,10.4854933064,0.244,0.009
1606+403,2005,1,242.0923232749,0.586,40.2049544396,0.74,-0.308
1606-056,2005,1,242.4114567828,3.319,-5.7901606961,6.558,-0.333
1606-219,2005,1,242.3955520371,2.241,-22.0962810801,4.132,-0.51
1610-771,2005,9,244.4553186199,2.057,-77.2884631353,0.484,0.095
1611+343,2005,151,243.4211009905,0.12,34.2133080099,0.181,0.059
1611-710,2005,2,244.1276719357,3.117,-71.1420702037,1.828,0.036
1614+042,2005,1,244.306620182,5.077,4.1449150586,5.667,-0.536
1614+051,2005,3,244.1564866623,0.23,4.992426861,0.235,-0.001
1614+466,2005,1,244.0156945414,0.444,46.5403448294,0.453,-0.058
1614-112,2005,1,244.2749777054,0.785,-11.3773976705,1.832,0.158
1616+063,2005,2,244.7653653533,0.288,6.2172894329,0.374,-0.273
1616-181,2005,1,244.8195046036,0.451,-18.2893638351,0.916,-0.31
1617+229,2005,1,244.8117692207,0.221,22.7966253339,0.413,0.061
1619-680,2005,4,246.0768208435,1.33,-68.1534713028,0.731,-0.379
1622-253,2005,61,246.445381821,0.322,-25.4606464204,0.437,-0.053
1622-297,2005,3,246.5250866365,0.226,-29.8574918812,0.434,-0.291
1624+416,2005,1,246.4902904285,0.189,41.5779526069,0.219,0.151
1624-617,2005,2,247.2278741492,0.659,-61.8767773023,0.591,0.074
1626-005,2005,2,247.2019471979,0.67,-0.6943612865,1.289,0.328
1626-172,2005,1,247.3198612679,8.837,-17.3452365339,19.257,0.942
1628+071,2005,1,247.6742383645,1.319,7.0191951691,1.4,0.064
1630-004,2005,1,248.2403389322,0.611,-0.5558544632,1.665,-0.257
1630-107,2005,1,248.2087899075,1.938,-10.8755554615,3.18,-0.618
1630-258,2005,1,248.3703783798,0.954,-25.9598584904,2.118,0.221
1631-208,2005,1,248.6263488923,0.441,-20.9738741957,0.895,0.387
1633+382,2005,4,248.81455377,0.16,38.134584131,0.178,0.017
1633-131,2005,1,249.0660873823,0.758,-13.2590832933,1.222,0.181
1637+574,2005,3,249.5560675766,0.217,57.3399942654,0.112,0.109
1637+826,2005,12,248.1332086967,2.088,82.537888877,0.201,-0.312
1637-001,2005,1,250.0441090449,0.442,-0.1965408635,0.775,0.031
1638+118,2005,1,250.2454171501,15.612,11.7345038443,7.848,-0.092
1638+398,2005,13,250.1234699034,0.302,39.7794523742,0.304,0.154
1639+230,2005,2,250.3551149105,0.427,22.9511203956,0.449,0.402
1639-287,2005,1,250.7473800566,6.804,-28.8327551272,7.996,0.121
1642+690,2005,3,250.5327023235,0.48,68.9443767864,0.214,-0.046
1645-262,2005,1,252.2679772641,4.524,-26.3357320841,16.151,0.342
1647+744,2005,1,251.563220836,31.67,74.3197541995,25.742,0.665
1647-296,2005,2,252.6647673294,0.929,-29.7297093421,1.419,-0.004
1649+216,2005,1,252.9076842856,4.278,21.5901809846,2.628,0.462
1651+747,2005,1,252.4206410059,2.999,74.7123954251,0.943,0.257
1652+398,2005,32,253.4675695157,0.243,39.7601691578,0.253,-0.162
1653+426,2005,1,253.8283113098,0.473,42.5610609944,0.484,-0.08
1654-199,2005,2,254.388894296,0.581,-20.0763849909,1.091,0.015
1655+077,2005,5,254.5375475842,0.205,7.6909834047,0.447,-0.053
1656+053,2005,2,254.6393641587,0.126,5.2545683521,0.257,-0.225
1656+348,2005,1,254.5059118211,2.001,34.7245549164,1.809,0.965
1656+477,2005,5,254.5115816376,0.381,47.6303417581,0.398,0.111
1656+602,2005,1,254.2010199048,0.657,60.2045654151,0.379,-0.091
1657+022,2005,1,254.9374877057,0.553,2.2186201963,1.376,-0.59
1657-261,2005,2,255.2214752972,0.211,-26.1810348818,0.394,0.08
1657-562,2005,6,255.4369087962,0.744,-56.3655285693,0.804,0.088
1658-189,2005,1,255.3620588296,0.535,-19.0587729561,1.231,0.029
1659+399,2005,1,255.3526431985,0.347,39.9103031082,0.396,0.087
1659-621,2005,4,255.9022550691,1.092,-62.2111136668,0.868,-0.518
1701+016,2005,1,256.0312046316,0.801,1.569019148,0.968,-0.022
1704+099,2005,1,256.653029603,0.463,9.8998970685,0.757,-0.14
1704+122,2005,1,256.58540628,0.49,12.1499423094,0.689,0.265
1704-141,2005,1,256.8349610711,0.376,-14.2564240081,0.763,0.205
1705+018,2005,3,256.8933970079,0.198,1.8126943431,0.497,0.071
1705+188,2005,1,256.9739484215,0.383,18.7775045578,0.681,-0.48
1705+456,2005,1,256.8239724434,0.196,45.6029313463,0.161,0.077
1706-174,2005,2,257.3931056391,3.9,-17.481489512,2.938,-0.309
1708-335,2005,1,257.9541451375,7.728,-33.6447619317,16.933,0.565
1709-182,2005,1,258.1320711883,0.79,-18.3341050407,2.406,-0.219
1710+542,2005,1,257.9187689669,0.648,54.1958692931,0.443,-0.088
1711-208,2005,1,258.6354692308,0.769,-20.8984129739,1.777,-0.078
1712-059,2005,1,258.7357241541,0.312,-5.9723866792,0.731,0.204
1713-048,2005,1,259.110367323,0.215,-4.8699851083,0.564,-0.114
1714+193,2005,1,259.2548584878,0.259,19.2946258585,0.479,-0.15
1714-336,2005,1,259.4001184583,2.03,-33.7024615304,3.237,-0.035
1715-287,2005,1,259.7057497471,1.183,-28.8447512129,2.203,0.586
1716-142,2005,1,259.758416862,0.261,-14.3386146339,0.616,-0.224
1717+178,2005,3,259.8043688712,0.253,17.7517881244,0.265,0.31
1718+481,2005,1,259.9093725991,0.961,48.070069199,0.776,-0.021
1718-649,2005,2,260.9209555537,0.932,-65.0101696137,0.669,-0.143
1719-050,2005,1,260.5147442809,0.332,-5.0569458457,0.767,0.173
1721-146,2005,1,261.1956942238,0.242,-14.7332672031,0.546,-0.127
1723+051,2005,1,261.6032643907,0.851,5.0785198268,1.262,0.142
1723+658,2005,1,260.8089074535,1.562,65.7961608778,0.97,-0.32
1723-229,2005,1,261.7454355701,0.54,-22.9670965252,1.023,0.197
1724+066,2005,1,261.6872720591,0.246,6.6551402286,0.481,-0.108
1724+322,2005,1,261.6463518302,0.364,32.2230597298,0.444,-0.059
1725+044,2005,2,262.1039697167,0.129,4.451365028,0.207,-0.169
1725-795,2005,4,263.4195833135,5.425,-79.598810058,1.082,-0.07
1726+455,2005,88,261.8652116369,0.226,45.5110364581,0.211,0.134
1727+502,2005,2,262.0776000255,0.44,50.2195749622,0.315,0.194
1730-130,2005,2,263.2612736999,0.308,-13.0804315291,0.605,0.019
1732+081,2005,1,263.793523009,0.304,8.1419612411,0.601,0.227
1732+389,2005,2,263.5857438302,0.264,38.9642896843,0.279,-0.164
1732-059,2005,1,263.8616017175,0.866,-5.9972832952,1.675,-0.181
1735-150,2005,1,264.5484807121,0.464,-15.0501682161,0.822,-0.251
1737-081,2005,1,265.006524441,0.351,-8.1874394577,0.849,-0.6
1738+032,2005,2,265.154996042,1.431,3.1966218348,1.463,-0.035
1738+476,2005,2,264.9880378482,0.28,47.6328782479,0.273,0.444
1738+499,2005,2,264.8641270585,0.303,49.9176023055,0.246,-0.018
1739+522,2005,124,265.1540743243,0.152,52.1953909607,0.14,0.092
1739-152,2005,2,265.5485955041,0.392,-15.2914336452,1.023,-0.45
1740-190,2005,1,265.7481217036,8.927,-19.0523748426,10.335,0.488
1741+196,2005,1,265.9909678538,1.349,19.5858364092,0.957,0.203
1741-038,2005,165,265.9952338675,0.153,-3.8346157101,0.289,0.002
1742-078,2005,1,266.3629372008,0.492,-7.8844291597,1.139,0.234
1743+173,2005,1,266.3967006643,0.193,17.3337287726,0.284,0.102
1744+260,2005,1,266.7011621845,0.298,26.0556536278,0.505,-0.164
1744+557,2005,2,266.2358629556,0.812,55.7047671402,0.479,0.515
1745+624,2005,70,266.5584755402,0.366,62.4485384106,0.2,0.196
1746+470,2005,2,266.8610305767,0.31,46.980812469,0.329,0.203
1749+062,2005,1,268.0611188723,0.287,6.1967070319,0.502,0.099
1749+096,2005,154,267.886744062,0.137,9.6502023712,0.252,0.055
1749+701,2005,4,267.1368346212,0.812,70.0974358308,0.307,0.101
1749-299,2005,1,268.1379511719,7.747,-29.9458216339,12.293,-0.095
1750-187,2005,1,268.2878701234,1.36,-18.7273685827,2.44,0.365
1751+288,2005,5,268.4269738937,0.344,28.8013714614,0.435,0.166
1751+441,2005,2,268.3443661971,0.326,44.1626907121,0.379,0.019
1753+731,2005,1,268.0487168705,1.627,73.1890402908,0.557,0.148
1754+159,2005,1,269.1405231895,0.713,15.8955090011,0.639,0.562
1756+061,2005,1,269.6421559811,0.529,6.1758220174,1.192,-0.592
1758+388,2005,2,270.1031888638,0.293,38.8085271026,0.206,-0.25
1758-651,2005,4,270.8479030655,1.016,-65.1268781595,0.629,-0.636
1800+440,2005,7,270.3846453195,0.407,44.0727498147,0.393,-0.075
1800-045,2005,1,270.789279266,5.917,-4.5507800947,13.471,0.26
1803+172,2005,1,271.4476516656,0.245,17.2488666515,0.468,0.005
1803+784,2005,19,270.1903492641,0.788,78.4677828984,0.153,-0.043
1805+220,2005,1,271.9116925825,0.311,22.0823354485,0.471,-0.1
1805+310,2005,1,271.882325077,0.834,31.1059921049,1.299,-0.536
1806-458,2005,3,272.4911328269,2.226,-45.878059182,2.028,-0.155
1807+698,2005,124,271.7111692928,0.293,69.8244746017,0.119,0.102
1809-286,2005,1,273.167468033,0.707,-28.6074867704,1.475,0.133
1815-553,2005,23,274.9391645004,0.737,-55.3557626019,0.389,0.059
1818-050,2005,1,275.2992082134,0.496,-5.0389112729,0.91,0.213
1821+107,2005,3,276.0118968265,0.237,10.7399371481,0.293,0.301
1821+114,2005,1,276.0164488724,0.89,11.4604701105,1.769,-0.616
1823+017,2005,1,276.604422124,0.19,1.8278103979,0.489,0.003
1823+568,2005,5,276.0294514356,0.39,56.8504140539,0.268,-0.019
1823-294,2005,2,276.5858292652,0.574,-29.4069332332,1.082,0.119
1824+578,2005,1,276.423327885,1.665,57.8849882974,0.947,0.297
1824-582,2005,4,277.3016764244,1.429,-58.2319894751,1.584,-0.254
1828+487,2005,1,277.3824220689,0.488,48.7461553447,0.447,0.256
1829+219,2005,1,277.828715061,3.787,22.0034269801,2.204,-0.713
1829-207,2005,1,278.0460262674,0.578,-20.6633908947,0.751,0.574
1830+011,2005,1,278.2823354349,0.431,1.2598059989,0.868,-0.512
1830+285,2005,2,278.2091054643,0.15,28.559988829,0.155,-0.343
1831+050,2005,1,278.6137977551,1.412,5.1011009569,1.51,-0.044
1833+240,2005,2,278.9428028921,0.323,24.1307853522,0.607,-0.12
1835-345,2005,1,279.61873345,0.732,-34.4615900033,1.783,-0.435
1839+548,2005,1,280.2390699045,0.869,54.8710861629,0.761,0.085
1842+681,2005,2,280.6401736466,0.356,68.157007795,0.268,0.538
1842-220,2005,1,281.4162621276,2.972,-22.0101588044,8.719,-0.779
1845+797,2005,2,280.5374577442,1.774,79.7714244574,0.254,0.363
1849+670,2005,5,282.31696771,0.491,67.0949112767,0.26,0.231
1851+236,2005,1,283.3651151331,0.469,23.7432031485,1.076,-0.454
1851+331,2005,1,283.3616144318,0.537,33.1822577905,0.744,-0.388
1851-157,2005,2,283.5180505524,0.4,-15.6536686407,0.838,0.119
1853-122,2005,1,283.976856335,1.259,-12.1661000325,2.864,0.434
1858-255,2005,1,285.3838589839,5.181,-25.4706248208,12.26,0.739
1901+319,2005,2,285.7330787612,0.17,31.9949171295,0.187,0.216
1902-119,2005,1,286.3691166188,1.294,-11.8923379603,1.918,0.754
1903+196,2005,1,286.4019679385,0.241,19.7189009596,0.489,0.063
1903-802,2005,3,288.1667466663,2.691,-80.1683185851,0.437,-0.106
1905+222,2005,1,287.0258790919,0.289,22.3761507779,0.468,-0.073
1908-201,2005,70,287.7902204543,0.256,-20.1153078315,0.62,0.309
1909-151,2005,1,288.0497470087,0.243,-15.0826499133,0.514,-0.06
1909-194,2005,1,287.9854963525,1.127,-19.364159088,1.845,0.307
1914-154,2005,2,289.2187957548,0.34,-15.3166880735,0.65,0.005
1914-194,2005,1,289.4367467757,0.403,-19.3587837123,0.705,-0.026
1914-212,2005,1,289.2860172352,3.652,-21.1752206921,7.516,0.148
1917+495,2005,1,289.6899165308,0.573,49.6322307661,0.484,-0.122
1917-248,2005,1,290.060128351,2.945,-24.7516136408,7.772,0.419
1917-386,2005,1,290.1791986779,11.015,-38.5183726873,18.738,0.583
1918-026,2005,1,290.1802594169,0.234,-2.6032242176,0.536,-0.016
1921-293,2005,11,291.2127334491,0.223,-29.2416997078,0.438,0.394
1922-224,2005,1,291.4157905557,0.259,-22.3264183044,0.491,-0.009
1923+210,2005,98,291.498355608,0.158,21.1072672482,0.209,0.148
1923-101,2005,1,291.6123619253,1.927,-10.0977691296,3.1,0.711
1925-610,2005,2,292.5256674079,1.412,-60.9358847451,0.905,-0.711
1926+087,2005,2,292.1702313733,0.715,8.8134485733,1.415,0.035
1927+090,2005,1,292.4494295207,5.996,9.1676718419,10.078,-0.548
1928+738,2005,8,291.952063268,1.295,73.967102806,0.27,0.075
1928+770,2005,1,291.6299611071,3.4,77.1087494125,0.802,-0.168
1928-698,2005,1,293.3798305629,3.726,-69.7163646071,1.16,-0.481
1929+226,2005,4,292.853819388,0.269,22.7253496718,0.328,0.133
1929-295,2005,1,293.1477238591,0.394,-29.4783471222,0.62,-0.128
1929-457,2005,4,293.187032217,0.886,-45.6105360585,2.267,-0.214
1932+204,2005,2,293.793637186,0.369,20.5317097648,0.82,-0.213
1933-400,2005,4,294.3175723256,0.76,-39.9670980513,0.927,0.297
1934+615,2005,1,293.6695126103,0.904,61.6448941982,0.483,-0.048
1934-065,2005,1,294.3333044411,5.952,-6.4577963627,12.529,0.724
1935-179,2005,1,294.5206596639,0.341,-17.8223327469,0.692,-0.22
1935-692,2005,3,295.1063671619,1.437,-69.1324920529,0.744,-0.208
1936-155,2005,5,294.8610736402,0.265,-15.4286276585,0.359,-0.081
1937-101,2005,2,294.9885691193,0.322,-10.0448663436,1.309,0.319
1938-302,2005,1,295.292677896,3.755,-30.122348734,6.296,0.826
1939+429,2005,1,295.2054993843,0.845,43.0735148479,0.672,0.191
1939-053,2005,1,295.445867828,0.281,-5.1923284205,0.654,-0.45
1939-316,2005,1,295.6704727123,0.415,-31.5040546364,0.835,-0.334
1942+722,2005,1,295.3624338347,5.571,72.3617273972,3.606,0.296
1942-020,2005,2,296.3450868863,0.23,-1.8893984777,0.542,-0.137
1945-011,2005,1,296.932433104,0.349,-1.0568135624,0.822,-0.027
1949-052,2005,1,297.9477839255,0.207,-5.1622113506,0.482,-0.021
1951-115,2005,1,298.6714807232,0.195,-11.3896220566,0.433,-0.064
1954+513,2005,2,298.9280762309,0.267,51.5301517013,0.163,-0.245
1954-388,2005,78,299.499247003,0.301,-38.7517654592,0.374,0.106
1957+386,2005,1,299.841828916,0.599,38.7817110349,0.576,0.0
1957-135,2005,1,300.1756050038,0.241,-13.4259821558,0.484,-0.076
1958-179,2005,89,300.2378768392,0.186,-17.816020102,0.312,0.031
1959+241,2005,1,300.474075041,0.366,24.2777739244,0.565,0.224
2000-045,2005,1,300.8540642003,1.591,-4.3606759671,4.391,0.182
2000-330,2005,1,300.8504854138,5.493,-32.8625372321,1.105,0.292
2001+449,2005,1,300.7170653583,0.495,45.1023135756,0.416,-0.121
2002-375,2005,4,301.4794621476,0.741,-37.3948550296,2.735,0.02
2004+443,2005,1,301.4670368625,9.439,44.4819768696,6.656,0.17
2004-125,2005,1,301.7014289277,1.538,-12.3820302225,4.05,0.606
2005-489,2005,6,302.3557924291,1.296,-48.8315895828,1.192,-0.231
2007+777,2005,4,301.3791616783,2.542,77.8786800695,0.425,0.182
2008-068,2005,3,302.8092325242,0.198,-6.7343210747,0.406,-0.406
2008-159,2005,3,302.8154619025,0.326,-15.7778507274,0.586,-0.091
2013-273,2005,1,304.193399458,3.418,-27.1467150139,10.639,0.326
2017+745,2005,2,304.3044974957,0.424,74.6799997214,0.275,0.106
2020-015,2005,1,305.8867347512,0.594,-1.3950434839,1.064,-0.303
2020-122,2005,1,305.7298102917,2.811,-12.0679875907,5.772,0.381
2021+003,2005,1,306.0946458599,0.319,0.4647488638,0.608,-0.179
2021+317,2005,3,305.8292390078,0.956,31.8839740158,0.468,0.083
2021+614,2005,2,305.5278406812,0.405,61.6163344787,0.301,0.159
2022-289,2005,2,306.4733858761,0.327,-28.7635277596,0.561,0.023
2025-086,2005,1,306.9691714475,0.238,-8.5321886518,0.513,-0.17
2027-052,2005,1,307.5934515005,0.349,-5.0535491997,0.672,-0.341
2029+121,2005,3,307.9791427338,0.207,12.328149627,0.327,-0.108
2030+547,2005,2,307.9498268519,0.188,54.9175387993,0.18,-0.114
2030-689,2005,3,308.9536512795,2.793,-68.7760667208,1.235,-0.343
2032+281,2005,1,308.6178464247,2.111,28.344442984,1.985,-0.649
2032-168,2005,1,308.7269352041,0.787,-16.6740588986,1.504,-0.001
2033-219,2005,1,309.2132197136,0.315,-21.7768759943,0.538,-0.13
2034-066,2005,1,309.1696193364,0.178,-6.4844014084,0.414,-0.116
2034-155,2005,1,309.3664052154,1.371,-15.3668087031,2.372,-0.145
2034-248,2005,1,309.4861458813,0.376,-24.6423810527,0.714,-0.044
2036-034,2005,1,309.7916049042,3.357,-3.2873382387,4.529,0.636
2037+511,2005,154,309.6543113859,0.248,51.3201840628,0.201,0.072
2037-172,2005,1,310.1155568466,0.628,-17.1175321454,1.207,-0.178
2037-253,2005,3,310.0365537272,1.064,-25.1296286614,1.306,-0.131
2039-231,2005,1,310.726058859,0.347,-22.9333067401,0.567,0.118
2040-225,2005,1,310.7386528974,1.38,-22.3908102295,2.833,0.303
2041+342,2005,1,310.8935542958,4.026,34.3880539237,2.763,-0.15
2043+156,2005,1,311.4395585712,0.47,15.7909259258,0.688,0.228
2047-266,2005,1,312.6028901158,0.415,-26.4716842997,0.672,-0.112
2048+312,2005,4,312.7130479568,0.54,31.4576039744,0.509,0.099
2051+350,2005,1,313.2606154786,2.335,35.2560899421,4.862,-0.338
2051+745,2005,1,312.8905597392,1.69,74.6945828527,0.242,-0.04
2052-474,2005,7,314.068167219,0.479,-47.2465645391,0.894,-0.039
2058-297,2005,4,315.2569166071,0.797,-29.5577317499,3.921,0.248
2059+034,2005,3,315.4118089831,1.322,3.6920329408,2.318,0.016
2102+003,2005,1,316.2821481455,0.725,0.556944862,1.069,0.269
2103+023,2005,1,316.6172866829,0.327,2.5271652,0.674,-0.113
2104-173,2005,1,316.8625889928,0.606,-17.1362096899,1.604,-0.037
2105-293,2005,1,317.0308374126,8.498,-29.1881019476,24.993,0.837
2106-413,2005,6,317.3882859286,0.721,-41.1723902337,1.314,-0.355
2109-811,2005,2,319.1285247804,3.897,-80.8986731933,0.478,0.088
2112-144,2005,1,318.8268150779,0.248,-14.278715374,0.469,-0.041
2113+293,2005,81,318.8725560371,0.153,29.5606574987,0.229,0.114
2115-305,2005,1,319.5441498249,6.102,-30.3198808823,10.323,-0.912
2116+543,2005,1,319.4853513238,2.852,54.5256954454,1.902,0.326
2116-068,2005,1,319.6801772279,1.042,-6.6049994616,1.758,0.554
2118-037,2005,1,320.2019733283,0.634,-3.5080382696,1.116,0.078
2121+053,2005,40,320.9354889776,0.156,5.5894703311,0.319,-0.05
2122-148,2005,1,321.2306233873,1.504,-14.6370355532,2.034,0.635
2123-463,2005,4,321.6279343598,0.681,-46.0966368074,1.396,-0.388
2126-158,2005,36,322.3007329321,0.293,-15.6447336189,0.589,-0.028
2128-123,2005,22,322.8969239449,0.205,-12.1179991011,0.532,0.293
2131-021,2005,5,323.5429567616,1.311,-1.8881205249,5.613,0.277
2134+004,2005,9,324.1607763904,0.256,0.6983930002,0.405,0.072
2134+428,2005,1,324.1000255392,1.407,43.0284641531,0.888,-0.119
2136+141,2005,105,324.7554552642,0.124,14.3933312076,0.214,0.007
2136-190,2005,1,324.697704424,1.986,-18.8251881185,3.352,0.08
2137+130,2005,1,324.9089181146,1.262,13.2702902391,1.539,0.131
2137-196,2005,1,325.1952500223,1.019,-19.3989028618,2.015,-0.716
2138-283,2005,1,325.2355192133,2.183,-28.0833258491,5.022,0.705
2138-377,2005,3,325.4685375009,0.845,-37.4869420445,4.638,-0.119
2139-232,2005,1,325.6747745491,2.067,-23.0606939264,4.728,0.832
2139-260,2005,1,325.5663566456,3.999,-25.8573850413,7.668,0.11
2141+175,2005,1,325.898102946,0.265,17.7302192686,0.438,-0.305
2141+333,2005,1,325.9588991955,1.496,33.6196699926,0.986,0.203
2142-758,2005,3,326.8030427585,2.909,-75.6036738278,0.518,0.36
2143-156,2005,4,326.595747101,0.553,-15.4288570466,0.663,-0.128
2144+042,2005,1,326.729967224,0.235,4.4570757829,0.472,-0.021
2145+067,2005,24,327.0227444334,0.121,6.9607235537,0.254,0.027
2149+056,2005,54,327.9078145648,0.309,5.8702651268,0.509,-0.317
2149-307,2005,5,327.9813499011,0.274,-30.4649162449,0.571,-0.071
2150+173,2005,3,328.1034139979,0.135,17.5771658882,0.205,0.074
2151-152,2005,1,328.5309940511,0.655,-15.0254102579,1.34,0.607
2153+190,2005,1,328.8934865437,0.953,19.2467998752,1.382,-0.405
2153-119,2005,1,328.9613262097,2.353,-11.6633291967,2.585,-0.233
2155-152,2005,1,329.526175599,0.277,-15.0192611887,0.509,-0.033
2155-304,2005,3,329.7169379356,0.953,-30.2255882929,1.092,-0.214
2156-013,2005,1,329.8928150645,2.059,-1.0985826758,2.049,0.294
2157-375,2005,1,330.0706940067,1.779,-37.2825164648,4.053,-0.631
2200+420,2005,8,330.6803809037,0.226,42.2777717996,0.286,-0.022
2201+315,2005,81,330.8123991146,0.253,31.7606305665,0.298,0.004
2203+292,2005,1,331.4437772558,0.87,29.4486467571,0.776,0.138
2204-540,2005,6,331.9322220911,0.521,-53.7760610772,0.596,0.066
2207+741,2005,1,332.0998099367,4.504,74.3939841286,2.193,-0.025
2208+199,2005,1,332.7152173064,1.717,20.2233459568,1.669,0.612
2209+080,2005,1,333.0066222205,0.377,8.3212539006,1.047,-0.085
2209+184,2005,1,332.9745363728,0.343,18.6971826675,0.556,0.058
2209+236,2005,19,333.0248596134,0.154,23.9279289289,0.267,-0.04
2210+361,2005,1,333.2925981907,6.111,36.3986561487,5.521,-0.882
2210-257,2005,2,333.2604084156,0.943,-25.4916892377,1.036,-0.172
2211-256,2005,1,333.6933412433,4.179,-25.3544749816,9.628,0.251
2214+350,2005,2,334.0833745582,0.193,35.3039390387,0.271,0.048
2215+150,2005,1,334.5454752801,0.23,15.3432538121,0.394,-0.023
2216-038,2005,2,334.7168237739,0.264,-3.5935774931,0.597,-0.22
2217+214,2005,1,334.9105067279,1.855,21.6868203357,3.02,-0.037
2220+134,2005,1,335.6881806652,0.328,13.7484566209,0.631,0.044
2220-119,2005,1,335.7333574104,3.462,-11.7406578609,5.883,0.618
2220-351,2005,5,335.7747098239,0.533,-34.9297679092,0.94,0.026
2223-052,2005,102,336.4469137485,0.14,-4.9503863131,0.259,-0.004
2227-088,2005,1,337.4170178975,0.344,-8.5484541454,0.643,-0.371
2227-136,2005,1,337.5637757637,0.37,-13.4285859625,0.773,-0.212
2228-146,2005,1,337.9151093464,0.57,-14.3730497542,1.317,0.263
2229+695,2005,2,337.65195679,0.304,69.7744659319,0.117,0.157
2230+114,2005,3,338.1517037754,0.167,11.7308068085,0.271,0.021
2232-488,2005,8,338.8051522667,1.058,-48.5996649335,1.758,-0.289
2233-234,2005,1,339.1093273981,0.424,-23.1573920281,0.783,-0.064
2234+282,2005,61,339.0936282525,0.267,28.4826146974,0.318,0.219
2234-253,2005,1,339.3264809595,2.1,-25.1090374613,4.16,0.447
2235+071,2005,1,339.543315718,0.23,7.4038828224,0.407,-0.055
2235+275,2005,1,339.553639638,0.367,27.8313250989,0.485,-0.051
2235+731,2005,2,339.1608210122,0.859,73.3812950934,0.365,0.221
2236-221,2005,1,339.8488180891,5.179,-21.8876335933,15.234,0.454
2236-572,2005,4,339.8003161369,1.08,-57.0168997365,1.79,0.352
2239+096,2005,1,340.4571554216,0.281,9.8979013304,0.561,-0.13
2239-631,2005,4,340.782663418,2.109,-62.8492563445,1.554,0.044
2242+257,2005,1,341.1464474909,0.988,26.0057494859,0.814,-0.497
2243-081,2005,1,341.4541831253,0.319,-7.922052548,0.657,-0.178
2243-123,2005,114,341.5759665929,0.217,-12.1142435828,0.381,0.122
2244-372,2005,4,341.7663201047,0.549,-36.9628591338,0.831,-0.066
2245-091,2005,1,341.9674706049,1.524,-8.8394691445,2.841,0.216
2249-210,2005,1,343.1195025117,0.936,-20.792096838,2.158,-0.069
2250+023,2005,1,343.337935683,0.989,2.6036216921,1.452,0.035
2250+190,2005,7,343.2807047277,0.128,19.7096192985,0.216,-0.068
2250+323,2005,1,343.3020826822,0.425,32.6012005874,0.519,-0.147
2251+158,2005,9,343.4906162698,0.253,16.1482113722,0.465,-0.186
2252-090,2005,3,343.7676656523,0.99,-8.7344508265,1.596,-0.085
2253+417,2005,2,343.9029494036,0.291,42.0479257874,0.343,0.013
2254+024,2005,3,344.3231792842,0.155,2.7215311806,0.267,-0.894
2254+074,2005,2,344.3220962845,0.373,7.7200841086,0.421,0.165
2255-282,2005,89,344.5248453507,0.348,-27.9725713529,0.426,0.523
2256-084,2005,1,344.7528697049,0.383,-8.1841821017,0.809,-0.263
2257+103,2005,1,345.0763031364,0.31,10.6316884645,0.65,-0.31
2259-375,2005,1,345.599537904,11.198,-37.3018952616,21.276,0.475
2300-683,2005,4,345.9315193101,1.412,-68.1270676118,0.546,0.014
2301-103,2005,1,345.9913314172,3.675,-10.0386719222,9.626,0.581
2304+824,2005,1,346.32307918,3.579,82.7136551638,0.645,0.099
2306-312,2005,3,347.3097144177,0.778,-30.9868282259,3.16,0.463
2309+454,2005,1,347.9475375488,0.403,45.7322268315,0.326,0.089
2312-319,2005,4,348.7020855868,1.044,-31.6443128217,1.258,-0.087
2315+287,2005,1,349.4231754336,0.81,29.0396569036,0.666,-0.391
2315-172,2005,2,349.5473391077,0.358,-16.9914427515,0.726,0.252
2315-404,2005,1,349.5285939423,0.991,-40.1683984813,2.116,-0.505
2316+862,2005,1,348.9575836881,9.86,86.5287774342,0.515,0.245
2318+049,2005,100,350.1869024307,0.228,5.2305424224,0.357,-0.236
2318+182,2005,1,350.1949009056,0.371,18.4904919374,0.655,0.19
2319+272,2005,2,350.499425943,0.294,27.5462344198,0.303,0.025
2320+506,2005,3,350.6082590963,0.442,50.9644343903,0.239,-0.145
2320-035,2005,1,350.8831379907,5.13,-3.2847285737,3.109,0.021
2321-065,2005,1,350.9129737112,0.315,-6.299789931,0.592,0.188
2321-164,2005,1,350.9359643101,0.948,-16.214482184,1.465,0.125
2321-215,2005,1,351.1169011482,3.691,-21.3168102795,10.179,0.671
2321-375,2005,3,351.0296322967,1.522,-37.2395707133,1.124,0.043
2325+093,2005,1,351.8899190084,0.198,9.6692953268,0.424,-0.215
2325+152,2005,1,351.8999371773,0.373,15.5526580561,0.596,-0.123
2325+192,2005,1,352.103645376,1.934,19.4994516674,1.586,0.593
2325+764,2005,1,351.9700933969,3.382,76.7190696988,1.246,0.217
2325+799,2005,1,351.776770519,2.565,80.2163715732,0.458,-0.042
2325-150,2005,1,351.9498451574,9.344,-14.7988201649,2.735,0.346
2326-477,2005,6,352.3237681903,0.594,-47.5053096099,0.843,0.399
2329-162,2005,1,352.9110507407,4.508,-15.9491680397,3.639,0.536
2329-384,2005,1,352.9978370325,21.709,-38.1965658031,4.272,0.893
2333-415,2005,3,354.141604538,0.695,-41.256106322,3.725,0.262
2335-027,2005,2,354.4889128845,0.227,-2.5160079894,0.808,0.202
2337-011,2005,1,355.0986244533,1.966,-0.8908347249,2.436,0.453
2337-234,2005,1,354.9732379821,1.894,-23.1775629045,4.646,0.628
2340-226,2005,1,355.6999321071,1.688,-22.3945026868,3.418,0.03
2341+154,2005,2,355.9281231459,0.8,15.7174915024,1.557,0.083
2341+295,2005,1,356.0939702525,5.967,29.8724172424,2.812,0.054
2341+697,2005,1,355.9322259156,1.495,70.055391193,0.725,-0.385
2342-161,2005,1,356.3019261537,0.25,-15.9188441141,0.488,0.058
2344+299,2005,1,356.6927140014,0.915,30.1997894803,1.103,-0.313
2344+514,2005,1,356.7701549381,3.398,51.7049655142,2.56,-0.695
2344-514,2005,5,356.8327668895,0.825,-51.176684969,1.011,0.465
2345+270,2005,1,356.8965621408,0.323,27.3170804653,0.453,-0.19
2345-047,2005,2,357.0489908422,0.216,-4.4323282313,0.509,-0.08
2347+079,2005,1,357.541997181,1.754,8.2153534891,1.804,-0.084
2349-223,2005,1,357.9416954117,0.435,-22.0526865789,0.789,0.033
2350+395,2005,1,358.2037810275,0.443,39.7989506587,0.511,-0.101
2351+456,2005,7,358.5903338217,0.211,45.8845102654,0.161,-0.026
2351-309,2005,3,358.4477454125,0.769,-30.6301390687,3.048,0.343
2352-217,2005,1,358.7589439378,0.459,-21.4268848621,0.871,0.394
2353+816,2005,1,359.0949760688,1.903,81.8811820262,0.221,-0.155
2353-686,2005,7,359.002839187,1.022,-68.3342977783,0.42,-0.071
2354-251,2005,1,359.3493785838,1.314,-24.8508818787,2.731,0.607
2355+042,2005,1,359.6201951782,0.381,4.5068971453,0.742,0.179
2355-106,2005,3,359.5453432333,0.328,-10.3357254213,0.371,-0.01
2355-534,2005,5,359.4719421678,1.179,-53.1871357189,1.89,-0.217
2356+385,2005,95,359.8882532908,0.26,38.8450884219,0.293,-0.034
2357-318,2005,4,359.8978807773,0.425,-31.5621745935,0.684,-0.185
