iers_name,year,num_ses,ra,ra_err,dec,dec_err,ra_dec_corr
0002-478,2007,3,1.1485646532,0.704,-47.6054456375,1.21,-0.294
0003+123,2007,1,1.5960671363,0.647,12.598082523,0.838,0.211
0003+380,2007,2,1.4882309148,0.162,38.3375413562,0.194,0.108
0003-066,2007,68,1.557887023,0.233,-6.3931486937,0.482,-0.263
0005+683,2007,1,2.1394708432,3.784,68.6227910694,0.951,-0.232
0007+106,2007,3,2.6291912421,0.284,10.9748622923,0.248,-0.046
0007+171,2007,1,2.6416277753,0.291,17.4052115583,0.217,0.212
0008-264,2007,4,2.7551947487,0.332,-26.2092713643,0.403,0.634
0009-148,2007,1,2.9185658611,0.637,-14.5679540992,1.041,0.187
0010+405,2007,2,3.3797092283,0.117,40.8603177618,0.167,-0.049
0013-184,2007,1,3.89301839,1.198,-18.1237732051,2.27,-0.573
0014+813,2007,78,4.2853122191,1.695,81.5855934747,0.296,0.026
0016+731,2007,3,4.9407767777,0.413,73.4583382159,0.134,0.157
0018+729,2007,1,5.3640633772,5.008,73.2116475076,1.11,0.208
0019+058,2007,1,5.6351716875,0.129,6.134519282,0.194,-0.157
0033+143,2007,1,8.9336996691,0.357,14.6338808419,0.655,0.014
0035+238,2007,1,9.4929161096,1.648,24.1199637075,3.153,-0.478
0035+413,2007,1,9.6035150049,0.161,41.6183334597,0.232,0.124
0035+503,2007,1,9.6183900435,1.194,50.5905091969,0.534,-0.224
0035-024,2007,1,9.5855388907,0.159,-2.1279299142,0.354,-0.396
0035-252,2007,1,9.5613980308,0.213,-24.9839540683,0.468,-0.011
0037-593,2007,1,10.0327028494,7.128,-59.0646485655,34.515,-0.917
0038+133,2007,1,10.3217123537,1.184,13.6576463619,1.408,-0.287
0039+230,2007,2,10.518938164,0.167,23.3336283418,0.275,0.047
0046+316,2007,2,12.1964228335,0.13,31.9569680302,0.204,0.017
0047+023,2007,1,12.4301498222,0.661,2.61771635,0.705,0.399
0047-579,2007,2,12.497804023,0.569,-57.6409278457,0.493,0.629
0048-097,2007,71,12.6721557699,0.216,-9.4847806268,0.261,-0.216
0048-427,2007,3,12.7895909046,0.729,-42.442581458,0.842,0.028
0054+161,2007,1,14.2303928906,0.343,16.4203726759,0.569,-0.004
0057-338,2007,1,15.0391292092,0.733,-33.6255377562,2.175,-0.217
0059+581,2007,108,15.6906765968,0.251,58.4030935343,0.152,0.039
0100-270,2007,1,15.7348073947,1.961,-26.7768114959,4.486,0.183
0102+511,2007,1,16.3731599556,3.115,51.4296058719,1.138,-0.372
0103+127,2007,1,16.638985284,0.358,13.0007235113,0.776,-0.394
0104-408,2007,61,16.6879498684,0.294,-40.5722111559,0.336,0.086
0106+013,2007,30,17.1615462985,0.233,1.5834214733,0.262,-0.044
0107-045,2007,1,17.6287613701,0.419,-4.2586188061,0.818,-0.19
0107-610,2007,5,17.3144799595,0.675,-60.8301278009,0.666,0.233
0109+224,2007,2,18.0242696172,0.199,22.7441072604,0.492,0.683
0110+495,2007,2,18.3625283504,0.225,49.8066786743,0.138,-0.115
0111+021,2007,6,18.4297705883,0.302,2.3714767211,0.305,0.558
0111+131,2007,1,18.4771261968,0.584,13.4145773474,0.749,-0.091
0115-214,2007,1,19.453250527,0.17,-21.1851757649,0.278,-0.114
0116+319,2007,1,19.8958481438,3.647,32.1805713151,3.151,-0.366
0116-219,2007,6,19.7385923282,0.731,-21.6917056734,0.94,0.467
0118-272,2007,2,20.1319304552,1.38,-27.0235142359,1.13,0.135
0119+041,2007,14,20.4869237729,0.224,4.373537419,0.364,0.043
0119+115,2007,71,20.4233126687,0.186,11.8306702861,0.375,-0.066
0119-011,2007,1,20.5727914417,0.444,-0.9376942891,1.028,-0.448
0122-514,2007,2,21.2391311311,0.736,-51.2211575397,0.839,0.444
0123+257,2007,1,21.6783026641,0.32,25.9836944319,0.337,-0.366
0129+220,2007,1,23.0128283435,0.36,22.2806483608,0.52,-0.165
0130-171,2007,3,23.1811977129,0.642,-16.9134782162,0.926,0.203
0131-522,2007,3,23.2740105915,0.544,-52.0010960528,0.53,0.621
0132-097,2007,1,23.6486111953,0.865,-9.5174664409,1.319,0.707
0133+476,2007,95,24.2441450157,0.205,47.8580833385,0.174,0.003
0134+311,2007,1,24.286390144,0.185,31.3766265231,0.18,-0.112
0135-247,2007,4,24.40977674,0.527,-24.5149681416,0.385,0.156
0137+012,2007,1,24.9887740661,0.365,1.5294829714,0.718,-0.175
0137+467,2007,1,25.179468331,2.544,46.9745811436,1.897,-0.199
0138-097,2007,6,25.3576339727,1.7,-9.4787982138,1.313,0.642
0144+209,2007,1,26.7449323262,0.546,21.1734401303,0.646,-0.511
0144+584,2007,1,26.9439223481,2.811,58.6791588489,1.82,0.791
0148+274,2007,1,27.8631091085,0.253,27.744942706,0.219,0.172
0149+218,2007,1,28.0752461068,0.22,22.1188054829,0.225,0.124
0150-334,2007,3,28.292174095,1.144,-33.1738507133,1.078,0.321
0151+474,2007,2,28.7345411449,0.233,47.7240388152,0.17,-0.106
0153+744,2007,2,29.3956871539,0.612,74.7120082997,0.143,0.096
0157+808,2007,1,30.7827959161,2.84,81.1036696112,0.376,-0.479
0159-117,2007,1,30.4882472992,0.147,-11.5426210381,0.296,-0.429
0201+113,2007,39,30.9444044495,0.319,11.5792803978,0.615,-0.223
0202+149,2007,56,31.2100578931,0.201,15.2364010903,0.306,-0.13
0202+319,2007,2,31.270522288,0.179,32.2083598847,0.186,-0.044
0202-172,2007,1,31.2403098195,0.222,-17.0221780158,0.297,0.29
0202-765,2007,1,30.5570528517,18.834,-76.3341809024,13.835,-0.949
0203-120,2007,1,31.6086861653,0.392,-11.8443684824,0.71,0.048
0206+136,2007,1,32.3999929798,0.209,13.8668757374,0.295,-0.174
0208-512,2007,47,32.6925017942,0.316,-51.0171921653,0.299,0.041
0209+168,2007,1,32.953245124,0.546,17.122978132,0.667,-0.45
0210+119,2007,1,33.2715960042,0.5,12.2196968018,1.178,-0.57
0210+515,2007,1,33.57472644,5.359,51.7477621281,2.248,0.578
0211+171,2007,1,33.6871369269,0.43,17.3804196586,0.637,-0.427
0212+735,2007,2,34.378389601,0.324,73.825728139,0.082,-0.099
0214-105,2007,1,34.1619829935,0.989,-10.2841677009,2.685,-0.608
0214-522,2007,1,34.0133225832,6.924,-52.0034555767,41.777,-0.85
0219+428,2007,2,35.665047824,0.171,43.035499575,0.159,-0.186
0220-349,2007,3,35.7350068799,1.386,-34.6913137171,0.857,0.284
0221+067,2007,1,36.1184512144,0.696,6.9898171421,0.264,0.545
0224+671,2007,3,37.2085481004,0.417,67.3508415158,0.146,-0.16
0229+131,2007,52,37.9412252323,0.179,13.3818656491,0.293,-0.24
0230-288,2007,1,38.1530872944,4.032,-28.6573104707,13.334,0.505
0230-790,2007,5,37.3956103276,2.373,-78.7960005167,0.519,-0.183
0234+285,2007,4,39.4683569144,0.151,28.8024973518,0.158,-0.199
0234-301,2007,5,39.1298725175,1.056,-29.8987614374,1.172,0.443
0235+164,2007,52,39.6622087936,0.139,16.616465112,0.195,-0.036
0235-618,2007,3,39.221857136,0.789,-61.6042175498,0.605,0.573
0237-233,2007,4,40.0340602479,0.316,-23.1543688013,0.616,0.261
0238-084,2007,1,40.2699935594,0.21,-8.2557643965,0.231,0.072
0239+108,2007,2,40.6215451444,0.17,11.0168688781,0.18,-0.023
0239+175,2007,1,40.6011177198,0.483,17.716346883,0.595,-0.56
0242-113,2007,1,41.3539671469,0.709,-11.1213374222,1.319,-0.445
0248+430,2007,2,42.8939029584,0.226,43.2543971127,0.196,-0.046
0252-549,2007,1,43.3715850125,0.409,-54.6976213358,0.495,0.241
0252-712,2007,1,43.1923060623,16.87,-71.0764568088,19.388,-0.752
0256+075,2007,2,44.8628192922,0.196,7.794345173,0.327,-0.059
0256+423,2007,1,44.9070603153,0.735,42.5971695978,0.625,0.036
0256-005,2007,1,44.8688173032,0.138,-0.3333263494,0.219,-0.141
0300+470,2007,2,45.8968425091,0.28,47.2711876237,0.203,-0.029
0302+625,2007,1,46.6777481057,0.556,62.7172289722,0.235,-0.812
0302-623,2007,2,45.9609640646,0.971,-62.1904305961,0.533,0.268
0305+039,2007,2,47.1092658112,0.231,4.1109167699,0.243,-0.056
0306+102,2007,6,47.2650980915,1.581,10.4878728145,2.379,0.307
0307+380,2007,1,47.7078330877,0.157,38.2482882944,0.147,-0.15
0308-611,2007,5,47.4837464477,0.689,-60.9775156612,0.401,0.585
0312+100,2007,1,48.8380824701,0.267,10.2119675426,0.506,-0.468
0316+413,2007,4,49.9506713177,8.161,41.511698235,5.161,-0.528
0317+188,2007,2,49.963569635,0.177,19.0253586517,0.233,-0.201
0317+659,2007,1,50.6134538985,1.014,66.174527598,0.441,-0.304
0325+256,2007,1,52.1847857264,1.252,25.8689994558,1.365,0.196
0325+395,2007,1,52.2096395726,7.311,39.6790353833,20.004,-0.822
0332+078,2007,1,53.7221528919,0.202,8.0040053973,0.285,-0.216
0333+321,2007,3,54.1254483933,0.154,32.3081505215,0.161,-0.138
0334-546,2007,1,53.9746868055,0.47,-54.5069764584,0.421,0.02
0336-017,2007,1,54.7541093793,0.575,-1.5548908038,0.777,0.434
0336-019,2007,129,54.8789074569,0.19,-1.7766122406,0.244,-0.028
0338-030,2007,1,55.1358152378,0.387,-2.9150644244,0.837,-0.098
0338-214,2007,1,55.148366194,0.158,-21.3253254304,0.283,-0.028
0342+147,2007,1,56.2767356186,0.13,14.8970996012,0.288,0.284
0347-211,2007,1,57.4909445378,0.151,-21.0465947549,0.269,-0.032
0355+508,2007,1,59.8739470764,0.553,50.9639336641,0.504,-0.273
0355-669,2007,2,58.9495141699,1.708,-66.7593938423,0.6,0.382
0400+258,2007,2,60.7732753137,0.192,26.0004174674,0.208,0.128
0400-319,2007,4,60.5886084699,0.444,-31.7905402934,0.479,0.137
0402-362,2007,22,60.9739578356,0.324,-36.0838647903,0.443,0.348
0403-132,2007,1,61.3916805943,0.404,-13.1371367953,0.752,0.114
0405-123,2007,4,61.9517958138,0.149,-12.1935163468,0.249,0.879
0405-385,2007,30,61.7459805273,0.355,-38.4411229818,0.408,-0.207
0406+121,2007,2,62.3417028729,0.199,12.2944020533,0.392,0.067
0406-127,2007,1,62.2740405495,0.177,-12.6467064955,0.364,-0.105
0407-199,2007,1,62.4189554762,3.433,-19.8004943835,7.222,0.928
0407-658,2007,1,62.0849048271,12.946,-65.7525157973,23.481,-0.786
0410+110,2007,1,63.4180872257,0.296,11.2041072343,0.523,-0.064
0414-189,2007,4,64.1522684337,0.228,-18.8523166304,0.633,0.271
0415+398,2007,1,64.8439564419,0.254,39.9247159778,0.198,-0.373
0416-216,2007,1,64.7517421243,3.183,-21.5432441448,5.108,0.85
0420+417,2007,1,65.983374223,0.161,41.8340869381,0.102,-0.002
0420-014,2007,4,65.8158363392,0.118,-1.3425181784,0.193,-0.112
0421+145,2007,1,66.0978778028,0.568,14.7046340781,0.578,0.019
0422+004,2007,2,66.1951752081,0.149,0.6017581229,0.279,-0.18
0422-380,2007,5,66.1760155319,0.362,-37.9391067079,0.47,0.254
0423+051,2007,1,66.6525169432,0.214,5.3055198873,0.743,0.697
0423+237,2007,1,66.7332097316,1.772,23.8407175672,1.963,-0.856
0423+297,2007,1,66.6259423052,0.567,29.8730369313,0.815,-0.135
0426+273,2007,2,67.470669808,0.173,27.4105212853,0.222,-0.062
0426-380,2007,3,67.1684345253,1.559,-37.938772403,1.038,0.269
0430+052,2007,2,68.2962315676,0.182,5.3543388358,0.135,0.129
0434-188,2007,14,69.2561780266,0.264,-18.7468370979,0.852,-0.071
0436-129,2007,1,69.6459208862,0.159,-12.8509330199,0.259,0.0
0437-454,2007,4,69.7535610755,0.509,-45.372934502,1.088,0.025
0438-436,2007,1,70.0715831688,0.661,-43.5523902619,0.765,0.232
0442+389,2007,1,71.5478920305,0.68,39.0047501481,0.794,0.313
0446+112,2007,2,72.2819628545,0.247,11.3579434198,0.597,-0.257
0446-265,2007,1,72.0998519608,13.678,-26.437453645,23.325,0.48
0450-743,2007,1,72.2023219568,13.543,-74.292009818,12.855,-0.938
0451-282,2007,3,73.3110282968,0.727,-28.1270351655,1.172,0.385
0454+844,2007,9,77.1765148223,2.412,84.5345955929,0.254,-0.27
0454-234,2007,119,74.2632468057,0.209,-23.414450045,0.271,-0.09
0454-463,2007,3,73.9615523961,0.876,-46.2662997638,1.506,0.151
0454-810,2007,2,72.5226674551,2.688,-81.0172866145,0.505,-0.331
0456+060,2007,1,74.7032148638,0.149,6.1344052677,0.456,-0.354
0457+024,2007,2,74.9668777388,0.514,2.4919936542,0.587,-0.025
0458+138,2007,1,75.4386283192,0.5,13.9353394043,1.218,0.516
0458-020,2007,97,75.303374469,0.191,-1.9872933924,0.251,-0.288
0459+252,2007,1,75.7436448954,0.153,25.2736875908,0.241,-0.158
0502+049,2007,2,76.3466029788,0.182,4.9952014527,0.282,-0.315
0503-043,2007,1,76.4634932487,0.966,-4.3240605742,2.528,0.045
0506+101,2007,1,77.3644042705,0.264,10.1957222985,0.462,0.003
0506-612,2007,2,76.6832862566,0.817,-61.16138735,0.539,0.341
0507+179,2007,1,77.5098714252,0.108,18.0115503121,0.176,0.084
0508+264,2007,1,77.9598813877,0.397,26.5319069515,0.938,0.168
0516-249,2007,1,79.52521465,4.407,-24.9171982576,6.049,0.315
0516-621,2007,3,79.1871923467,0.568,-62.1181636933,0.356,0.094
0519+142,2007,1,80.6881106844,1.269,14.2581342374,1.014,-0.163
0521-365,2007,4,80.7416025319,0.429,-36.4585698951,0.508,0.342
0522-283,2007,1,81.2276260605,0.65,-28.3115616384,1.233,-0.028
0522-611,2007,2,80.6434395434,0.758,-61.1325370599,0.406,0.219
0524-460,2007,2,81.3808341287,0.851,-45.9651902334,1.114,0.482
0524-485,2007,2,81.5694638866,0.671,-48.5102199029,0.876,0.444
0528+134,2007,63,82.7350698013,0.153,13.5319859694,0.231,0.014
0530-727,2007,5,82.3751755296,1.564,-72.7579187083,0.489,0.336
0534-340,2007,7,84.1184683488,0.432,-34.0198523457,0.981,0.288
0534-611,2007,3,83.6490517556,1.063,-61.1019648424,1.091,0.671
0537+558,2007,1,85.3114908101,0.714,55.8454359465,0.708,-0.307
0537-158,2007,1,84.8833756043,0.784,-15.8417546227,2.26,0.155
0537-286,2007,4,84.9761726038,0.636,-28.6655411452,0.788,0.431
0537-441,2007,109,84.7098398313,0.312,-44.0858163582,0.303,0.011
0538+498,2007,2,85.6505746185,0.226,49.8520093569,0.203,0.009
0539-057,2007,4,85.4086807069,0.227,-5.6970633239,0.382,0.22
0543-735,2007,1,85.461564154,10.73,-73.5375934062,12.866,-0.917
0544+123,2007,1,86.77615121,0.328,12.396178756,0.663,0.039
0544+273,2007,2,86.8922872059,0.142,27.365789401,0.235,-0.033
0548+378,2007,1,88.0747371645,0.207,37.9070228115,0.174,-0.283
0549-575,2007,3,87.5399173443,0.791,-57.5401102891,1.296,0.688
0550+356,2007,1,88.5397054277,0.81,35.6920554022,1.095,-0.579
0552+398,2007,114,88.8783567388,0.169,39.8136569156,0.169,-0.131
0556+238,2007,26,89.8834713505,0.177,23.8983129512,0.31,-0.062
0600+177,2007,2,90.7880427345,0.169,17.7046696758,0.205,-0.165
0602+673,2007,66,91.9694650452,0.311,67.3487249772,0.149,-0.185
0605-085,2007,2,91.998746704,0.174,-8.580549426,0.264,-0.394
0605-153,2007,1,92.0063829995,0.597,-15.343605438,1.295,0.191
0606-223,2007,1,92.2486951185,0.154,-22.3391545535,0.282,-0.029
0607+624,2007,1,93.0430209088,2.78,62.4261143322,1.349,0.466
0607-157,2007,84,92.4206231044,0.166,-15.7112979334,0.225,-0.097
0609+607,2007,2,93.5994422946,0.241,60.7727099291,0.119,-0.192
0611+131,2007,1,93.4903864228,0.115,13.1126114473,0.315,0.072
0615+820,2007,2,96.5125260243,0.975,82.0404353917,0.122,0.02
0620+389,2007,2,96.0792551974,0.167,38.9468711373,0.169,-0.188
0620-194,2007,1,95.6189044602,1.015,-19.455050196,3.097,-0.633
0627-199,2007,1,97.3490077224,0.147,-19.9888119394,0.274,-0.109
0629+160,2007,1,98.1797313514,0.173,15.9993387674,0.312,-0.169
0629-418,2007,2,97.7999919912,0.513,-41.9074848214,0.57,0.536
0630-261,2007,1,98.0270905627,0.502,-26.2372315386,1.209,0.037
0632+502,2007,1,99.0459027046,1.407,50.1665628435,0.855,-0.467
0633-263,2007,1,98.8371215091,0.692,-26.3444148034,2.239,-0.11
0635-296,2007,1,99.2869157671,4.712,-29.7107753116,17.643,0.616
0636+680,2007,1,100.5177384654,1.585,67.9765613381,0.521,-0.379
0637-337,2007,3,99.8371028361,1.429,-33.7666982116,1.062,0.214
0637-752,2007,40,98.9437830826,0.892,-75.2713375791,0.221,-0.123
0641+292,2007,1,101.1867323639,1.658,29.1844491747,1.332,-0.413
0641+392,2007,1,101.2237900357,0.182,39.2465370634,0.178,-0.013
0642+449,2007,86,101.6334416575,0.22,44.8546083578,0.183,-0.194
0645+209,2007,1,102.1363076232,0.396,20.8858117888,0.721,-0.135
0646-306,2007,4,102.0587352463,0.33,-30.7387943163,0.706,0.321
0648-165,2007,3,102.6024246139,0.829,-16.6277010126,0.923,0.274
0653+322,2007,1,104.1703716374,0.492,32.1590409297,0.702,-0.021
0656+082,2007,39,104.8249834735,0.212,8.2252648121,0.481,-0.193
0657+172,2007,3,105.006356415,0.121,17.1560281448,0.229,-0.102
0702+400,2007,1,106.4355104453,2.427,39.9755609257,2.448,-0.756
0707+476,2007,2,107.6921036019,0.15,47.5364284067,0.148,0.348
0710+439,2007,1,108.4090171863,0.409,43.8214464708,0.469,0.114
0716+714,2007,4,110.47270195,0.529,71.3434343117,0.168,-0.075
0718+792,2007,85,111.5488969224,1.055,79.1919489521,0.173,-0.067
0722+145,2007,2,111.3200324115,0.186,14.4204852134,0.208,-0.021
0723+219,2007,1,111.5594195684,0.298,21.8889207007,0.532,0.012
0723-008,2007,9,111.4609997543,1.407,-0.9157065719,1.477,0.352
0727-115,2007,136,112.5796353361,0.173,-11.6868334794,0.242,-0.139
0727-365,2007,1,112.2725511494,1.718,-36.6625664544,3.966,-0.207
0728-054,2007,1,112.6184853249,1.384,-5.5963617433,2.673,0.048
0729+259,2007,1,113.2344803425,0.131,25.8107764173,0.243,-0.212
0733-174,2007,3,113.9408854218,0.197,-17.5968059861,0.419,0.283
0735+178,2007,1,114.5308072498,0.17,17.7052773038,0.195,-0.146
0736+017,2007,3,114.8251412354,0.126,1.6179494776,0.189,-0.179
0738+313,2007,3,115.2945970451,0.13,31.2000640405,0.173,0.008
0738+491,2007,2,115.5114537765,0.318,49.0043358487,0.368,0.069
0738-674,2007,2,114.7354012528,1.317,-67.5974517644,0.553,0.391
0741-063,2007,1,116.0902347999,0.239,-6.4933096925,0.494,-0.125
0743+259,2007,104,116.6078090888,0.176,25.8172596254,0.242,-0.103
0743+277,2007,1,116.6684679413,0.141,27.5830686615,0.166,-0.314
0743-673,2007,3,115.8817153545,1.832,-67.4404296598,0.889,0.655
0744-691,2007,1,116.0849729348,3.579,-69.3186510969,16.235,-0.611
0745+241,2007,2,117.1504553318,0.097,24.0066972639,0.135,0.088
0746+503,2007,1,117.5347617688,5.341,50.2518922181,1.622,0.69
0747+185,2007,1,117.5013747597,0.129,18.3865019539,0.199,-0.339
0748+126,2007,2,117.7168572094,0.106,12.5180078885,0.175,-0.161
0748-006,2007,1,117.792520791,4.648,-0.7808493868,3.485,-0.021
0749+540,2007,47,118.2557690684,0.192,53.883232521,0.135,-0.053
0754+100,2007,2,119.2776788344,0.246,9.9430145416,0.24,-0.302
0758+594,2007,1,120.6024696033,1.413,59.3596651843,1.018,0.618
0804+499,2007,65,122.1652762058,0.331,49.84348066,0.265,-0.243
0805+410,2007,37,122.2360501753,0.182,40.8791358039,0.208,0.016
0806-710,2007,1,121.6420591679,3.86,-71.2043701812,14.184,-0.31
0808+019,2007,23,122.8612804798,0.157,1.7811722522,0.224,-0.048
0812+020,2007,1,123.8456701161,0.147,1.9165222676,0.342,-0.437
0812+367,2007,1,123.8581036562,0.162,36.5875413634,0.159,0.005
0818-128,2007,3,125.2393649397,0.351,-12.9831024887,0.165,0.318
0820+560,2007,2,126.1968181871,0.21,55.8785192177,0.117,-0.035
0821+394,2007,3,126.2311826822,0.185,39.2783066709,0.189,-0.114
0823+033,2007,50,126.459743162,0.169,3.1568111524,0.404,0.057
0826-373,2007,3,127.0199177837,1.663,-37.5184114332,1.102,0.221
0827+243,2007,2,127.7170256648,0.171,24.1832835712,0.223,-0.159
0828+493,2007,1,128.0967362266,0.379,49.2225105978,0.239,-0.031
0828-222,2007,1,127.788120867,1.2,-22.4741122175,2.189,0.576
0829+046,2007,3,127.9536539574,0.129,4.4941904994,0.223,-0.221
0831+557,2007,2,128.7287662934,0.651,55.572519688,0.308,-0.364
0833+585,2007,2,129.3433735005,0.16,58.4171791539,0.098,-0.07
0834-201,2007,4,129.1633968162,0.232,-20.2831954897,0.492,0.616
0836+710,2007,3,130.3515219772,0.426,70.8950480591,0.15,-0.132
0839+187,2007,1,130.5212256231,0.717,18.5947192849,0.396,0.37
0842-754,2007,1,130.3626501455,4.78,-75.6744071879,9.544,0.191
0850+581,2007,1,133.674985041,0.38,57.9583163971,0.244,0.003
0851+202,2007,76,133.7036455666,0.13,20.1085113584,0.183,-0.087
0859+470,2007,2,135.7666254337,0.145,46.851149269,0.151,-0.086
0859-140,2007,3,135.5701287252,0.229,-14.2585760616,0.299,-0.11
0903-573,2007,1,136.221581104,2.86,-57.5849328429,29.921,0.347
0905+420,2007,1,137.1494321393,12.51,41.8461696811,14.044,0.934
0906-048,2007,1,137.320848193,1.312,-5.0146926448,2.342,-0.385
0912+029,2007,3,138.6579725927,0.143,2.7664574774,0.223,-0.018
0913+003,2007,1,138.9653963737,0.735,0.1203637297,1.353,-0.349
0913+657,2007,1,139.4815334666,15.509,65.5041972097,7.117,0.243
0917+449,2007,3,140.2435770129,0.131,44.6983291503,0.123,0.029
0917+624,2007,2,140.4009628023,0.28,62.2644945537,0.172,0.004
0919-260,2007,1,140.3723075942,0.285,-26.3120518812,0.983,-0.055
0920+390,2007,2,140.8102204868,0.141,38.827752848,0.144,-0.099
0920-397,2007,4,140.6934093949,0.373,-39.9930746532,0.359,0.265
0923+392,2007,99,141.7625580698,0.193,39.0391254548,0.207,-0.134
0925-203,2007,5,141.9659346205,0.179,-20.5808978794,0.407,0.147
0927+469,2007,1,142.6461701142,1.241,46.7357381084,0.872,0.124
0928+280,2007,1,142.9657621533,13.469,27.8473915837,9.179,-0.128
0936-853,2007,1,142.6357107201,34.983,-85.5665806347,3.713,-0.138
0938+119,2007,1,145.306494713,2.297,11.75898321,1.53,0.649
0939+620,2007,1,145.8104288876,1.878,61.8425969998,0.866,-0.023
0943+105,2007,1,146.6461247231,0.369,10.2850373888,0.551,0.421
0949+354,2007,2,148.1334424295,0.185,35.2145564675,0.233,0.182
0951+268,2007,1,148.6658187708,0.261,26.65681744,0.382,-0.284
0951+693,2007,1,148.8882202051,2.248,69.0652944863,0.652,0.909
0952+179,2007,1,148.7367646541,0.312,17.7253395491,0.292,-0.135
0953+254,2007,35,149.2078140487,0.389,25.2544583585,0.41,0.522
0954+658,2007,3,149.6968546994,0.293,65.5652272567,0.116,-0.062
0955+326,2007,2,149.5872902004,0.219,32.4006137773,0.224,-0.253
0955+476,2007,93,149.5819651838,0.188,47.4188451079,0.182,-0.111
0955+509,2007,1,149.6575390925,0.673,50.6659675436,0.458,0.192
0958+346,2007,1,150.2997882216,0.178,34.4140164734,0.179,-0.091
1003+351,2007,1,151.507292797,0.547,34.902889232,0.728,0.119
1004+054,2007,1,151.656712691,4.627,5.1649960168,9.259,0.882
1004+141,2007,1,151.9229088878,0.203,13.9415557892,0.176,-0.007
1004-217,2007,1,151.6933903271,0.349,-21.9890025774,0.572,0.312
1004-500,2007,2,151.5583722621,0.456,-50.3037418274,0.579,0.445
1005-739,2007,1,151.5172736874,7.998,-74.1622440223,11.473,0.793
1010+495,2007,1,153.3747179009,8.341,49.3113844018,13.21,-0.894
1011+250,2007,2,153.4726198188,0.12,24.8212334216,0.165,0.024
1012+232,2007,3,153.6961060872,0.17,23.0212696838,0.205,0.087
1012-448,2007,2,153.7098123114,1.089,-45.1447650658,1.263,0.278
1013+054,2007,1,154.0130686022,0.165,5.2173172927,0.207,-0.044
1013+127,2007,1,153.9334307268,0.183,12.451963879,0.3,-0.195
1013+208,2007,1,154.1846754451,0.102,20.6298069412,0.213,-0.294
1015+057,2007,1,154.6160343983,0.157,5.5083229442,0.2,-0.039
1016-311,2007,5,154.619806195,1.556,-31.3982914293,1.015,0.141
1019+416,2007,1,155.5084311077,0.417,41.4348257316,0.329,-0.32
1020+400,2007,1,155.7981902776,0.262,39.8042737317,0.235,-0.247
1022+194,2007,3,156.1867067057,0.207,19.2056710639,0.215,0.021
1022-665,2007,3,155.9313884149,1.445,-66.7801993154,0.746,0.59
1027-186,2007,1,157.3879072553,0.504,-18.8806360332,0.831,-0.276
1030+074,2007,1,158.3917679436,0.388,7.1905965624,0.152,-0.008
1030+415,2007,1,158.2654494673,0.18,41.2683979464,0.212,0.107
1032-199,2007,6,158.7589803447,0.677,-20.192877722,0.9,0.109
1034-293,2007,101,159.3169988932,0.315,-29.5674481124,0.351,-0.18
1034-374,2007,3,159.222665201,1.208,-37.7375184195,1.64,0.402
1038+064,2007,2,160.3215104019,0.132,6.1713677609,0.243,-0.264
1038+528,2007,2,160.4449234264,0.228,52.557842023,0.26,-0.046
1039+811,2007,3,161.0960941521,0.613,80.9109563795,0.093,-0.039
1040+123,2007,2,160.6858549603,0.324,12.0586842885,0.301,0.288
1040+244,2007,1,160.7876489544,0.103,24.1431691569,0.157,-0.158
1044+719,2007,56,162.1150829426,0.382,71.7266495849,0.143,-0.14
1045-188,2007,2,162.0275858836,0.521,-19.1599240414,0.687,0.339
1048-313,2007,3,162.7699065862,1.061,-31.6373079683,1.353,0.08
1049+215,2007,2,162.9532878092,0.206,21.3311982245,0.31,-0.15
1049-650,2007,1,162.8480049177,13.444,-65.3023904436,22.409,0.216
1053+704,2007,1,164.2234062667,0.313,70.1960877021,0.115,-0.161
1053+815,2007,44,164.5480640363,1.116,81.2424097665,0.202,0.157
1054+004,2007,1,164.3156977481,0.781,0.2009934497,1.083,0.488
1055+018,2007,3,164.6233549744,0.118,1.5663399723,0.196,-0.218
1055-301,2007,3,164.5017809615,1.424,-30.4152853134,0.937,0.314
1056+212,2007,1,164.9126777996,0.122,20.9560988626,0.198,-0.224
1057-797,2007,45,164.6804580065,1.457,-80.0650443584,0.205,-0.172
1059+282,2007,1,165.5595352035,0.152,27.9524135629,0.19,-0.323
1059+599,2007,1,165.6781782904,1.229,59.6887737958,0.572,0.178
1100+122,2007,1,165.7647073311,0.344,11.9712845525,0.647,0.295
1101+384,2007,13,166.1138082037,0.333,38.2088330684,0.393,0.825
1101-325,2007,2,165.881359478,1.441,-32.8546372575,1.523,0.282
1101-536,2007,2,165.9675901965,0.4,-53.9501936242,0.488,0.468
1104-445,2007,4,166.7862259092,0.651,-44.8187824097,1.874,-0.747
1107+485,2007,1,167.6513492707,4.423,48.2979034202,5.556,0.727
1109-567,2007,1,168.0302961143,13.187,-57.0610358734,35.046,-0.142
1111+149,2007,2,168.4945628506,0.135,14.7074868133,0.205,-0.196
1116+128,2007,1,169.7387559184,0.112,12.5782548715,0.234,-0.368
1116-462,2007,2,169.6123234419,0.604,-46.5708336541,0.885,0.514
1117+146,2007,1,170.1158583087,3.057,14.3486093304,2.437,-0.738
1119+183,2007,1,170.6237978579,0.102,18.0906508047,0.151,-0.171
1121+234,2007,1,171.1316178577,0.397,23.1322090536,0.503,-0.014
1123+264,2007,2,171.4737996596,0.103,26.1722162339,0.13,-0.132
1124-186,2007,74,171.7683018855,0.207,-18.954844892,0.249,0.001
1125+366,2007,1,171.9952948822,0.272,36.3412088429,0.632,-0.361
1127-145,2007,3,172.5293861528,2.676,-14.8242744088,5.627,0.541
1128+385,2007,43,172.7220108837,0.152,38.2551519485,0.175,-0.034
1129-580,2007,2,172.9303664847,0.855,-58.3148454743,0.669,0.571
1130+009,2007,1,173.3335657721,0.162,0.6813437055,0.528,0.466
1133-032,2007,1,174.1024038183,0.168,-3.5081933049,0.245,-0.058
1134-739,2007,1,174.0402523622,13.089,-74.2625733725,12.359,0.879
1142+052,2007,1,176.338813238,0.188,4.9240800549,0.345,-0.218
1143-245,2007,4,176.533763884,0.193,-24.7924710713,0.423,-0.074
1143-287,2007,6,176.6091188645,1.626,-28.9884735751,1.038,0.168
1143-332,2007,1,176.6185489055,0.571,-33.4785082167,1.196,-0.136
1143-696,2007,2,176.4734338872,0.874,-69.9004995674,0.372,0.524
1144+402,2007,2,176.742907995,0.151,39.9761955919,0.174,-0.018
1144-379,2007,68,176.7557112968,0.297,-38.2030620115,0.309,0.034
1145+268,2007,1,176.9990161086,0.139,26.5950923653,0.272,-0.035
1145-071,2007,3,176.9648083965,0.152,-7.411428058,0.224,-0.031
1146+362,2007,1,177.3915652235,0.541,35.9855819762,0.616,-0.05
1147+245,2007,1,177.5800506291,0.204,24.2982876054,0.23,-0.005
1148-671,2007,2,177.8059433982,1.754,-67.4697482312,1.816,0.535
1149-084,2007,1,178.0717063318,0.188,-8.6842537789,0.323,-0.198
1150+497,2007,2,178.3519442391,0.22,49.5191196291,0.209,0.057
1150+812,2007,2,178.3020797465,0.621,80.974765163,0.097,0.028
1154+069,2007,1,179.2527185258,0.486,6.6868310095,1.02,-0.314
1155+251,2007,1,179.6074485521,1.233,24.83832188,1.992,-0.353
1156+295,2007,85,179.8826412988,0.181,29.2455074754,0.237,-0.015
1156-663,2007,2,179.8262725381,1.168,-66.5942853202,0.577,0.596
1200+045,2007,1,180.8413956169,0.358,4.2386369548,0.453,0.008
1200+468,2007,1,180.8824899954,3.686,46.5487671461,3.504,-0.107
1207-120,2007,1,182.5173518145,2.694,-12.2958170079,2.242,0.693
1212+171,2007,1,183.7665798057,0.144,16.9105435802,0.174,-0.016
1213+350,2007,3,183.9816710542,0.285,34.804228039,0.22,0.252
1213-172,2007,3,183.9447988585,0.788,-17.5292782741,0.981,0.165
1215+303,2007,1,184.4670082005,0.181,30.116843344,0.262,-0.212
1216+061,2007,1,184.8467337486,0.362,5.8249164444,0.41,-0.059
1216+487,2007,1,184.7767281615,0.203,48.4989346317,0.157,-0.188
1218+339,2007,1,185.1411481552,1.899,33.7200104189,3.547,0.355
1219+044,2007,35,185.5939567528,0.189,4.2210489056,0.366,-0.135
1219+285,2007,2,185.3820437711,0.287,28.2329169134,0.524,0.16
1219-164,2007,1,185.5670789735,2.682,-16.7652432579,4.882,0.728
1221+809,2007,3,185.9187240805,0.751,80.6678723745,0.139,-0.036
1221-829,2007,1,186.2265997435,43.248,-83.219470843,5.87,0.517
1222+131,2007,2,186.2655973236,0.428,12.8869835591,1.194,0.873
1226+373,2007,3,187.1975985744,0.163,37.1033599822,0.173,0.213
1228+126,2007,75,187.7059307501,0.345,12.3911232915,0.458,0.026
1231+811,2007,1,188.3037206375,3.074,80.9094365657,0.396,-0.129
1236+077,2007,3,189.8524513991,0.148,7.5047747617,0.198,0.125
1237-101,2007,2,189.9294227022,0.262,-10.3913034829,0.197,0.052
1239+552,2007,1,190.3654330787,3.229,54.9719604487,2.704,0.151
1239+606,2007,1,190.3732939138,1.201,60.3448119315,0.676,-0.316
1240+381,2007,2,190.7140378939,0.201,37.8500070055,0.189,-0.11
1241+166,2007,1,190.9902047155,0.411,16.3814982075,0.695,0.048
1243-072,2007,8,191.5176338393,1.269,-7.5129372381,1.39,0.388
1243-160,2007,1,191.4739260107,0.184,-16.2793622106,0.294,0.079
1244-255,2007,2,191.6950085341,0.212,-25.7970249793,0.726,-0.057
1245+710,2007,1,191.7814720953,6.933,70.779201273,1.922,0.213
1245-457,2007,3,192.1187298714,1.071,-45.9964391572,2.158,0.063
1246+489,2007,1,192.212282318,11.68,48.6647578486,18.584,0.828
1251-713,2007,2,193.7496726152,1.113,-71.6384546169,0.496,0.503
1252+119,2007,1,193.6593983594,0.104,11.6849707709,0.191,-0.284
1255-316,2007,44,194.4960867581,0.332,-31.9213477633,0.441,0.557
1257+519,2007,1,194.8798916458,0.711,51.6822948391,0.426,-0.119
1300+580,2007,84,195.7186053005,0.257,57.8104470261,0.173,0.1
1303-827,2007,1,197.1591538626,40.633,-82.992997201,7.031,0.424
1305-247,2007,1,197.1363636546,0.88,-24.9756688508,1.951,-0.624
1306+360,2007,1,197.0987880421,0.161,35.7769899614,0.171,-0.104
1308+326,2007,88,197.619432799,0.357,32.3454951873,0.356,0.021
1308+328,2007,2,197.7475113484,0.141,32.5595692418,0.184,0.129
1313-333,2007,2,199.0332747774,0.341,-33.6497700795,0.321,0.167
1315+346,2007,1,199.4020590881,0.201,34.4210923466,0.201,0.133
1315-058,2007,1,199.6404558478,0.381,-6.1232834955,0.736,-0.112
1318+508,2007,1,200.1758676711,9.097,50.6021666158,2.031,-0.434
1322-078,2007,1,201.290064619,0.539,-8.0801084964,1.04,-0.279
1324+224,2007,3,201.7535887639,0.134,22.1806007843,0.213,-0.085
1325+504,2007,1,201.854682049,1.144,50.1469927787,2.238,-0.03
1325-558,2007,3,202.2547703682,0.884,-56.1340739269,1.399,0.235
1328+254,2007,1,202.6570427743,2.348,25.1530214236,2.184,-0.102
1330+022,2007,1,203.2219605782,0.107,2.0126943184,0.209,-0.153
1334-127,2007,101,204.4157615399,0.202,-12.9568592357,0.252,-0.111
1334-649,2007,1,204.4685305852,14.634,-65.1569131973,25.45,0.43
1337-033,2007,1,205.0554356639,2.208,-3.5891124087,1.554,-0.494
1338+362,2007,1,205.1500414983,2.329,36.0074273009,2.427,0.639
1339-287,2007,1,205.5639400283,0.381,-29.011620126,0.963,0.033
1342+662,2007,1,205.9414982252,0.544,66.0404848,0.271,-0.108
1342+663,2007,2,206.036165049,0.392,66.1032342984,0.166,-0.094
1343+386,2007,1,206.4039298871,8.27,38.3867850054,4.816,0.347
1347+539,2007,1,207.3944023921,0.142,53.6880667276,0.096,-0.154
1348+308,2007,1,207.719734527,0.402,30.5815528148,0.223,-0.295
1349-439,2007,2,208.2355622961,0.51,-44.2112186338,1.027,0.387
1351-018,2007,29,208.5287304991,0.181,-2.1008862308,0.558,0.073
1352-104,2007,7,208.6938281756,0.291,-10.6840710175,0.395,0.29
1354+195,2007,2,209.2684860952,0.198,19.3187146312,0.204,0.317
1354-152,2007,2,209.296854082,0.166,-15.4579962969,0.281,-0.216
1354-174,2007,2,209.2753090529,0.825,-17.733862672,1.231,-0.334
1357+769,2007,93,209.4807146868,0.569,76.7225141633,0.144,0.18
1400-184,2007,1,210.7021020813,0.48,-18.6798583451,0.904,-0.052
1402+044,2007,1,211.254665996,0.202,4.2599495239,0.25,-0.175
1402-012,2007,5,211.1912316772,1.572,-1.5060961921,1.966,0.464
1404+286,2007,84,211.7516433403,0.245,28.4540805443,0.298,0.034
1406-076,2007,2,212.2353383684,0.113,-7.8740739529,0.193,-0.004
1406-267,2007,1,212.4590406029,0.232,-26.9602720088,0.495,0.05
1412+461,2007,1,213.5618857247,3.098,45.9135339922,4.713,0.494
1412-368,2007,3,213.858401489,1.432,-37.0908253346,1.47,-0.008
1413+135,2007,2,213.9950730104,0.126,13.3399203235,0.29,0.001
1416+067,2007,2,214.7840840957,0.388,6.4763342353,0.497,-0.066
1417+273,2007,2,214.9970710718,0.27,27.1070979401,0.227,0.068
1417+385,2007,44,214.9442239684,0.146,38.3634652985,0.166,0.045
1418+546,2007,43,214.9441558334,0.184,54.3874408776,0.137,-0.024
1418-782,2007,1,215.9314604544,23.621,-78.4930253498,11.219,0.93
1421+122,2007,1,215.8754215925,3.284,11.9975667944,2.36,-0.438
1424+366,2007,1,216.6545309639,0.395,36.4193259549,0.313,0.306
1424-418,2007,91,216.9845731853,0.395,-42.1053993398,0.376,0.052
1432+200,2007,2,218.6658055899,0.193,19.8668709961,0.216,0.107
1435+638,2007,1,219.1908423943,0.323,63.6105184056,0.169,0.0
1436+763,2007,1,218.9462499647,10.775,76.090508383,3.682,0.055
1441+252,2007,1,220.9870508549,0.199,25.0290251097,0.204,-0.266
1442+101,2007,2,221.3186052111,0.22,9.9766869007,0.243,0.162
1443-162,2007,3,221.4724011826,0.792,-16.483783038,1.185,-0.362
1445-161,2007,4,222.0627254988,1.398,-16.3401521025,1.548,-0.015
1448+762,2007,3,222.1199124028,0.563,76.0198881408,0.149,-0.017
1448-648,2007,1,223.1653298436,1.014,-65.0342869482,0.67,0.312
1451-375,2007,16,223.6142071324,0.472,-37.7925400763,0.468,-0.302
1451-400,2007,2,223.6371346612,0.614,-40.209031728,0.836,0.835
1454-354,2007,6,224.3612986636,1.982,-35.652769925,0.961,0.508
1456+044,2007,1,224.7473175515,0.241,4.270505683,0.3,-0.094
1458+088,2007,1,225.1416826566,4.308,8.661614554,8.89,0.471
1458+718,2007,2,224.7815996048,0.568,71.6721850189,0.192,-0.017
1459+480,2007,1,225.2027255816,0.592,47.8543163232,0.848,0.343
1502+036,2007,3,226.2769881611,0.184,3.4418923882,0.227,0.162
1502+106,2007,2,226.1040823442,0.187,10.4942218239,0.172,0.119
1504+377,2007,1,226.5397081406,0.12,37.5142035284,0.146,0.074
1504-166,2007,5,226.7699457404,0.315,-16.8750742671,0.589,-0.281
1505+514,2007,1,226.7983982812,0.842,51.288017682,0.649,0.011
1508-055,2007,2,227.72329762,0.11,-5.7187271953,0.281,0.276
1508-656,2007,1,228.214797566,10.944,-65.8839454241,25.413,0.901
1510-089,2007,2,228.2105537743,0.191,-9.0999527513,0.303,0.132
1511-476,2007,1,228.6667690688,0.496,-47.8082936826,0.674,0.191
1514+197,2007,2,229.236650702,0.119,19.5369421445,0.223,0.179
1514-241,2007,4,229.4242214061,0.196,-24.3720766608,0.408,-0.016
1519+181,2007,1,230.3232470883,6.606,17.9336301948,2.504,-0.261
1519-273,2007,57,230.6569832928,0.223,-27.5029959429,0.269,0.068
1519-294,2007,4,230.6061928573,0.699,-29.6070083785,1.266,-0.03
1520+319,2007,1,230.5416321729,0.145,31.7373282407,0.149,-0.15
1528+381,2007,1,232.5677175107,0.847,37.975323799,1.055,-0.504
1532+016,2007,1,233.7185570037,0.089,1.5178352455,0.208,0.028
1538+149,2007,1,235.2062145978,0.164,14.7960790273,0.15,0.103
1540-828,2007,1,237.74636906,74.15,-82.9685612258,9.777,0.151
1541+050,2007,1,235.8913571288,0.4,4.8720331081,0.828,0.105
1546+027,2007,2,237.372653429,0.158,2.6169897389,0.226,0.15
1549-790,2007,1,239.2452898923,3.193,-79.2345228722,0.637,0.293
1554-643,2007,2,239.7095182465,1.115,-64.5415661471,1.914,-0.058
1556-245,2007,5,239.9225377493,0.975,-24.7107866773,1.32,-0.145
1557+032,2007,2,239.8790526168,0.149,3.0800713602,0.204,0.032
1600+335,2007,2,240.5302644548,0.148,33.4480757029,0.183,0.07
1600-445,2007,1,241.1292527431,0.734,-44.6922140717,2.756,-0.778
1601+112,2007,1,240.9247135277,2.2,11.0968551801,2.478,0.524
1604-333,2007,3,241.894842726,1.175,-33.5191426877,1.345,-0.049
1606+106,2007,126,242.1925132686,0.154,10.4854933029,0.223,0.004
1606-398,2007,1,242.5911629915,2.519,-39.9828697116,1.896,0.133
1608+243,2007,1,242.6751115363,0.149,24.2469476462,0.206,-0.351
1610-771,2007,5,244.4553181717,1.201,-77.2884632271,0.272,0.326
1611+343,2007,108,243.4211009699,0.16,34.2133080263,0.188,0.059
1611-710,2007,3,244.1276729866,1.339,-71.1420706331,0.753,-0.075
1614+051,2007,1,244.1564868016,0.185,4.9924270054,0.188,0.164
1615+029,2007,1,244.4579505913,0.414,2.7786404201,0.461,0.359
1616+063,2007,2,244.765365232,0.266,6.2172898415,0.353,0.265
1619-680,2007,1,246.0768209955,0.634,-68.1534714782,0.389,-0.073
1622-253,2007,113,246.4453818201,0.278,-25.4606463079,0.325,-0.139
1622-297,2007,2,246.5250869396,0.454,-29.8574926501,0.945,0.434
1624+416,2007,2,246.4902904892,0.166,41.5779525611,0.235,0.361
1624-617,2007,2,247.2278741691,0.755,-61.8767772501,0.547,0.111
1627+476,2007,1,247.1562678133,6.856,47.5695593898,4.663,0.592
1629+680,2007,1,247.4659934186,8.088,67.9541509626,12.969,0.259
1633+382,2007,3,248.8145539596,0.161,38.1345834591,0.167,0.152
1633-810,2007,1,250.7389400752,4.138,-81.1430750177,1.017,-0.279
1634+600,2007,1,248.9068698229,0.809,59.9208549937,0.588,-0.093
1637+574,2007,1,249.5560679664,0.269,57.3399942645,0.196,0.136
1637+826,2007,8,248.1332077323,1.591,82.5378888733,0.152,-0.284
1637-771,2007,1,251.0671726345,18.526,-77.2635559529,15.008,0.854
1638+398,2007,19,250.1234698544,0.154,39.7794523362,0.16,0.065
1639+230,2007,2,250.3551148334,0.142,22.9511201653,0.185,0.115
1639-062,2007,1,250.5090735585,0.274,-6.3565820787,0.497,-0.045
1641+399,2007,4,250.7450419413,1.836,39.8102761614,1.335,0.161
1642+690,2007,2,250.5327023846,0.374,68.9443767931,0.155,-0.032
1645+174,2007,1,251.9243308789,1.772,17.3366216911,2.921,-0.042
1645+271,2007,1,251.8899933419,0.85,27.0995261463,0.791,0.182
1647-296,2007,3,252.6647668433,0.997,-29.7297095488,1.274,-0.213
1648+084,2007,1,252.6565110512,0.344,8.4145086578,0.507,-0.092
1651+391,2007,1,253.2437898833,0.216,39.0471728163,0.171,-0.353
1652+398,2007,6,253.4675695773,0.199,39.7601691351,0.179,-0.156
1655+077,2007,3,254.5375477897,0.127,7.6909834841,0.188,0.314
1656+053,2007,2,254.6393638533,0.16,5.2545677435,0.254,0.072
1656+348,2007,1,254.5059134702,0.497,34.7245560103,0.35,-0.003
1656+477,2007,2,254.5115816444,0.221,47.6303419361,0.246,0.267
1656-075,2007,1,254.6835916888,0.161,-7.6549148972,0.285,-0.059
1657-261,2007,2,255.2214752257,0.182,-26.1810347138,0.229,0.063
1657-562,2007,1,255.4369087852,0.476,-56.3655283888,0.519,0.042
1659-621,2007,2,255.9022548931,0.752,-62.2111135329,0.587,0.12
1700+685,2007,1,255.0387204764,1.321,68.5019334876,0.527,0.023
1704+512,2007,1,256.3600566152,1.069,51.1598333756,1.831,0.165
1705+018,2007,3,256.8933969666,0.161,1.81269421,0.238,0.047
1705+456,2007,1,256.8239724943,0.121,45.6029313673,0.094,-0.159
1706-174,2007,9,257.3931058244,0.237,-17.4814903522,0.624,-0.079
1717+178,2007,1,259.8043687437,0.236,17.7517881502,0.229,0.121
1718+384,2007,1,260.0430618808,0.516,38.4322678524,0.647,-0.017
1718-649,2007,3,260.9209551537,0.947,-65.0101694263,0.872,0.006
1721+343,2007,1,260.8366497715,0.378,34.2994345693,0.513,-0.286
1722+330,2007,1,261.059157633,0.234,33.0510942625,0.257,-0.168
1724+609,2007,1,261.1725631547,1.851,60.9321469567,0.912,-0.331
1725+044,2007,2,262.1039696993,0.118,4.4513650071,0.16,-0.191
1725+123,2007,1,262.029380081,0.46,12.2609678859,0.607,-0.382
1725-795,2007,1,263.4195848109,1.699,-79.5988104684,0.412,0.024
1726+455,2007,5,261.8652117308,0.366,45.5110365209,0.371,0.362
1727+502,2007,1,262.0776002087,0.433,50.2195749969,0.295,-0.147
1727-052,2007,1,262.6378166294,1.899,-5.2522430558,3.206,0.286
1732+389,2007,2,263.585743872,0.18,38.9642897377,0.168,-0.08
1734-228,2007,1,264.2584715097,3.488,-22.8653872603,6.729,0.579
1736+324,2007,1,264.6687579979,0.614,32.4025074727,1.103,-0.17
1738+476,2007,2,264.9880379075,0.193,47.6328781539,0.175,0.04
1738+499,2007,2,264.8641270531,0.261,49.9176022195,0.242,-0.08
1739+522,2007,101,265.1540743037,0.22,52.1953909393,0.155,0.063
1741-038,2007,131,265.9952338974,0.165,-3.8346156916,0.252,0.029
1742-088,2007,1,266.1983410418,2.414,-8.8206468257,4.533,-0.236
1743+173,2007,2,266.3967008123,0.329,17.3337287323,0.29,0.316
1744+557,2007,1,266.2358626745,0.351,55.7047670079,0.257,0.235
1745+624,2007,51,266.5584756488,0.359,62.4485384814,0.186,0.115
1745+670,2007,1,266.476490079,1.947,67.0636938931,0.631,0.135
1746+470,2007,2,266.8610303413,0.231,46.9808128076,0.235,-0.137
1749+096,2007,131,267.8867440471,0.145,9.6502023765,0.227,0.039
1749+701,2007,1,267.1368347029,0.463,70.09743576,0.14,-0.422
1750-187,2007,1,268.2878681095,2.223,-18.7273718817,5.87,0.787
1751+288,2007,2,268.4269735647,0.096,28.8013718479,0.13,0.037
1751+441,2007,2,268.3443661286,0.17,44.1626906181,0.152,0.193
1754+155,2007,1,269.2212589281,0.179,15.589118393,0.199,-0.079
1758+388,2007,1,270.1031889345,0.202,38.808527111,0.201,0.194
1758-651,2007,2,270.847903086,0.767,-65.1268781664,0.264,-0.11
1759-396,2007,1,270.6778334025,0.295,-39.6688629849,0.945,-0.426
1800+440,2007,2,270.3846450903,0.177,44.0727499854,0.192,0.015
1803+784,2007,33,270.1903495132,0.561,78.4677828963,0.115,0.041
1806+456,2007,1,272.0911908778,0.672,45.7057961409,0.481,-0.244
1806-458,2007,1,272.4911323288,0.789,-45.878059632,1.278,-0.332
1807+698,2007,86,271.7111693353,0.416,69.8244745978,0.142,0.009
1815+531,2007,1,274.2377952976,0.724,53.1290279484,0.596,-0.044
1815-553,2007,23,274.9391647198,1.264,-55.3557624652,0.356,0.023
1821+107,2007,2,276.0118968335,0.141,10.7399372495,0.285,0.08
1822+033,2007,1,276.1336088991,0.608,3.3683152089,1.282,-0.513
1823+568,2007,2,276.0294515304,0.271,56.8504141444,0.147,-0.13
1824-582,2007,2,277.3016766634,0.685,-58.231989332,0.646,-0.042
1825+266,2007,1,276.8338940555,0.573,26.6400422389,0.889,0.105
1829-718,2007,1,278.9050143755,16.396,-71.8328344111,22.472,0.424
1830+285,2007,2,278.2091067138,0.157,28.5599876344,0.175,-0.333
1837+409,2007,1,279.7741806246,3.183,41.0164146826,4.005,0.155
1842+681,2007,1,280.6401742851,1.546,68.1570075669,0.427,0.178
1846+322,2007,1,282.0920357286,0.138,32.3173898623,0.146,-0.289
1849+670,2007,4,282.3169678215,0.26,67.0949111992,0.105,0.052
1851+609,2007,1,282.9681708091,4.889,61.0107722651,1.423,0.511
1855+163,2007,1,284.3566481241,0.781,16.4155109191,1.868,0.607
1901+319,2007,1,285.7330790296,0.525,31.9949169783,0.415,0.141
1902-119,2007,1,286.3691158952,1.244,-11.8923376308,1.829,0.626
1903-802,2007,2,288.1667462004,3.427,-80.1683183447,0.68,-0.499
1908+484,2007,1,287.4440111088,0.724,48.5755054626,0.537,-0.28
1908-201,2007,25,287.7902203819,0.184,-20.1153081435,0.413,-0.058
1909+161,2007,1,287.9927391815,0.117,16.1963514498,0.169,-0.058
1918+267,2007,1,290.1212840671,0.547,26.8633338192,1.236,-0.113
1920-211,2007,1,290.884124209,0.151,-21.0759257384,0.334,-0.107
1921-293,2007,36,291.2127330914,0.264,-29.2417001924,0.395,0.465
1923+210,2007,71,291.4983556955,0.218,21.1072673309,0.231,0.233
1925-610,2007,1,292.5256675085,0.716,-60.9358843131,0.694,0.484
1928+738,2007,3,291.9520630678,0.525,73.9671027519,0.16,-0.051
1929+226,2007,3,292.853819936,0.232,22.7253495515,0.295,-0.067
1929-457,2007,3,293.1870325839,1.074,-45.6105357849,1.876,-0.121
1932+204,2007,1,293.7936371366,0.167,20.5317095691,0.245,-0.276
1932-161,2007,1,293.8991467924,0.657,-16.042325734,1.246,-0.116
1933-400,2007,4,294.317572404,0.319,-39.9670980554,0.467,0.366
1935-692,2007,2,295.1063674155,1.059,-69.1324920806,0.591,-0.33
1936-155,2007,2,294.8610740123,0.251,-15.4286273095,0.85,-0.035
1937-101,2007,2,294.9885690475,0.19,-10.0448667703,0.324,0.195
1954+513,2007,2,298.9280761114,0.167,51.530151702,0.201,0.08
1954-388,2007,42,299.4992469903,0.339,-38.7517653643,0.35,0.021
1955+343,2007,1,299.3935621569,2.122,34.4651746014,2.767,-0.174
1958-179,2007,57,300.2378768561,0.172,-17.816020099,0.229,0.113
1959+067,2007,1,300.5398952145,0.878,6.8542757315,1.292,0.382
2000+148,2007,1,300.6749967745,0.127,15.0207150091,0.228,-0.394
2000-330,2007,5,300.8504848269,0.222,-32.8625368436,0.59,0.101
2002-375,2007,3,301.4794623882,1.421,-37.3948548496,1.057,0.405
2003+662,2007,1,300.9771230583,3.846,66.4323267419,1.221,0.199
2005-489,2007,1,302.3557927812,6.553,-48.8315898771,1.929,0.969
2007+777,2007,2,301.3791608128,1.094,77.8786798751,0.232,0.323
2008-068,2007,2,302.8092326818,0.156,-6.7343208381,0.33,-0.412
2013+163,2007,1,304.0577500645,0.149,16.5428092241,0.212,-0.35
2013+508,2007,1,303.6191246292,2.316,50.9859799824,1.39,-0.24
2017+745,2007,1,304.3044969122,0.55,74.6799999196,0.141,-0.046
2018+282,2007,1,305.1911270669,6.176,28.4497767749,5.131,0.045
2021+317,2007,2,305.8292389703,0.39,31.8839739126,0.337,0.127
2027-035,2007,1,307.5311490377,0.954,-3.4201513249,1.056,0.046
2029+024,2007,1,307.9468796091,0.133,2.6603566401,0.283,-0.258
2029+121,2007,4,307.9791427934,0.122,12.328150049,0.159,0.078
2030-689,2007,1,308.9536511449,1.778,-68.7760666236,0.427,-0.141
2037+511,2007,121,309.6543113992,0.23,51.3201840526,0.168,-0.014
2037-253,2007,3,310.0365539341,1.096,-25.1296288422,1.069,-0.387
2044-188,2007,1,311.9068966473,0.559,-18.6948201277,1.184,-0.054
2048+312,2007,1,312.71304778,0.376,31.4576036616,0.308,0.208
2052-474,2007,48,314.068165877,0.34,-47.2465632016,0.325,-0.003
2058-297,2007,5,315.2569163892,1.129,-29.5577323395,1.287,-0.033
2059+034,2007,8,315.4118090625,1.47,3.6920338703,1.438,0.318
2059-786,2007,1,316.4373390175,2.144,-78.4262631015,0.307,0.146
2106-413,2007,2,317.3882861521,0.786,-41.1723900346,0.684,0.661
2109-811,2007,1,319.1285254617,3.881,-80.8986732412,0.391,-0.331
2113+293,2007,58,318.8725560695,0.163,29.5606575199,0.224,0.099
2114+053,2007,1,319.1526452591,0.348,5.6047347348,0.64,-0.121
2117-614,2007,1,320.2669762387,1.316,-61.1901735072,0.656,0.19
2117-642,2007,1,320.4792534349,11.804,-64.0750062088,33.882,-0.38
2119+664,2007,1,320.1925089067,5.462,66.7056202194,1.984,0.616
2121+053,2007,38,320.9354891327,0.164,5.5894702402,0.265,0.079
2126-158,2007,71,322.3007328996,0.23,-15.6447337774,0.435,0.129
2127-096,2007,1,322.5795344076,0.16,-9.4603986056,0.287,-0.194
2128-123,2007,13,322.8969239028,0.315,-12.1179991113,0.768,0.35
2131-021,2007,5,323.5429565407,2.32,-1.8881218152,0.984,0.533
2134+004,2007,13,324.1607762265,0.255,0.6983920444,0.374,0.16
2135-184,2007,1,324.6747093295,14.661,-18.1790064023,22.078,-0.762
2136+141,2007,80,324.7554552993,0.183,14.3933311994,0.27,-0.174
2138-377,2007,2,325.4685368482,2.096,-37.4869420325,1.581,-0.24
2139-249,2007,1,325.6289956337,0.559,-24.7441201633,0.873,-0.124
2141+175,2007,1,325.8981024603,0.376,17.7302186884,0.588,0.053
2142+110,2007,1,326.3282295126,0.269,11.2575867889,0.356,-0.427
2142-758,2007,3,326.8030446249,1.781,-75.6036734079,0.435,-0.329
2143-156,2007,2,326.5957473619,2.887,-15.4288566933,4.176,0.768
2144+092,2007,1,326.7923457983,0.191,9.4962979429,0.229,-0.079
2145+067,2007,22,327.0227444939,0.137,6.9607234153,0.197,0.068
2146-783,2007,2,328.0131435242,2.885,-78.1185109765,0.665,0.518
2147-284,2007,1,327.7211993836,0.629,-28.211615385,1.024,-0.147
2149+056,2007,48,327.9078145471,0.357,5.8702652167,0.554,-0.406
2149-307,2007,3,327.9813503557,1.068,-30.4649160669,0.779,0.361
2150+173,2007,2,328.1034141817,0.147,17.5771653264,0.193,-0.068
2155+312,2007,1,329.3700993941,0.454,31.4503755495,0.732,-0.129
2155-152,2007,1,329.5261740762,0.467,-15.0192581721,0.772,-0.234
2155-304,2007,3,329.7169380091,0.938,-30.2255884967,0.932,-0.059
2200+420,2007,4,330.6803807469,0.153,42.2777722066,0.189,0.114
2201+044,2007,1,331.0735514248,0.325,4.6672285264,0.534,-0.332
2201+315,2007,59,330.8123991612,0.324,31.7606305395,0.342,-0.064
2203-188,2007,1,331.5433985839,4.316,-18.5940999602,6.711,-0.355
2204-540,2007,2,331.9322222151,0.631,-53.7760609474,0.519,-0.067
2205+166,2007,1,331.970273683,0.302,16.8716153634,0.419,0.288
2205+743,2007,1,331.4474537846,0.656,74.6058488661,0.187,-0.321
2207+087,2007,1,332.5252095012,1.096,8.9582116665,1.684,0.474
2209+236,2007,25,333.0248596058,0.122,23.9279288637,0.183,0.035
2210+277,2007,1,333.1629308772,2.219,27.9940148647,3.348,0.527
2210-257,2007,3,333.2604084637,0.874,-25.4916890925,0.827,0.243
2214+350,2007,3,334.0833745947,0.169,35.3039388593,0.199,-0.078
2215+020,2007,1,334.4509914472,1.281,2.3363095543,1.72,0.432
2216+178,2007,1,334.8087189983,0.385,18.1098836555,0.622,0.14
2216-038,2007,2,334.7168238654,0.119,-3.5935777699,0.252,-0.081
2217-011,2007,1,334.9470100509,0.449,-0.8590434208,0.969,-0.334
2220-351,2007,1,335.7747088541,6.095,-34.9297720245,5.989,0.232
2223-052,2007,90,336.4469137239,0.172,-4.9503863286,0.28,-0.058
2229+695,2007,1,337.6519570416,0.579,69.7744657641,0.192,0.004
2230+114,2007,2,338.1517037914,0.141,11.7308067223,0.167,-0.03
2232-488,2007,4,338.8051527406,0.701,-48.5996654831,1.293,-0.473
2234+282,2007,47,339.0936284267,0.223,28.4826147654,0.239,0.245
2234+420,2007,1,339.267541123,0.594,42.2800729182,0.492,0.034
2235+731,2007,2,339.1608206369,0.811,73.3812950559,0.244,0.089
2236-572,2007,3,339.8003163919,0.665,-57.016899776,0.828,-0.429
2243+047,2007,1,341.4735587557,0.185,5.0158230637,0.347,-0.218
2243-123,2007,86,341.5759665658,0.275,-12.1142438334,0.473,0.361
2244-372,2007,3,341.7663223508,1.315,-36.9628624128,1.098,0.078
2250+190,2007,3,343.2807050144,0.301,19.7096191062,0.322,0.11
2251+158,2007,3,343.4906165748,0.129,16.1482113081,0.204,-0.009
2252-090,2007,1,343.7676661977,1.833,-8.7344490421,3.098,0.159
2253+227,2007,1,344.0444809208,11.524,23.0292150035,5.016,-0.664
2253+417,2007,2,343.9029492882,0.13,42.0479256661,0.145,0.029
2254+024,2007,2,344.3231794641,0.314,2.7215309475,0.351,0.839
2254+074,2007,2,344.3220964103,0.253,7.7200839656,0.436,-0.122
2255-282,2007,33,344.5248453455,0.345,-27.9725713343,0.476,0.557
2300+142,2007,1,345.7914699801,0.385,14.5281539228,0.648,-0.033
2300-683,2007,2,345.9315192351,0.967,-68.1270675792,0.374,0.441
2304+377,2007,1,346.7541443632,4.572,38.0450640704,4.077,-0.117
2306-312,2007,3,347.309714201,1.218,-30.9868287177,0.938,0.232
2307+106,2007,1,347.6188240064,0.211,10.9251935872,0.23,-0.14
2312-319,2007,3,348.7020857782,1.04,-31.6443131667,0.929,0.095
2314-340,2007,3,349.1807765473,1.782,-33.8201350944,1.276,-0.165
2316+238,2007,1,349.6415328925,0.359,24.0777081641,0.505,-0.101
2318+049,2007,85,350.1869025173,0.202,5.2305423941,0.264,-0.205
2319+272,2007,2,350.4994258901,0.168,27.5462343431,0.196,0.185
2319+317,2007,1,350.4789830638,0.366,32.0687841295,0.564,-0.081
2320+506,2007,2,350.6082591034,0.224,50.9644342186,0.235,-0.199
2320-035,2007,4,350.8831405854,0.84,-3.2847284716,1.372,0.4
2321-375,2007,1,351.029632572,1.677,-37.2395708729,1.459,0.482
2325-150,2007,3,351.9498507211,1.442,-14.7988197958,0.809,0.421
2326-477,2007,1,352.3237683519,0.644,-47.505309576,0.849,-0.017
2329-162,2007,3,352.9110518815,0.157,-15.9491691791,0.338,-0.139
2329-384,2007,4,352.997817485,0.653,-38.196569905,1.187,0.136
2331+073,2007,1,353.5534505326,0.316,7.6076528996,0.555,-0.076
2333-415,2007,1,354.141604466,1.031,-41.2561063188,1.165,0.083
2335-027,2007,2,354.4889127164,0.157,-2.516008065,0.162,0.034
2344+514,2007,1,356.7701535792,1.467,51.7049669894,0.862,-0.501
2344-514,2007,3,356.8327672669,0.688,-51.1766848512,1.054,-0.298
2349-014,2007,1,357.9838442395,0.457,-1.1536985949,0.978,-0.687
2351+456,2007,4,358.5903342394,0.165,45.8845101583,0.174,0.046
2351-309,2007,3,358.44774551,0.937,-30.6301396732,0.918,0.377
2353-686,2007,3,359.0028389887,0.971,-68.3342976985,0.514,0.087
2355-106,2007,3,359.5453433434,0.153,-10.3357252724,0.315,0.013
2355-534,2007,1,359.4719419377,0.491,-53.1871359741,0.487,0.566
2356+385,2007,75,359.8882533266,0.256,38.8450884255,0.272,-0.015
2358+189,2007,1,0.2859232678,0.17,19.2427227813,0.311,-0.261
