iers_name,year,num_ses,ra,ra_err,dec,dec_err,ra_dec_corr
0002-478,2008,2,1.1485646184,0.703,-47.6054456713,0.919,0.456
0003+380,2008,4,1.4882307466,0.171,38.3375413732,0.214,0.102
0003-066,2008,87,1.5578870692,0.22,-6.3931487602,0.5,0.135
0005-239,2008,1,2.0015394232,1.608,-23.6550426637,8.616,-0.555
0007+106,2008,4,2.629191306,0.366,10.9748622133,0.532,-0.06
0007+171,2008,2,2.6416278748,0.171,17.4052115394,0.279,-0.171
0008-264,2008,4,2.7551947455,0.343,-26.2092713271,0.454,0.214
0010+405,2008,3,3.3797092166,0.169,40.8603178482,0.171,-0.022
0014+813,2008,82,4.2853122069,1.664,81.5855934567,0.272,0.025
0016+731,2008,4,4.9407765431,0.544,73.4583382225,0.155,-0.341
0019+058,2008,3,5.6351716763,0.196,6.1345191467,0.447,0.37
0024+224,2008,1,6.8140488236,1.009,22.6994637728,1.102,-0.036
0027+056,2008,1,7.4412344714,0.883,5.9113099881,1.175,-0.419
0035+413,2008,2,9.6035150197,0.206,41.6183333482,0.207,0.029
0035-252,2008,2,9.5613980257,0.353,-24.9839540592,0.304,-0.522
0039+230,2008,2,10.5189382624,0.259,23.3336283592,0.442,0.062
0039+568,2008,1,10.5810492472,0.879,57.143496183,0.773,-0.275
0046+316,2008,2,12.1964228459,0.206,31.956967903,0.303,0.1
0047+023,2008,2,12.4301498846,0.69,2.6177160421,1.238,0.032
0047-579,2008,3,12.4978045965,0.602,-57.6409277148,0.883,0.298
0048-097,2008,65,12.6721557934,0.143,-9.4847806092,0.282,-0.095
0048-427,2008,4,12.789590925,0.757,-42.4425814724,0.941,0.074
0054+161,2008,2,14.2303930284,0.302,16.4203723224,0.425,0.174
0055-059,2008,5,14.5211096014,0.159,-5.6645217044,0.216,0.36
0059+581,2008,109,15.6906766305,0.26,58.4030935359,0.166,0.087
0104-275,2008,1,16.6086704651,20.513,-27.3032910973,24.04,0.95
0104-408,2008,102,16.6879498997,0.337,-40.5722111796,0.416,0.071
0106+013,2008,46,17.1615463344,0.163,1.5834214969,0.302,0.067
0107-610,2008,4,17.314480049,0.624,-60.8301276365,0.598,0.187
0109+224,2008,5,18.0242696763,0.218,22.744107355,0.233,0.131
0110+495,2008,2,18.3625283589,0.24,49.8066787257,0.245,-0.144
0110-668,2008,3,18.0788036648,1.441,-66.5792189976,0.844,0.371
0111+021,2008,4,18.4297705609,0.152,2.3714769654,0.654,0.259
0112-245,2008,1,18.7388601215,0.458,-24.3290776917,1.024,0.319
0113-283,2008,1,18.8495166088,7.487,-28.0820050163,2.958,0.651
0115-214,2008,2,19.4532502652,1.226,-21.1851759695,0.705,-0.252
0116-219,2008,4,19.7385925695,0.929,-21.691705446,1.044,0.005
0119+041,2008,11,20.4869237268,0.256,4.3735374606,0.592,0.015
0119+115,2008,78,20.423312712,0.12,11.8306703885,0.277,0.041
0121+560,2008,1,21.1076131512,4.049,56.3144213643,2.429,0.853
0122-514,2008,3,21.2391311723,0.516,-51.2211575642,0.979,0.442
0123+257,2008,4,21.6783025228,0.466,25.9836946668,0.559,-0.497
0124-155,2008,1,21.6412114552,0.221,-15.3094767536,0.47,-0.025
0130-171,2008,3,23.1811978599,0.763,-16.913478245,1.066,-0.113
0131-522,2008,3,23.2740108679,0.635,-52.0010958639,1.153,0.439
0133+476,2008,96,24.2441450277,0.209,47.8580833626,0.183,0.083
0134+311,2008,6,24.2863901423,0.248,31.3766265146,0.397,-0.049
0135-247,2008,2,24.4097769097,0.194,-24.5149680605,0.611,0.217
0136+176,2008,1,24.9249138241,0.702,17.8854306025,1.125,0.12
0138-097,2008,7,25.357633895,0.23,-9.4787983944,0.401,0.177
0148+274,2008,3,27.8631090483,0.189,27.744942685,0.237,-0.195
0149+218,2008,2,28.0752460237,0.124,22.118805653,0.163,0.024
0150-144,2008,1,28.1333856698,1.906,-14.2109433607,3.055,-0.361
0150-334,2008,2,28.292174546,1.037,-33.1738505032,1.167,0.202
0151+474,2008,4,28.7345412096,0.224,47.7240388422,0.187,-0.103
0153+744,2008,2,29.3956869505,1.254,74.712008191,0.333,0.105
0155-549,2008,1,29.2071334986,9.087,-54.6634740948,9.801,-0.557
0159+723,2008,3,30.8891040776,0.488,72.5482409393,0.139,0.134
0201+113,2008,50,30.9444044467,0.252,11.5792803949,0.439,-0.05
0202+149,2008,40,31.2100578962,0.273,15.2364011295,0.547,-0.14
0202+319,2008,2,31.2705223573,0.166,32.2083598451,0.299,-0.368
0202-172,2008,3,31.2403097333,0.284,-17.0221780077,0.334,-0.108
0206+136,2008,1,32.3999932383,0.7,13.8668753124,1.644,0.125
0206-178,2008,1,32.1455972085,0.276,-17.6596338879,0.767,-0.011
0206-689,2008,1,31.9622156174,1.411,-68.6319910091,4.675,-0.379
0208-512,2008,45,32.6925018448,0.451,-51.0171921867,0.389,-0.077
0210-180,2008,1,33.0943483089,0.205,-17.7706507092,0.422,-0.011
0212+735,2008,3,34.3783896073,0.371,73.8257281493,0.105,-0.153
0215+015,2008,3,34.4539781086,0.105,1.7471385782,0.192,0.087
0216+011,2008,1,34.7792688403,0.575,1.3499637997,1.854,-0.601
0219+428,2008,2,35.6650479396,0.209,43.0354997098,0.212,0.091
0220-349,2008,5,35.7350069162,0.306,-34.6913143049,0.512,-0.307
0221+067,2008,2,36.118450819,0.213,6.9898172267,0.216,0.304
0222-234,2008,1,36.2617560652,0.271,-23.2134683638,0.585,-0.152
0224+671,2008,4,37.2085478561,0.363,67.3508415189,0.178,-0.099
0224-189,2008,1,36.6984515244,1.009,-18.7275659646,1.822,-0.829
0226-559,2008,1,37.0899934947,0.951,-55.7675802472,7.649,-0.427
0227+403,2008,1,37.6904620043,0.587,40.5480748111,0.749,0.334
0227-369,2008,1,37.3685378043,0.27,-36.7324506617,0.206,-0.039
0229+131,2008,49,37.9412252528,0.174,13.381865691,0.282,-0.128
0229+230,2008,1,38.0864856315,0.671,23.2991273606,1.2,-0.613
0230-790,2008,5,37.3956105691,2.138,-78.7960004986,0.614,-0.096
0234+285,2008,5,39.4683569973,0.136,28.8024972197,0.145,-0.035
0234-301,2008,3,39.1298728687,1.201,-29.8987610541,1.048,0.168
0235+164,2008,54,39.6622087961,0.123,16.6164651431,0.202,0.091
0235-618,2008,2,39.2218572558,0.652,-61.6042175663,0.389,0.225
0237-027,2008,12,39.9394677955,0.182,-2.5780317683,0.269,0.014
0237-233,2008,3,40.0340602012,0.601,-23.1543691614,0.985,-0.018
0239+108,2008,2,40.6215451786,0.184,11.0168690201,0.231,-0.144
0239+175,2008,2,40.6011179213,0.403,17.716346896,0.727,-0.116
0244-452,2008,1,41.4754616145,0.497,-44.9943365711,1.297,-0.615
0246+061,2008,1,42.3250670069,0.74,6.3310975553,1.263,-0.478
0248+430,2008,2,42.8939030962,0.179,43.2543970666,0.206,-0.022
0252-549,2008,3,43.3715850952,0.556,-54.6976210998,0.898,0.109
0256+075,2008,3,44.8628192696,0.216,7.7943452391,0.334,0.252
0256-005,2008,2,44.8688173376,0.251,-0.3333268903,0.886,0.228
0258+011,2008,1,45.3483629643,0.726,1.309999129,1.605,-0.076
0300+470,2008,1,45.8968427435,0.506,47.2711876532,0.325,-0.226
0301-243,2008,1,45.8604286373,0.281,-24.1198409441,0.575,-0.02
0302+625,2008,2,46.677748178,0.525,62.7172291103,0.229,0.086
0302-623,2008,3,45.9609642126,0.743,-62.1904304683,0.571,0.699
0305+039,2008,2,47.1092659515,0.325,4.1109171458,0.836,-0.727
0306+102,2008,5,47.2650979518,0.11,10.4878725381,0.198,-0.094
0307+380,2008,4,47.7078330302,0.28,38.2482883093,0.402,0.402
0308-611,2008,3,47.4837464817,0.641,-60.9775155416,0.376,0.143
0309+411,2008,5,48.2581755001,0.242,41.3336620312,0.269,0.436
0315-282,2008,1,49.3904150892,1.657,-28.0551664358,4.575,0.21
0316+413,2008,1,49.950667286,7.945,41.511697125,5.737,0.292
0316-164,2008,1,49.7730333546,0.237,-16.2297350662,0.522,-0.037
0316-444,2008,1,49.4903308835,5.925,-44.2380940671,27.697,0.627
0317+188,2008,2,49.9635696472,0.168,19.0253587872,0.275,0.096
0318-172,2008,1,50.0796143036,0.649,-17.0442037272,1.074,-0.419
0319+121,2008,2,50.4712646854,0.091,12.3538760509,0.243,-0.149
0322+222,2008,3,51.4033930553,0.23,22.4001014503,0.744,0.159
0325-182,2008,1,51.9305901079,0.519,-18.0616743406,0.967,-0.601
0326+277,2008,1,52.490289302,0.702,27.9376392741,1.02,-0.503
0332+078,2008,3,53.7221527662,0.256,8.0040054018,0.381,0.004
0332-403,2008,2,53.5568940255,0.359,-40.1403883524,0.428,-0.237
0333+321,2008,2,54.1254482798,0.28,32.3081506536,0.287,-0.024
0334-546,2008,3,53.9746869418,0.586,-54.5069763116,0.875,0.082
0335-122,2008,1,54.4810484471,4.995,-12.0679293237,4.209,-0.089
0336-019,2008,127,54.878907436,0.159,-1.7766122269,0.262,0.04
0338-214,2008,3,55.1483660456,0.271,-21.3253254926,0.402,-0.418
0340+362,2008,3,55.8706349916,0.278,36.3701192667,0.391,0.334
0342+147,2008,2,56.2767356537,0.276,14.8970995828,0.325,-0.098
0345+460,2008,9,57.3280899488,0.381,46.1665716894,0.348,-0.176
0346-279,2008,6,57.1589357228,0.206,-27.8204348966,0.371,-0.127
0347-211,2008,2,57.4909445026,0.21,-21.0465943694,0.947,-0.266
0355+055,2008,1,59.4421907073,0.986,5.7086829905,1.47,0.06
0355+508,2008,1,59.8739464504,3.768,50.9639345987,1.802,0.037
0355-669,2008,3,58.9495143041,2.175,-66.7593936733,1.066,0.702
0357-263,2008,1,59.8903543754,27.879,-26.258713806,27.176,-0.851
0358+210,2008,6,60.4381919497,0.211,21.1746074587,0.414,0.342
0400+258,2008,4,60.7732753448,0.137,26.0004175132,0.218,-0.068
0400-319,2008,3,60.5886084812,0.742,-31.7905404552,0.546,0.221
0402-362,2008,9,60.9739579548,0.393,-36.0838649284,0.586,0.445
0403-179,2008,1,61.5510171848,3.211,-17.8327586197,4.412,-0.015
0404-240,2008,1,61.6639169526,0.265,-23.9177188294,0.574,-0.154
0405-123,2008,6,61.9517957325,0.155,-12.1935165437,0.285,0.177
0405-385,2008,21,61.7459805106,0.399,-38.4411229096,0.495,0.045
0406+121,2008,2,62.3417029391,0.221,12.2944021172,0.264,0.325
0406-127,2008,1,62.2740407195,0.805,-12.6467074202,2.095,-0.132
0409+229,2008,1,63.1819457536,0.837,23.0848481247,1.044,0.099
0414-189,2008,6,64.1522685979,0.22,-18.8523167418,0.384,-0.085
0415+398,2008,2,64.8439564687,0.275,39.9247159705,0.291,-0.047
0418+532,2008,1,65.6849957561,0.766,53.4072953093,0.435,0.078
0420+022,2008,4,65.7175610655,0.144,2.3241475151,0.271,0.005
0420+417,2008,2,65.9833741472,0.109,41.8340869525,0.115,-0.17
0420-014,2008,7,65.8158363697,0.142,-1.3425182148,0.267,0.039
0422+004,2008,4,66.195175209,0.135,0.6017582081,0.251,-0.014
0422-380,2008,5,66.1760153633,0.751,-37.9391068544,0.734,0.411
0423+051,2008,2,66.652517145,0.31,5.3055202962,0.892,0.693
0425+174,2008,1,67.148473685,0.744,17.5398861578,1.103,-0.411
0426+273,2008,2,67.470669939,0.135,27.4105211674,0.35,0.292
0426-380,2008,3,67.1684342565,1.572,-37.9387724222,0.904,0.373
0430+052,2008,2,68.29623147,0.162,5.3543387033,0.205,0.21
0430+289,2008,3,68.4076244136,0.495,29.0987436032,0.506,0.361
0432-606,2008,1,68.3921189701,1.34,-60.5038267679,6.227,-0.691
0434-188,2008,21,69.256178123,0.27,-18.7468368818,0.965,-0.138
0436-129,2008,2,69.6459209241,0.591,-12.8509325482,2.701,-0.682
0437-454,2008,3,69.753561209,0.613,-45.3729343634,1.13,0.0
0438-436,2008,3,70.0715829925,1.088,-43.5523904449,1.66,0.532
0442+389,2008,2,71.5478917458,0.506,39.0047498701,0.515,0.519
0446+112,2008,6,72.2819629272,0.164,11.357943442,0.296,0.116
0451-282,2008,4,73.3110283258,0.142,-28.1270351856,0.371,0.207
0454+844,2008,13,77.1765146996,2.311,84.5345955701,0.271,-0.129
0454-220,2008,1,74.0371821686,0.842,-21.9859435593,1.559,-0.201
0454-234,2008,87,74.2632467477,0.239,-23.4144500386,0.352,-0.097
0454-463,2008,2,73.9615524019,0.752,-46.2662999199,1.235,0.151
0454-810,2008,3,72.5226664055,3.485,-81.0172865312,0.528,0.15
0457+024,2008,3,74.9668777305,0.378,2.4919934818,0.264,0.051
0458-020,2008,93,75.303374499,0.183,-1.9872933848,0.289,-0.096
0502+049,2008,3,76.3466030751,0.132,4.995201306,0.233,-0.069
0503-608,2008,3,76.0070880893,0.829,-60.8312609154,0.635,0.036
0506+101,2008,2,77.364404453,0.237,10.1957221578,0.675,-0.074
0506-612,2008,4,76.683286176,0.857,-61.1613871883,0.685,0.353
0507+179,2008,3,77.5098713994,0.238,18.0115505235,0.231,0.082
0510+559,2008,1,78.5779150787,4.195,56.0364043195,2.627,-0.693
0514-161,2008,1,79.0663726716,6.677,-16.0521212406,4.572,0.57
0515+208,2008,4,79.5159354634,0.167,20.9145826493,0.315,0.2
0516-621,2008,3,79.1871922164,0.819,-62.1181636545,0.528,0.779
0518+165,2008,2,80.2911917843,0.21,16.6394588841,0.191,-0.011
0521-365,2008,5,80.7416028742,0.354,-36.4585697639,0.755,0.137
0522-611,2008,3,80.6434392364,1.003,-61.1325371363,0.636,0.127
0524+034,2008,6,81.8862727025,0.136,3.5254212864,0.227,-0.016
0524-237,2008,1,81.7016060367,0.755,-23.7155165578,1.524,0.534
0524-460,2008,3,81.3808339067,0.829,-45.9651902246,1.361,0.405
0524-485,2008,3,81.5694637355,0.648,-48.5102198987,0.961,0.375
0525-231,2008,1,81.827533982,0.264,-23.1269444091,0.632,0.031
0527-253,2008,1,82.4877808162,0.19,-25.2663702459,0.302,-0.374
0528+134,2008,61,82.7350697289,0.133,13.531985963,0.231,-0.052
0529+483,2008,6,83.3161074232,0.161,48.3813354734,0.179,0.115
0530-727,2008,6,82.375175585,1.646,-72.7579187012,0.555,-0.176
0534-340,2008,7,84.1184682083,1.396,-34.01985234,0.927,0.311
0534-611,2008,2,83.6490519704,0.745,-61.1019648112,0.444,0.122
0536+145,2008,5,84.9265249843,0.239,14.5626559679,0.351,-0.059
0537-158,2008,2,84.8833758309,1.463,-15.8417559742,1.121,0.313
0537-286,2008,4,84.9761729491,0.883,-28.6655408897,0.999,0.267
0537-441,2008,125,84.7098398091,0.381,-44.0858163529,0.382,-0.055
0538+498,2008,2,85.6505745731,0.408,49.8520095334,0.355,0.387
0539-057,2008,3,85.4086804957,0.968,-5.6970635466,1.613,-0.026
0540-270,2008,1,85.5529730237,0.558,-26.9784836267,1.577,-0.729
0544+273,2008,2,86.8922872802,0.212,27.3657896974,0.528,0.49
0548+378,2008,1,88.0747372206,0.175,37.9070230541,0.24,0.283
0549-575,2008,2,87.5399174602,0.537,-57.5401101962,0.577,0.267
0552+398,2008,114,88.878356721,0.167,39.8136569063,0.165,-0.133
0556+238,2008,34,89.8834713827,0.241,23.898312966,0.379,0.248
0558-396,2008,1,90.1309063662,0.281,-39.61727685,0.64,0.018
0600+177,2008,2,90.7880427544,0.258,17.7046698602,0.318,0.088
0601-172,2008,1,90.9905530206,5.759,-17.2745041297,2.011,0.406
0602+673,2008,77,91.9694651543,0.513,67.3487249513,0.247,-0.222
0604+728,2008,1,92.7036345072,3.779,72.8147738489,0.892,0.228
0605-085,2008,3,91.9987467905,0.224,-8.5805492769,0.645,-0.187
0606-223,2008,2,92.2486952708,0.334,-22.3391546384,0.52,-0.097
0607-157,2008,93,92.4206230377,0.15,-15.7112978966,0.263,-0.003
0609+607,2008,4,93.599442472,0.278,60.7727099023,0.15,-0.208
0609-284,2008,1,92.9640224619,0.342,-28.4666260009,0.714,0.252
0611+131,2008,3,93.4903864675,0.18,13.1126114671,0.347,-0.109
0613+570,2008,3,94.3205107102,0.385,57.0212286789,0.184,-0.146
0615+820,2008,2,96.5125260582,1.32,82.0404355136,0.218,-0.1
0620+389,2008,2,96.0792553359,0.252,38.9468712096,0.273,-0.116
0621-786,2008,1,94.6256622601,3.729,-78.7172618959,2.163,-0.796
0625-354,2008,1,96.778038997,0.206,-35.4875941016,0.53,-0.235
0627-199,2008,2,97.349007706,0.152,-19.9888121332,0.186,0.403
0628-671,2008,1,97.1650331839,1.928,-67.2131694796,4.466,-0.712
0629-418,2008,3,97.7999918382,0.938,-41.9074853194,1.637,0.276
0632-183,2008,1,98.7958875578,0.386,-18.3572893171,0.856,-0.529
0632-235,2008,3,98.7458376892,0.506,-23.5866547452,0.365,0.092
0633-263,2008,1,98.8371209148,0.292,-26.3444078346,0.743,0.342
0633-26B,2008,1,98.8309009322,0.4,-26.3488105343,1.025,-0.566
0634-584,2008,1,98.9201250433,1.381,-58.4528564458,6.423,-0.737
0636+680,2008,2,100.5177397753,1.354,67.976561285,0.372,-0.264
0637-337,2008,2,99.8371028683,1.596,-33.766698249,0.759,0.346
0637-752,2008,34,98.9437831009,1.094,-75.2713375715,0.271,-0.038
0641+392,2008,3,101.2237900532,0.201,39.2465371967,0.304,-0.046
0642+449,2008,93,101.6334416928,0.199,44.8546083616,0.18,-0.204
0646-306,2008,4,102.0587352095,0.383,-30.7387942903,0.371,0.059
0648-165,2008,8,102.6024243731,0.162,-16.6277014235,0.303,-0.048
0648-287,2008,1,102.63719953,0.768,-28.8216267374,1.649,-0.764
0654+244,2008,1,104.2736482679,0.509,24.3987206963,0.849,-0.368
0656+082,2008,51,104.8249834794,0.249,8.225264855,0.576,-0.154
0657+172,2008,4,105.0063564153,0.133,17.1560281692,0.178,-0.07
0700-197,2008,2,105.6787528526,0.206,-19.8561210536,0.402,-0.054
0707+476,2008,2,107.6921036584,0.225,47.5364285167,0.153,0.014
0710+439,2008,2,108.4090171672,0.266,43.8214463762,0.506,0.02
0714+457,2008,2,109.4660517797,0.275,45.6342390737,0.25,-0.046
0716+714,2008,3,110.4727020605,0.56,71.3434343232,0.181,-0.17
0718+792,2008,85,111.5488967853,1.13,79.1919489286,0.17,-0.113
0718-154,2008,1,110.3062142682,0.435,-15.5113907527,1.434,-0.653
0722+145,2008,3,111.3200323213,0.137,14.4204851707,0.152,-0.05
0723+219,2008,2,111.5594197777,0.329,21.8889207331,0.567,-0.264
0723-008,2008,7,111.4609997248,1.221,-0.9157066874,1.606,0.268
0727+409,2008,1,112.713943656,1.862,40.8307859827,0.987,-0.358
0727-115,2008,142,112.5796353309,0.162,-11.6868334725,0.29,-0.05
0729+259,2008,2,113.2344802771,0.16,25.8107765091,0.298,0.159
0733-174,2008,5,113.9408852145,0.729,-17.5968060178,1.078,0.507
0733-187,2008,1,114.0099063379,1.459,-18.8860893845,2.14,0.287
0735+178,2008,4,114.5308072255,0.152,17.7052773078,0.219,0.12
0736+017,2008,2,114.8251412421,0.092,1.6179494199,0.176,-0.105
0738+313,2008,2,115.2945971352,0.395,31.2000638911,0.396,-0.076
0738+491,2008,4,115.5114540561,0.218,49.0043358802,0.171,0.072
0738-674,2008,3,114.7354004309,1.31,-67.5974518556,0.761,0.71
0743+259,2008,104,116.6078090896,0.185,25.817259614,0.289,-0.081
0743+277,2008,2,116.6684679392,0.195,27.5830686961,0.444,0.178
0743-673,2008,2,115.8817152692,1.295,-67.4404296344,0.424,-0.007
0745+241,2008,2,117.1504553112,0.127,24.006697241,0.222,0.308
0747+185,2008,3,117.5013748091,0.403,18.3865020701,0.881,0.253
0748+126,2008,2,117.7168572248,0.124,12.5180078403,0.185,-0.134
0749+540,2008,56,118.2557690457,0.214,53.8832325099,0.165,-0.059
0754+100,2008,3,119.2776789543,0.093,9.943014566,0.198,-0.115
0759+183,2008,4,120.7001331846,0.201,18.1636804874,0.366,0.031
0800+618,2008,4,121.3257482051,0.335,61.7399167504,0.19,-0.225
0804+499,2008,55,122.1652762154,0.295,49.8434806705,0.252,-0.361
0804-153,2008,1,121.7721208042,0.132,-15.5237170897,0.35,-0.283
0805+046,2008,1,121.989744647,0.766,4.5429250815,1.292,-0.222
0805+410,2008,28,122.2360502219,0.273,40.879135787,0.333,0.106
0805-077,2008,1,122.0647328735,0.949,-7.8527458844,1.368,-0.031
0806-153,2008,1,122.280799333,0.598,-15.5463541805,1.035,0.06
0808+019,2008,5,122.8612805033,0.202,1.7811724323,0.418,-0.139
0812+367,2008,2,123.8581036622,0.177,36.5875413013,0.226,0.047
0818-128,2008,2,125.2393650655,0.78,-12.9831022793,0.321,0.192
0820+560,2008,2,126.19681825,0.43,55.8785192319,0.273,0.006
0820-578,2008,1,125.3355312148,1.251,-58.0052106119,6.254,-0.745
0821+394,2008,3,126.2311827734,0.214,39.2783066724,0.247,-0.195
0823+033,2008,72,126.4597431281,0.157,3.1568111386,0.422,0.142
0826-373,2008,2,127.0199173042,2.275,-37.5184115466,1.033,0.467
0827+243,2008,2,127.7170258487,0.213,24.1832834011,0.3,-0.103
0828+493,2008,3,128.0967362323,0.339,49.2225106398,0.202,0.083
0829+046,2008,4,127.9536539903,0.31,4.4941905481,0.301,0.232
0831+557,2008,1,128.728766558,0.813,55.5725197983,0.522,-0.105
0833+585,2008,2,129.3433735217,0.24,58.4171791374,0.14,0.03
0834-201,2008,3,129.1633970713,0.874,-20.2831957888,1.396,0.111
0836+710,2008,3,130.3515220246,0.543,70.8950480669,0.156,-0.016
0839+187,2008,2,130.5212257519,0.496,18.5947198582,2.18,0.61
0847-120,2008,2,132.5401484647,0.24,-12.2264935612,1.272,-0.235
0850+581,2008,2,133.6749849346,0.324,57.9583163715,0.265,-0.11
0851+202,2008,77,133.703645537,0.125,20.1085113855,0.2,-0.025
0854-108,2008,9,134.1741839987,0.217,-11.0873417746,0.255,-0.075
0855-716,2008,1,133.7990415791,2.01,-71.8184612429,3.086,-0.779
0859+470,2008,3,135.7666253381,0.181,46.8511492501,0.186,-0.268
0859+681,2008,1,135.9714800344,2.432,67.9563015934,0.383,-0.284
0859-140,2008,3,135.5701289085,0.224,-14.2585761905,0.31,-0.359
0907+022,2008,1,137.4160328142,0.892,2.0014632374,1.139,-0.03
0912+029,2008,8,138.6579726322,0.189,2.7664575714,0.268,0.074
0912+297,2008,1,138.9683402406,0.326,29.5566788028,0.707,0.188
0917+449,2008,2,140.2435770465,0.408,44.6983291793,0.158,-0.104
0917+624,2008,4,140.4009628185,0.397,62.2644945398,0.187,-0.318
0918-297,2008,1,140.1799740655,0.204,-29.9417482253,0.477,-0.199
0919-260,2008,5,140.3723075544,0.244,-26.3120517006,0.384,-0.038
0920+390,2008,5,140.810220578,0.222,38.8277528996,0.299,-0.055
0920-397,2008,5,140.6934093079,0.263,-39.9930746685,0.43,-0.038
0923+392,2008,85,141.7625580959,0.159,39.0391254359,0.205,-0.097
0925-203,2008,5,141.9659346467,0.356,-20.5808978702,0.373,0.118
0928+008,2008,1,142.7177229035,0.772,0.5830400896,3.022,-0.819
0943+105,2008,2,146.6461248884,0.795,10.28503713,1.016,-0.022
0945+408,2008,3,147.2305755233,0.138,40.662385269,0.14,-0.171
0949+354,2008,1,148.1334424593,0.385,35.2145565613,0.703,0.141
0951+268,2008,3,148.6658187677,0.242,26.6568178055,0.443,-0.257
0951+693,2008,1,148.8882215016,1.49,69.0652945637,0.224,-0.008
0952+179,2008,3,148.7367650749,0.129,17.725339486,0.261,-0.037
0953+254,2008,46,149.2078141667,0.348,25.2544584156,0.311,0.407
0954+658,2008,5,149.6968546024,0.192,65.5652272071,0.095,0.088
0955+326,2008,3,149.5872901614,0.186,32.4006136746,0.278,0.134
0955+476,2008,99,149.5819651494,0.17,47.4188451062,0.174,-0.126
0958+346,2008,3,150.2997882946,0.202,34.4140165338,0.359,0.109
1004+141,2008,2,151.9229086828,0.141,13.9415557774,0.225,-0.011
1004-217,2008,2,151.6933905709,0.751,-21.9890025222,0.363,0.032
1004-500,2008,5,151.5583718872,0.607,-50.303741851,0.993,0.244
1011+250,2008,2,153.472619907,0.295,24.8212335193,0.252,-0.016
1012+232,2008,2,153.6961060285,0.202,23.0212696052,0.223,-0.102
1012-448,2008,3,153.7098124676,1.089,-45.1447650865,1.213,0.206
1013+054,2008,8,154.0130686302,0.148,5.2173170515,0.274,-0.097
1013+127,2008,2,153.9334307593,0.15,12.4519639262,0.416,-0.076
1013+208,2008,1,154.1846754311,0.62,20.629807171,0.83,0.053
1015+057,2008,2,154.6160344924,0.216,5.5083227053,0.26,-0.099
1015+359,2008,3,154.5457837184,0.129,35.71095572,0.257,0.049
1016-311,2008,5,154.6198060905,1.188,-31.3982915268,0.875,0.33
1020+400,2008,2,155.7981902162,0.288,39.8042737626,0.262,-0.116
1021-006,2008,1,156.1232780553,1.18,-0.8820817928,1.373,0.363
1022+194,2008,1,156.1867065565,0.523,19.2056713578,0.996,-0.606
1022-665,2008,1,155.9313882617,0.939,-66.7801993482,0.556,0.578
1027-186,2008,6,157.3879070046,0.464,-18.8806357211,0.627,-0.11
1030+074,2008,2,158.3917679066,0.254,7.1905966138,0.2,0.637
1030+415,2008,3,158.2654493934,0.231,41.2683980936,0.276,-0.03
1032-199,2008,6,158.7589802528,0.41,-20.1928776145,0.548,0.129
1034-293,2008,96,159.316998911,0.271,-29.567448158,0.365,0.015
1034-374,2008,3,159.2226651888,1.143,-37.7375179886,1.279,0.292
1038+064,2008,3,160.3215103775,0.097,6.1713678039,0.202,-0.037
1038+528,2008,4,160.4449235652,0.231,52.5578420558,0.173,0.104
1039+811,2008,2,161.0960925852,3.302,80.91095628,0.326,-0.485
1040+244,2008,4,160.7876491095,0.185,24.1431693386,0.343,-0.239
1044+719,2008,62,162.1150829061,0.433,71.7266496129,0.185,-0.202
1045-188,2008,2,162.0275859474,0.146,-19.1599239937,0.264,-0.197
1046-222,2008,1,162.3411215622,0.644,-22.5187525555,1.535,-0.779
1046-409,2008,2,162.1594632423,0.394,-41.2333657584,0.668,-0.368
1047+147,2008,1,162.4430316279,0.143,14.4940482152,0.275,-0.156
1048-313,2008,3,162.7699066795,0.923,-31.6373074843,1.172,0.207
1048-526,2008,1,162.6584521454,0.726,-52.8300932526,7.296,-0.62
1049+215,2008,2,162.9532877745,0.26,21.33119824,0.222,0.178
1049-726,2008,1,162.6885408059,1.478,-72.9089757525,2.647,-0.655
1053+704,2008,3,164.2234065133,0.553,70.1960876285,0.195,-0.069
1053+815,2008,58,164.5480641784,1.733,81.2424097886,0.272,0.06
1055+018,2008,3,164.6233549833,0.096,1.5663399068,0.22,-0.046
1055+201,2008,1,164.5745874518,0.796,19.8641305087,0.928,-0.422
1055-301,2008,1,164.5017801017,1.413,-30.4152855952,1.27,0.132
1056+212,2008,1,164.9126777422,1.285,20.9560989768,1.03,-0.586
1057-797,2008,49,164.6804568296,1.48,-80.0650443513,0.29,0.075
1059+282,2008,2,165.5595352943,0.384,27.9524134972,0.513,-0.295
1100+122,2008,2,165.7647076046,0.513,11.9712843155,1.053,0.186
1101+384,2008,18,166.1138081689,0.209,38.208833077,0.294,0.121
1101-325,2008,1,165.8813594822,1.58,-32.8546370124,1.539,0.244
1101-536,2008,3,165.9675902034,0.775,-53.950193447,0.986,0.337
1104-445,2008,1,166.7862241251,6.413,-44.8187852373,14.564,0.768
1105-680,2008,3,166.802897133,1.166,-68.3474242254,0.641,0.345
1111+149,2008,3,168.4945629019,0.194,14.7074869175,0.31,0.292
1116+128,2008,1,169.738755991,0.131,12.5782549923,0.204,-0.011
1116-462,2008,3,169.6123234621,0.792,-46.5708337628,1.166,0.134
1117-270,2008,1,170.0674617538,7.588,-27.3184360036,2.9,0.501
1123+264,2008,3,171.473799708,0.214,26.1722163929,0.195,-0.004
1124+571,2008,1,171.9172299525,1.051,56.8374429084,0.712,-0.315
1124-186,2008,84,171.7683018849,0.18,-18.9548448866,0.3,-0.003
1125+366,2008,2,171.9952951278,0.336,36.3412085418,0.501,-0.09
1127-145,2008,2,172.5293857852,0.696,-14.8242746837,1.439,-0.015
1127-443,2008,1,172.3821752909,0.848,-44.5972079447,9.943,-0.246
1128+385,2008,48,172.7220108831,0.141,38.2551519567,0.159,-0.041
1129-580,2008,3,172.9303667824,0.8,-58.314845481,0.833,0.381
1130+009,2008,4,173.3335658409,0.236,0.68134372,0.292,-0.079
1130-741,2008,1,173.079625218,1.78,-74.4191737191,2.321,-0.338
1131+730,2008,1,173.5475272579,12.197,72.8222343213,5.627,0.264
1133-032,2008,5,174.1024038535,0.215,-3.5081934401,0.367,0.216
1142+052,2008,1,176.3388116939,8.167,4.9240805481,5.548,0.295
1142-225,2008,1,176.3418613276,1.325,-22.8420359028,5.874,-0.358
1143+590,2008,1,176.6121323332,1.391,58.8095176674,0.734,-0.659
1143-245,2008,4,176.5337638021,0.351,-24.7924713765,0.752,0.151
1143-287,2008,4,176.609118798,1.136,-28.9884736795,0.828,0.143
1143-696,2008,3,176.4734338434,1.648,-69.9004993661,0.62,0.254
1144+402,2008,5,176.7429080533,0.232,39.9761956513,0.292,-0.128
1144-379,2008,82,176.7557112415,0.296,-38.2030620518,0.373,0.019
1145+268,2008,3,176.9990162451,0.15,26.5950924422,0.263,-0.03
1145-071,2008,2,176.9648084826,0.147,-7.4114280518,0.277,0.074
1147+245,2008,2,177.5800507578,0.174,24.2982875862,0.228,-0.152
1147-192,2008,1,177.6313629959,0.142,-19.5137635553,0.324,-0.244
1149-084,2008,8,178.0717063343,0.155,-8.6842538612,0.28,0.133
1150+497,2008,2,178.3519444321,0.302,49.5191196133,0.247,0.331
1150+812,2008,2,178.3020799675,0.954,80.9747650783,0.14,0.393
1156+295,2008,73,179.8826412889,0.182,29.2455074745,0.286,0.087
1156-214,2008,1,179.8393023066,0.146,-21.7124758439,0.324,-0.213
1156-663,2008,4,179.8262728077,1.039,-66.5942853549,0.872,0.195
1200+068,2008,1,180.7542200633,1.313,6.5782049055,1.326,-0.18
1204+399,2008,1,181.6543896055,0.901,39.6843742839,0.807,-0.625
1206-238,2008,1,182.2601871766,1.729,-24.1057662053,2.173,0.559
1210+197,2008,1,183.2337329628,0.911,19.4297265169,1.003,0.119
1212+087,2008,1,183.7496394401,4.716,8.4895894921,4.202,0.763
1212+171,2008,5,183.7665797308,0.202,16.9105436002,0.337,0.186
1213+350,2008,2,183.981671079,0.327,34.8042278654,0.415,-0.324
1213-172,2008,3,183.944798887,0.969,-17.5292784445,0.697,0.382
1215+303,2008,2,184.4670082239,0.351,30.1168433511,0.261,0.18
1216+487,2008,2,184.7767280875,0.174,48.4989346619,0.14,-0.002
1219+044,2008,38,185.5939567652,0.197,4.2210490109,0.503,-0.178
1219+285,2008,2,185.3820438161,0.437,28.2329167551,0.345,-0.074
1221+809,2008,2,185.9187236852,1.534,80.6678723797,0.246,-0.144
1222+131,2008,1,186.2655972957,0.145,12.8869831961,0.464,0.172
1223-188,2008,2,186.6469873953,0.221,-19.0773704755,0.517,-0.208
1226+373,2008,6,187.1975986064,0.229,37.1033599056,0.23,-0.006
1228+126,2008,98,187.7059307319,0.252,12.3911233014,0.38,0.038
1232+366,2008,1,188.7741936039,0.65,36.3553664916,0.876,-0.107
1236+077,2008,2,189.8524513469,0.119,7.5047747514,0.281,-0.199
1236-684,2008,3,189.9443803091,1.37,-68.7585812768,0.684,0.178
1237-101,2008,3,189.9294226425,0.219,-10.3913035465,0.253,0.094
1240+381,2008,2,190.7140377969,0.246,37.8500071862,0.478,-0.148
1243-072,2008,5,191.5176337839,0.888,-7.5129372364,1.271,0.096
1243-160,2008,1,191.4739262353,0.424,-16.2793625605,0.645,-0.102
1244-255,2008,9,191.695008506,0.257,-25.7970247017,0.331,0.006
1245-457,2008,1,192.1187299294,1.194,-45.996438822,1.126,-0.119
1251-197,2008,1,193.6552317626,0.245,-20.0156689938,0.585,-0.453
1251-713,2008,3,193.7496732267,1.272,-71.638454587,0.645,0.015
1252+119,2008,2,193.6593983523,0.162,11.6849709223,0.204,-0.393
1255-177,2008,5,194.6595904361,0.257,-18.0008678539,0.347,0.208
1255-316,2008,36,194.4960867857,0.371,-31.9213476933,0.513,0.346
1257+145,2008,2,195.0871617124,0.297,14.288480926,0.96,0.3
1300+580,2008,80,195.7186052941,0.338,57.8104470279,0.242,0.173
1302-102,2008,1,196.3875629037,0.501,-10.5553972918,1.469,0.348
1306+360,2008,2,197.0987880986,0.317,35.7769899785,0.443,0.12
1308+326,2008,81,197.6194327736,0.369,32.3454952291,0.415,0.052
1308+328,2008,6,197.7475114045,0.169,32.5595692905,0.22,-0.113
1308+554,2008,2,197.763378406,0.411,55.2317561199,0.329,-0.07
1313-333,2008,3,199.0332747889,0.224,-33.6497700282,0.338,-0.073
1315+346,2008,2,199.4020590147,0.331,34.4210924293,0.385,0.585
1317+019,2008,1,200.1116452464,0.839,1.6768922816,1.402,0.302
1317+520,2008,1,199.9424924363,1.012,51.8016049341,0.875,-0.513
1318-263,2008,1,200.308480873,13.881,-26.6029129342,12.37,0.692
1323+799,2008,1,200.9648753187,2.473,79.7144018899,0.817,-0.619
1323-527,2008,1,201.7051214857,0.444,-52.9399002645,7.2,0.227
1324+224,2008,10,201.7535887911,0.123,22.180600798,0.241,-0.087
1325-558,2008,1,202.2547703423,0.788,-56.134073981,0.818,-0.049
1326-697,2008,1,202.5461530679,1.06,-70.0536336558,3.135,0.329
1327+504,2008,3,202.2741779927,0.316,50.157333645,0.37,0.024
1331+170,2008,1,203.3990940331,0.669,16.8177817534,1.126,0.302
1333-152,2008,2,204.1420381639,0.181,-15.4966864887,0.43,-0.117
1333-337,2008,1,204.1626361084,0.65,-33.9658543871,1.171,-0.72
1334-127,2008,103,204.4157615831,0.161,-12.9568592619,0.288,-0.119
1335+552,2008,1,204.4568425668,0.98,55.017254572,0.909,0.083
1336-260,2008,1,204.8328779667,1.377,-26.3418039166,2.234,0.486
1339-287,2008,1,205.5639397105,1.283,-29.0116201713,0.601,0.171
1342+662,2008,6,205.9414983088,0.309,66.0404847018,0.184,-0.171
1342+663,2008,2,206.0361650347,0.63,66.1032343321,0.153,0.172
1347+539,2008,3,207.3944025887,0.239,53.6880666927,0.17,-0.084
1348+308,2008,2,207.7197342689,0.289,30.5815527488,0.424,-0.068
1349-439,2008,4,208.2355623356,0.611,-44.2112184664,0.578,0.102
1351-018,2008,50,208.5287305324,0.181,-2.100886237,0.514,0.256
1352-104,2008,8,208.6938278378,0.219,-10.6840711661,1.085,0.043
1354+195,2008,2,209.2684861712,0.158,19.3187146426,0.233,-0.042
1354-152,2008,8,209.2968540688,0.172,-15.4579963218,0.279,-0.007
1354-174,2008,3,209.2753090169,0.741,-17.7338623687,1.308,-0.245
1356+022,2008,1,209.8631222493,0.432,1.9984897339,1.422,-0.599
1357+769,2008,104,209.4807146505,0.542,76.7225141838,0.134,0.226
1402+044,2008,3,211.2546659691,0.155,4.2599497376,0.401,0.33
1402-012,2008,4,211.1912310039,1.025,-1.5060963379,1.766,-0.189
1404+286,2008,96,211.7516433663,0.245,28.4540806298,0.333,0.064
1404-342,2008,1,211.9788203611,1.815,-34.5245201336,3.961,0.365
1406+564,2008,1,212.0539426417,0.857,56.2256898156,0.502,0.1
1406-076,2008,5,212.2353383099,0.219,-7.8740740329,0.303,0.146
1406-267,2008,1,212.4590395021,8.358,-26.960273501,8.231,0.992
1412-368,2008,3,213.8584016046,1.481,-37.0908247155,1.675,-0.156
1413+135,2008,2,213.9950730608,0.158,13.3399201226,0.458,-0.246
1417+273,2008,2,214.9970711644,0.145,27.1070979565,0.203,0.077
1417+385,2008,25,214.9442240192,0.295,38.3634652688,0.282,-0.146
1418+546,2008,65,214.9441558279,0.239,54.3874408731,0.161,-0.031
1418-192,2008,1,215.4039920933,0.161,-19.5219034807,0.573,0.055
1420-679,2008,4,216.2314889584,1.169,-68.1328040817,0.853,0.332
1420-724,2008,1,216.2176585897,1.49,-72.6880826417,2.651,0.591
1424+366,2008,3,216.6545312492,0.251,36.4193260106,0.339,0.032
1424-418,2008,76,216.9845732086,0.435,-42.1053993901,0.444,-0.056
1428+370,2008,2,217.669098655,0.197,36.8177469875,0.379,0.168
1428+422,2008,1,217.5989239038,0.679,42.0768032004,0.918,-0.36
1430-178,2008,1,218.2403764468,3.797,-18.0264574562,2.568,0.204
1432+200,2008,6,218.6658055993,0.206,19.8668710746,0.3,-0.094
1434+235,2008,1,219.1707545321,0.432,23.3509053361,0.77,-0.237
1435+638,2008,2,219.1908422917,0.414,63.6105183197,0.232,0.032
1435-218,2008,1,219.5394556755,0.821,-22.0818743211,4.141,-0.777
1441+252,2008,3,220.9870508351,0.201,25.0290252332,0.291,0.245
1442+101,2008,2,221.3186051766,0.173,9.9766868116,0.237,0.142
1442+637,2008,1,220.9941703384,0.923,63.5406569864,0.874,-0.261
1443-162,2008,3,221.4724012023,0.623,-16.4837829054,1.3,-0.467
1445-161,2008,2,222.0627257107,1.131,-16.3401517816,2.601,0.431
1448+762,2008,2,222.119913111,1.63,76.0198882551,0.421,0.035
1448-648,2008,2,223.1653304188,1.894,-65.034287537,2.339,-0.195
1451-375,2008,16,223.6142072751,0.472,-37.7925403161,0.522,-0.353
1451-400,2008,2,223.6371344478,0.568,-40.209031868,0.696,-0.325
1454-354,2008,7,224.3612988336,1.343,-35.6527696846,1.239,0.338
1456+044,2008,11,224.7473175738,0.217,4.2705056667,0.332,0.059
1458+718,2008,2,224.781599635,0.371,71.6721851709,0.154,-0.052
1459+480,2008,2,225.2027258568,0.218,47.8543161676,0.435,-0.16
1501-343,2008,1,226.2598761893,0.352,-34.5491162289,0.522,-0.472
1502+036,2008,4,226.2769881168,0.161,3.4418924006,0.29,-0.215
1502+106,2008,3,226.1040825327,0.213,10.4942219371,0.212,-0.179
1504+377,2008,1,226.5397080292,0.567,37.5142034717,0.45,0.488
1504-166,2008,4,226.7699457064,0.268,-16.8750743356,0.377,-0.275
1508-055,2008,3,227.723297585,0.292,-5.7187270312,0.258,0.105
1510-089,2008,3,228.2105538445,0.099,-9.0999526609,0.228,-0.064
1511-476,2008,3,228.6667692659,0.776,-47.8082936602,1.166,0.15
1514+197,2008,3,229.236650745,0.126,19.5369422478,0.159,0.008
1514-241,2008,3,229.4242210958,1.098,-24.3720766612,0.854,0.455
1519-273,2008,74,230.6569833269,0.232,-27.5029959411,0.322,0.022
1519-294,2008,6,230.6061931746,0.579,-29.6070083484,0.849,-0.035
1520+319,2008,2,230.5416321792,0.225,31.7373281987,0.317,0.11
1520+437,2008,6,230.4567245125,0.191,43.6109078226,0.326,0.043
1526+670,2008,1,231.6786416989,1.388,66.8485112314,0.918,0.458
1531-352,2008,1,233.7278649694,0.189,-35.4398603986,0.425,-0.065
1532+016,2008,4,233.7185569922,0.144,1.517835171,0.238,0.163
1533-652,2008,1,234.5496464579,1.574,-65.4308889799,4.357,0.702
1535+004,2008,1,234.5664711786,0.471,0.3181459046,1.533,-0.601
1546+027,2008,5,237.3726534835,0.124,2.6169898265,0.278,-0.098
1547+507,2008,3,237.3227856377,0.314,50.6349412057,0.197,0.045
1549-790,2008,3,239.2452912347,3.372,-79.2345228586,0.771,-0.467
1550-269,2008,1,238.5102891109,6.506,-27.0778431996,2.971,0.543
1554-643,2008,1,239.7095178335,0.923,-64.541566133,0.654,-0.229
1555+001,2008,2,239.4643081798,0.244,-0.0306705034,0.308,0.029
1556-245,2008,4,239.9225376959,0.673,-24.7107865114,1.268,-0.059
1557+032,2008,2,239.8790526749,0.203,3.0800712949,0.239,-0.151
1600+335,2008,3,240.5302643753,0.147,33.4480757558,0.203,0.483
1600-294,2008,2,240.8190478213,0.251,-29.5653958256,0.578,-0.147
1601+112,2008,2,240.9247135773,0.262,11.0968555722,1.225,0.047
1602-115,2008,3,241.3230484837,0.296,-11.6574527648,0.539,-0.34
1604-333,2008,3,241.89484308,1.118,-33.5191423771,1.282,0.121
1606+106,2008,125,242.1925132775,0.137,10.4854932899,0.231,0.028
1606-398,2008,1,242.5911610462,2.812,-39.9828691557,1.893,0.337
1608+243,2008,3,242.6751114591,0.224,24.2469476895,0.33,-0.041
1610-771,2008,1,244.4553174007,28.104,-77.2884630089,5.398,0.099
1611+343,2008,104,243.4211009987,0.141,34.213308024,0.171,0.114
1611-710,2008,2,244.1276730918,1.217,-71.142070677,0.672,-0.154
1614+051,2008,3,244.1564867818,0.206,4.9924268773,0.278,0.003
1614-255,2008,1,244.3357123754,0.246,-25.6232379228,0.545,-0.192
1615+029,2008,5,244.4579506037,0.385,2.7786401259,0.486,-0.147
1616+063,2008,3,244.7653650975,0.434,6.2172897738,0.611,-0.034
1617+229,2008,3,244.8117692306,0.354,22.7966251045,0.639,-0.427
1619+491,2008,1,245.1301044208,1.166,49.0314597329,1.099,0.476
1619-680,2008,3,246.0768208,1.045,-68.1534711372,0.742,0.035
1622-253,2008,97,246.445381866,0.25,-25.4606463203,0.34,-0.006
1622-297,2008,2,246.5250866261,0.303,-29.8574917994,0.332,-0.044
1623+578,2008,2,246.1033646902,0.381,57.6878557442,0.269,0.058
1624+416,2008,2,246.4902904357,0.38,41.5779525041,0.348,-0.039
1624-617,2008,3,247.2278742931,0.827,-61.8767771489,0.67,-0.543
1633+382,2008,4,248.8145540945,0.23,38.1345836118,0.216,0.064
1633-810,2008,2,250.7389398292,3.378,-81.1430749539,0.905,0.427
1636+473,2008,4,249.4380439129,0.231,47.2927308486,0.184,-0.149
1637+574,2008,3,249.5560679047,0.288,57.3399942336,0.151,-0.114
1637+826,2008,10,248.133208206,1.482,82.5378888259,0.197,0.113
1638+398,2008,21,250.1234698764,0.205,39.7794522904,0.212,-0.009
1639+230,2008,8,250.355114862,0.172,22.9511202161,0.34,0.223
1639-062,2008,5,250.5090738342,0.144,-6.3565819196,0.282,0.082
1639-200,2008,1,250.5220455942,0.228,-20.1235694764,0.673,-0.212
1641+399,2008,2,250.7450412191,2.12,39.8102762777,1.567,-0.236
1642+690,2008,2,250.5327020811,1.231,68.9443767249,0.327,0.009
1645-329,2008,1,252.1764628054,0.197,-33.0302587724,0.412,-0.271
1647-296,2008,3,252.6647671075,0.719,-29.729709394,1.215,0.1
1651+391,2008,2,253.2437899461,0.212,39.0471727429,0.447,-0.111
1652+398,2008,8,253.4675694573,0.324,39.7601691537,0.499,0.232
1655+077,2008,2,254.5375477597,0.11,7.6909835747,0.205,-0.031
1656+053,2008,2,254.6393637709,0.157,5.2545677527,0.229,0.191
1656+348,2008,2,254.5059132603,0.437,34.724556211,0.288,0.09
1656+477,2008,2,254.5115816453,0.259,47.630341858,0.274,-0.048
1656-075,2008,3,254.6835915101,0.278,-7.6549149468,0.386,-0.307
1657-261,2008,2,255.2214753135,0.203,-26.1810348074,0.253,-0.031
1657-562,2008,4,255.4369087039,0.76,-56.3655282844,0.907,0.058
1659+399,2008,2,255.3526451262,0.491,39.9103032794,0.452,-0.193
1659-621,2008,3,255.9022552023,0.913,-62.211113394,0.609,-0.666
1705+018,2008,2,256.8933969751,0.248,1.8126939035,0.473,-0.04
1705+456,2008,2,256.8239724344,0.448,45.6029313865,0.374,0.428
1705-353,2008,1,257.3277763678,1.817,-35.4228325388,3.459,0.326
1706-174,2008,4,257.3931054104,1.165,-17.4814900013,1.44,-0.346
1710-323,2008,1,258.461625794,0.339,-32.4367244853,0.744,-0.372
1717+178,2008,3,259.8043686871,0.124,17.7517882255,0.208,-0.013
1718-259,2008,1,260.4832465269,0.614,-25.9779708314,1.16,0.181
1718-649,2008,2,260.9209551867,1.252,-65.0101697606,0.894,-0.07
1722+330,2008,2,261.0591576836,0.204,33.0510942155,0.338,0.261
1722+526,2008,1,260.9156105536,1.217,52.6134433666,1.036,0.448
1725+044,2008,2,262.1039697354,0.127,4.4513650135,0.332,-0.155
1725+123,2008,1,262.0293799416,0.421,12.2609673787,1.688,0.658
1725-795,2008,4,263.4195844453,2.472,-79.5988101691,0.64,0.13
1726+455,2008,20,261.8652116725,0.447,45.511036486,0.348,0.24
1732+389,2008,3,263.5857438685,0.26,38.9642896336,0.316,-0.076
1734+063,2008,1,264.307204342,0.491,6.3509920181,1.565,-0.59
1738+476,2008,2,264.9880379133,0.343,47.6328782737,0.195,0.128
1738+499,2008,2,264.8641270763,0.248,49.9176024887,0.206,0.108
1739+522,2008,93,265.1540743354,0.271,52.1953909685,0.201,0.052
1741-038,2008,142,265.9952339124,0.147,-3.8346157276,0.252,0.037
1743+173,2008,2,266.3967007326,0.196,17.3337288,0.234,-0.17
1745+624,2008,53,266.5584756348,0.646,62.4485385235,0.343,0.214
1746+470,2008,2,266.8610302572,0.184,46.9808128614,0.204,0.304
1749+096,2008,128,267.8867440676,0.127,9.6502023672,0.221,0.036
1749+701,2008,2,267.1368347563,0.577,70.0974357837,0.226,0.097
1751+288,2008,4,268.4269735357,0.143,28.8013719251,0.166,-0.046
1751+441,2008,2,268.3443661001,0.195,44.1626906089,0.161,0.223
1753+204,2008,1,268.8980037465,1.107,20.3992047199,1.592,-0.258
1754+155,2008,3,269.2212588879,0.168,15.5891184505,0.275,0.252
1755+578,2008,1,269.0151164895,2.285,57.8133322625,1.452,0.486
1758+388,2008,3,270.1031890123,0.126,38.8085271171,0.147,0.254
1758-651,2008,3,270.8479028091,0.862,-65.1268781341,0.689,-0.057
1759-396,2008,1,270.6778327722,1.331,-39.6688628612,0.974,-0.284
1800+440,2008,7,270.3846450596,0.215,44.0727500742,0.222,0.27
1803+784,2008,38,270.1903496259,0.71,78.4677829133,0.114,-0.084
1806-458,2008,2,272.4911322909,1.1,-45.8780598361,3.734,-0.305
1807+698,2008,81,271.7111693732,0.411,69.8244746098,0.134,-0.02
1812+412,2008,1,273.5946082029,1.254,41.2182245718,0.791,0.469
1815-553,2008,11,274.9391646917,1.587,-55.3557627406,0.524,-0.381
1821+107,2008,2,276.0118969455,0.576,10.73993745,0.847,-0.177
1823+568,2008,3,276.0294515406,0.158,56.8504141239,0.103,0.019
1823+689,2008,7,275.8868911395,0.568,68.9646146414,0.194,-0.04
1824-582,2008,3,277.3016765033,0.81,-58.2319894077,0.677,-0.681
1825-214,2008,1,277.0811961117,1.693,-21.394103017,2.344,-0.181
1828-733,2008,1,278.7216570545,3.298,-73.2539826444,3.17,0.615
1830+285,2008,3,278.209106704,0.21,28.5599876079,0.324,-0.294
1831-693,2008,1,279.2731824182,2.479,-69.2925928623,3.993,0.728
1839+389,2008,1,280.238143103,0.735,39.0127013264,0.704,0.301
1842+681,2008,3,280.6401735682,0.435,68.1570076705,0.179,0.416
1845-273,2008,1,282.197934227,0.268,-27.3050201599,0.501,-0.67
1846+322,2008,5,282.092035745,0.151,32.3173899866,0.229,0.257
1848+283,2008,1,282.6149578705,1.03,28.4203210231,1.334,-0.862
1849+670,2008,3,282.3169678659,0.336,67.0949111579,0.124,-0.117
1851+488,2008,1,283.1189488868,0.684,48.9298560137,0.482,-0.307
1856-252,2008,1,284.7709918031,0.443,-25.1630859393,0.768,-0.193
1901+319,2008,5,285.7330788544,0.152,31.9949170573,0.15,-0.055
1903-802,2008,2,288.1667462291,3.432,-80.1683184465,0.481,-0.554
1905-297,2008,1,287.122638748,0.391,-29.7047063368,1.107,0.399
1908-201,2008,32,287.7902204061,0.28,-20.1153081716,0.595,0.466
1909+161,2008,3,287.9927392476,0.276,16.1963515324,0.858,0.586
1918-634,2008,1,290.8525247008,1.483,-63.3460477046,5.337,0.887
1920-211,2008,3,290.8841241467,0.364,-21.075925849,0.439,-0.306
1921-293,2008,53,291.2127331712,0.291,-29.2417002029,0.387,0.421
1922-224,2008,2,291.415792396,0.303,-22.3264202417,0.307,0.053
1923+210,2008,86,291.4983556568,0.189,21.107267272,0.225,0.105
1925-206,2008,2,292.0382640578,0.174,-20.5954957537,0.428,-0.411
1925-610,2008,3,292.5256669269,0.889,-60.9358846319,0.693,-0.003
1926+087,2008,1,292.1702312897,0.448,8.8134477732,0.605,0.219
1928+738,2008,2,291.9520630564,0.485,73.9671028266,0.152,0.158
1929+226,2008,4,292.8538198604,0.216,22.7253496443,0.355,0.203
1929-457,2008,1,293.1870325165,0.805,-45.6105356464,1.078,-0.276
1932+204,2008,1,293.7936370807,0.386,20.5317094668,0.724,0.674
1933-400,2008,2,294.3175722535,0.493,-39.9670981199,0.307,-0.004
1935-692,2008,3,295.106367317,1.326,-69.132492079,0.636,-0.513
1936+714,2008,2,294.014836457,2.585,71.5254959361,0.508,0.434
1936-155,2008,3,294.8610740679,0.15,-15.4286273424,0.251,-0.073
1937-101,2008,3,294.9885695845,1.118,-10.0448666932,0.752,0.634
1946-582,2008,1,297.6558400735,1.131,-58.0777099958,6.645,0.899
1948+505,2008,1,297.4312183493,1.102,50.6922148647,0.777,0.271
1954+513,2008,3,298.9280761077,0.245,51.530151679,0.2,-0.239
1954-388,2008,58,299.4992469812,0.339,-38.7517654637,0.389,0.034
1958-179,2008,75,300.237876897,0.173,-17.8160201583,0.282,0.161
2000+148,2008,1,300.6749968173,0.159,15.0207149306,0.276,0.065
2000+472,2008,9,300.5434093394,0.239,47.4246593602,0.189,-0.022
2000-330,2008,2,300.8504850038,0.414,-32.8625369308,0.55,-0.094
2002-375,2008,1,301.4794617492,2.089,-37.3948551069,1.601,0.406
2005+403,2008,1,301.9372704,5.655,40.4968332066,3.835,-0.268
2005-489,2008,3,302.3557928292,3.145,-48.8315891559,1.797,0.423
2007+777,2008,3,301.3791607091,0.627,77.8786798881,0.117,0.072
2008-068,2008,2,302.8092324756,1.272,-6.734321234,2.353,-0.181
2008-159,2008,3,302.8154622305,0.214,-15.7778482312,0.413,-0.025
2013+163,2008,1,304.057750208,0.292,16.5428093335,0.613,-0.176
2017+745,2008,2,304.3044970229,0.407,74.6799999685,0.125,0.055
2021+317,2008,2,305.8292389362,0.179,31.8839738611,0.179,0.132
2021+614,2008,2,305.5278408161,0.497,61.6163348064,0.239,-0.084
2022+031,2008,1,306.2901336734,0.834,3.2790296264,1.096,-0.098
2025-538,2008,1,307.3960630509,1.309,-53.6520278293,8.211,0.574
2029+121,2008,2,307.9791427465,0.135,12.3281501478,0.256,0.24
2030+547,2008,2,307.9498273805,0.321,54.9175390901,0.306,0.222
2030-689,2008,1,308.9536517302,1.186,-68.7760668943,0.557,-0.125
2037+511,2008,121,309.6543114093,0.21,51.3201840535,0.166,-0.031
2037-253,2008,3,310.0365541251,0.946,-25.1296286243,1.132,-0.126
2044-168,2008,1,311.8319435406,7.205,-16.651623053,2.117,0.393
2048+312,2008,2,312.7130480189,1.026,31.457603795,0.431,-0.198
2052-474,2008,65,314.0681659543,0.388,-47.2465632358,0.389,0.0
2056-369,2008,1,314.9233201646,0.832,-36.7651682151,2.565,-0.369
2058-297,2008,5,315.2569169472,1.221,-29.5577320012,1.336,-0.091
2059+034,2008,8,315.4118090215,0.371,3.692033359,1.357,0.226
2059-786,2008,4,316.4373391143,1.667,-78.4262630409,0.341,-0.068
2106-413,2008,3,317.388286508,0.848,-41.1723900389,1.841,0.662
2109-811,2008,3,319.1285245778,3.361,-80.8986730043,0.581,-0.103
2113+293,2008,73,318.8725560842,0.168,29.5606575114,0.252,0.065
2117-614,2008,1,320.2669755035,1.281,-61.1901743888,1.43,-0.285
2121+053,2008,49,320.9354891798,0.191,5.5894702776,0.357,0.031
2123-463,2008,1,321.6279344805,0.875,-46.096637348,2.391,0.006
2126-158,2008,68,322.3007329082,0.282,-15.6447338543,0.579,0.175
2127-096,2008,3,322.5795344073,0.183,-9.4603987126,0.301,0.047
2128-123,2008,18,322.8969238734,0.21,-12.1179991135,0.451,0.514
2131-021,2008,5,323.5429566145,1.33,-1.8881222671,2.427,0.234
2134+004,2008,12,324.1607761908,0.208,0.6983923471,0.358,0.068
2136+141,2008,83,324.7554553243,0.122,14.3933311762,0.231,-0.021
2136+824,2008,1,323.3919974959,5.335,82.6516818767,0.759,-0.579
2138-377,2008,3,325.4685375037,3.43,-37.4869416169,2.146,-0.628
2141+175,2008,3,325.8981023859,0.175,17.730218785,0.374,-0.164
2142+110,2008,1,326.3282295261,0.612,11.2575864608,1.651,-0.072
2142-758,2008,2,326.8030443416,2.308,-75.603673509,0.376,-0.101
2143-156,2008,6,326.595747214,0.234,-15.4288570266,0.35,-0.034
2144+092,2008,2,326.7923457483,0.224,9.4962979041,0.738,-0.041
2145+067,2008,27,327.0227444876,0.127,6.9607234212,0.243,0.019
2146-783,2008,2,328.0131447142,3.151,-78.118510944,0.612,0.28
2149+056,2008,56,327.9078145774,0.352,5.8702651524,0.736,0.079
2149-307,2008,4,327.9813499765,0.21,-30.4649160982,0.446,-0.129
2150+173,2008,2,328.103414175,0.216,17.577165289,0.288,-0.082
2155+312,2008,2,329.3700994593,0.336,31.4503755078,0.483,0.294
2155-304,2008,3,329.7169384704,1.137,-30.2255881735,1.111,-0.085
2159+505,2008,1,330.4314045713,1.589,50.8156640494,0.523,-0.474
2200+420,2008,2,330.680380654,0.167,42.277772171,0.143,-0.027
2201+171,2008,1,330.8620570703,0.292,17.4300689641,0.714,-0.372
2201+315,2008,69,330.812399136,0.383,31.7606304772,0.381,0.108
2204-540,2008,4,331.9322219635,0.633,-53.7760611076,0.66,-0.384
2205+166,2008,1,331.9702738871,0.706,16.8716154578,2.076,0.069
2206+650,2008,1,332.012960309,4.73,65.3274410525,2.242,0.497
2207+356,2008,1,332.4388930966,0.76,35.9336475947,1.137,-0.658
2207+374,2008,1,332.3392710866,1.283,37.7050632464,1.101,0.189
2208-137,2008,2,332.8504145009,0.416,-13.4693676532,0.785,-0.191
2209+236,2008,27,333.0248596632,0.107,23.9279288392,0.183,0.153
2210-257,2008,1,333.2604092083,1.361,-25.4916886328,1.622,0.298
2214+350,2008,4,334.0833745763,0.278,35.3039388669,0.312,-0.229
2215+020,2008,2,334.450991493,0.804,2.3363089477,1.893,-0.395
2215+150,2008,5,334.5454745799,0.141,15.34325485,0.256,0.189
2216-038,2008,3,334.7168238595,0.147,-3.5935775296,0.273,0.106
2220-351,2008,3,335.7747111273,1.873,-34.9297714229,1.413,0.107
2223-052,2008,75,336.4469137497,0.13,-4.9503862985,0.29,0.03
2227-088,2008,4,337.4170181247,0.236,-8.5484542254,0.352,0.194
2229+695,2008,12,337.6519571411,0.472,69.774465821,0.154,-0.147
2229-172,2008,1,338.0940175682,3.292,-16.9838579108,1.795,0.277
2230+114,2008,2,338.1517038071,0.125,11.7308067322,0.245,0.067
2232-488,2008,3,338.8051525503,0.627,-48.5996651274,0.833,0.076
2234+282,2008,65,339.0936284578,0.169,28.4826147128,0.224,0.257
2235+731,2008,2,339.1608210227,0.696,73.3812951646,0.199,0.086
2236-572,2008,2,339.8003162782,0.558,-57.0168999261,0.523,-0.01
2243+047,2008,2,341.4735587963,0.715,5.0158224815,1.025,-0.559
2243-123,2008,96,341.5759665862,0.232,-12.1142437151,0.464,0.354
2244-372,2008,3,341.7663227046,1.097,-36.9628620136,1.111,0.171
2250+190,2008,4,343.2807048657,0.235,19.7096190913,0.31,-0.165
2251+158,2008,1,343.4906186342,2.116,16.1482106444,1.892,-0.48
2252-090,2008,5,343.7676658643,0.226,-8.734450358,0.55,0.069
2253+417,2008,3,343.9029494079,0.167,42.0479256383,0.176,0.085
2254+024,2008,3,344.3231796176,0.139,2.7215311778,0.303,-0.179
2254+074,2008,3,344.3220963814,0.149,7.720084152,0.356,-0.323
2255-282,2008,60,344.5248453433,0.338,-27.9725713261,0.462,0.611
2259+058,2008,1,345.4727543772,0.935,6.1535624066,1.14,-0.301
2300-683,2008,3,345.931519151,1.03,-68.1270675124,0.598,0.113
2301+060,2008,1,346.1178804124,0.897,6.3356413307,2.91,-0.886
2306-312,2008,2,347.3097146609,1.894,-30.986828751,1.227,0.44
2307+106,2008,2,347.6188238817,0.178,10.925193424,0.296,0.093
2309+454,2008,3,347.9475374246,0.263,45.7322266703,0.352,-0.2
2312-319,2008,4,348.7020859149,1.065,-31.6443127929,0.821,0.255
2314-340,2008,3,349.1807767182,1.871,-33.8201346939,1.376,-0.007
2314-409,2008,1,349.1955001393,0.524,-40.6891909924,0.769,-0.245
2318+049,2008,77,350.1869025233,0.258,5.2305423781,0.343,0.041
2319+272,2008,2,350.4994259806,0.149,27.5462344436,0.186,0.064
2319+317,2008,3,350.4789832494,0.216,32.0687839426,0.401,0.052
2319+444,2008,3,350.5848253941,0.235,44.7617648853,0.397,-0.107
2320+506,2008,2,350.608259112,0.333,50.9644344046,0.227,0.285
2320-035,2008,4,350.8831406041,1.207,-3.2847291472,2.083,0.526
2321-375,2008,1,351.0296335034,3.008,-37.2395708772,1.713,0.3
2325-150,2008,1,351.9498519191,1.81,-14.7988190222,2.129,0.171
2326-477,2008,4,352.3237680989,0.587,-47.5053096254,0.54,0.027
2329-162,2008,4,352.9110519128,0.258,-15.9491692799,0.579,-0.148
2329-384,2008,4,352.9978173613,0.467,-38.1965698591,0.709,0.059
2329-415,2008,1,353.0793685943,0.564,-41.3104400281,0.773,-0.134
2333-415,2008,2,354.1416046503,0.976,-41.2561072935,3.705,-0.041
2335-027,2008,4,354.4889128162,0.166,-2.516008135,0.196,-0.081
2335-181,2008,1,354.4859478706,7.469,-17.8723371131,7.29,-0.042
2338+191,2008,1,355.3283170216,0.868,19.4681913756,0.951,-0.541
2344+429,2008,1,356.8453089429,1.258,43.1814501537,0.813,-0.585
2344-514,2008,3,356.8327671246,0.669,-51.1766848804,0.865,0.326
2350-280,2008,1,358.2977518668,0.442,-27.7237716102,0.907,0.19
2351+456,2008,3,358.5903342832,0.218,45.8845101676,0.177,-0.078
2351-309,2008,3,358.4477453175,0.979,-30.6301395162,1.07,0.266
2353+816,2008,1,359.0949757467,4.45,81.8811819677,0.713,-0.59
2353-686,2008,3,359.0028391149,1.012,-68.3342977007,0.387,0.128
2355-106,2008,12,359.5453433494,0.159,-10.3357253838,0.316,0.129
2355-534,2008,3,359.4719423004,0.707,-53.1871359369,1.078,0.51
2356+196,2008,1,359.6920214644,0.574,19.9223063359,1.533,-0.706
2356+385,2008,72,359.8882533414,0.279,38.8450884442,0.345,0.105
2357-318,2008,2,359.8978814128,0.47,-31.5621727328,1.693,-0.273
2358+189,2008,10,0.2859231814,0.204,19.2427227029,0.316,0.076
2359-221,2008,1,0.5499307903,9.027,-21.8860586853,19.939,0.953
