iers_name,year,num_ses,ra,ra_err,dec,dec_err,ra_dec_corr
0002-478,2010,1,1.1485644729,0.358,-47.6054453691,0.33,0.055
0003-066,2010,39,1.5578870249,0.259,-6.3931487005,0.808,0.037
0007+106,2010,4,2.6291912509,0.114,10.9748623742,0.182,0.055
0007+171,2010,1,2.641631609,6.354,17.4052117796,0.492,0.727
0008-264,2010,3,2.7551948079,0.171,-26.2092713799,0.316,-0.009
0010+405,2010,5,3.3797091806,0.485,40.8603178505,0.595,-0.08
0013-005,2010,3,4.046202329,0.373,-0.2534570682,0.414,-0.218
0014+813,2010,15,4.2853124398,1.123,81.5855935097,0.173,0.0
0016+731,2010,31,4.9407764738,0.462,73.4583382096,0.14,-0.132
0019+058,2010,23,5.6351717371,0.216,6.1345191454,0.375,0.033
0025+197,2010,1,7.1242435921,0.215,20.0074290365,0.344,0.03
0035+413,2010,3,9.6035147816,0.377,41.6183334652,0.353,0.189
0035-252,2010,25,9.5613979496,0.314,-24.9839541921,0.388,-0.091
0038+319,2010,1,10.3163917587,0.259,32.1854352592,0.289,0.031
0039+230,2010,1,10.5189382368,0.211,23.3336284152,0.291,0.078
0047+023,2010,4,12.4301495626,0.235,2.6177162623,0.473,0.018
0047-579,2010,1,12.4978042337,1.296,-57.6409218438,13.739,0.416
0048-097,2010,5,12.6721558177,0.141,-9.4847805473,0.296,-0.249
0048-427,2010,8,12.7895909523,0.682,-42.4425815935,0.489,-0.178
0054+161,2010,4,14.2303930976,0.24,16.4203723905,0.371,0.096
0055-059,2010,10,14.5211097201,0.27,-5.6645217781,0.436,-0.139
0059+581,2010,55,15.6906765767,0.293,58.4030934835,0.186,0.089
0104-408,2010,72,16.6879498958,0.393,-40.5722111907,0.473,-0.05
0106+013,2010,39,17.1615462715,0.222,1.5834214567,0.442,0.15
0109+224,2010,10,18.0242696586,0.297,22.7441073696,0.373,-0.025
0110+495,2010,3,18.3625280937,0.565,49.8066785761,0.353,-0.023
0110-668,2010,1,18.0788040623,2.262,-66.579215743,8.87,0.549
0111+021,2010,7,18.4297706234,0.208,2.3714768342,0.428,0.009
0115-214,2010,18,19.4532506638,0.305,-21.1851758963,0.414,0.218
0116-219,2010,5,19.7385923954,0.242,-21.6917054903,0.393,0.005
0119+041,2010,11,20.4869236036,0.262,4.3735374613,0.441,-0.078
0119+115,2010,27,20.423312708,0.218,11.8306704045,0.463,-0.043
0127+084,2010,1,22.6151434242,0.139,8.7128257059,0.334,-0.38
0130-171,2010,1,23.1811977267,0.725,-16.9134779484,0.963,-0.027
0131-522,2010,2,23.274011113,1.624,-52.0010955829,0.862,-0.042
0133+476,2010,79,24.2441450497,0.227,47.8580833467,0.206,0.042
0134+311,2010,31,24.286390128,0.257,31.3766265309,0.293,0.153
0138-097,2010,2,25.357634063,0.275,-9.4787979729,0.542,-0.204
0148+274,2010,1,27.8631089741,0.344,27.7449428068,0.337,-0.041
0149+218,2010,1,28.0752457527,0.198,22.1188055582,0.321,0.184
0149-175,2010,1,27.9502056902,0.239,-17.331959379,0.564,0.059
0150-334,2010,1,28.2921740657,1.667,-33.1738503661,5.574,0.685
0151+474,2010,3,28.7345411196,0.365,47.7240387181,0.295,0.111
0153+744,2010,1,29.3956970681,9.369,74.7120055616,2.137,-0.839
0159+723,2010,3,30.8891036208,0.946,72.5482410447,0.279,-0.326
0201+113,2010,1,30.9444043536,0.464,11.5792806324,1.599,0.848
0202+149,2010,5,31.2100578103,0.13,15.2364011315,0.184,-0.248
0202+319,2010,6,31.2705223559,0.183,32.2083598312,0.23,0.08
0206+136,2010,5,32.3999930393,0.212,13.8668754767,0.334,0.222
0208-512,2010,8,32.6925016263,1.919,-51.0171919823,0.955,-0.718
0215+015,2010,22,34.4539781416,0.158,1.7471386149,0.274,-0.072
0219+428,2010,1,35.665047999,0.137,43.0354997853,0.161,-0.073
0221+067,2010,3,36.118451086,0.68,6.9898171678,0.463,0.5
0224+671,2010,1,37.2085477785,0.415,67.3508415086,0.159,0.259
0227-369,2010,18,37.3685378178,0.391,-36.7324505091,0.54,-0.162
0229+131,2010,31,37.9412252548,0.221,13.3818657657,0.355,0.099
0230-790,2010,1,37.3956106254,1.667,-78.7960005558,0.379,-0.617
0234+285,2010,4,39.4683569302,0.261,28.8024970115,0.35,-0.08
0234-301,2010,2,39.1298725708,0.971,-29.8987608537,0.916,0.437
0235+164,2010,39,39.6622087952,0.18,16.6164651601,0.328,0.104
0237-027,2010,31,39.9394678122,0.194,-2.5780317612,0.302,-0.001
0237-233,2010,1,40.0340589966,0.857,-23.1543696059,0.823,0.055
0239+175,2010,4,40.6011178087,0.239,17.7163469693,0.25,-0.066
0248+430,2010,1,42.893903123,0.267,43.2543971037,0.249,0.382
0250-001,2010,1,43.3376477331,0.146,0.0999853105,0.256,-0.145
0252-549,2010,1,43.3715861711,2.018,-54.6976155145,15.74,0.677
0256-005,2010,12,44.8688173069,0.165,-0.3333264785,0.274,0.044
0258-184,2010,1,45.2779770232,0.177,-18.2049505155,0.353,-0.072
0300+470,2010,6,45.8968426576,0.335,47.2711875729,0.229,-0.019
0302+625,2010,3,46.6777479747,0.482,62.7172288716,0.217,0.148
0302-623,2010,2,45.9609639536,2.781,-62.1904307896,0.613,0.489
0305+039,2010,1,47.1092657088,0.396,4.1109169007,0.277,0.095
0306+102,2010,3,47.265097883,0.875,10.4878726878,2.208,0.381
0307+380,2010,26,47.7078330267,0.244,38.2482883045,0.234,0.057
0308-611,2010,19,47.4837465438,0.62,-60.9775155393,0.338,0.106
0309+411,2010,3,48.2581753106,0.327,41.3336620305,0.19,0.092
0316+413,2010,5,49.9506758211,3.678,41.5116966865,1.42,0.239
0322+222,2010,26,51.403393169,0.194,22.4001014842,0.274,0.021
0322-230,2010,1,51.0731385463,0.212,-22.9049791415,0.484,-0.083
0325+395,2010,1,52.2096337156,0.649,39.6790464074,0.546,-0.517
0332+078,2010,8,53.722152856,0.414,8.0040055002,0.558,-0.094
0332-403,2010,17,53.5568937303,0.363,-40.1403883605,0.387,-0.14
0333+321,2010,1,54.1254486262,0.704,32.3081505071,0.841,0.019
0334-546,2010,1,53.9746863421,5.628,-54.5069699797,15.944,0.379
0336-019,2010,58,54.8789073725,0.222,-1.7766122598,0.351,0.041
0338-214,2010,10,55.1483660326,0.295,-21.3253255089,0.46,-0.098
0340+362,2010,7,55.8706349478,0.52,36.3701193907,0.53,0.119
0342+147,2010,4,56.276735569,0.231,14.8970995476,0.2,0.21
0345+460,2010,23,57.3280899612,0.245,46.1665716094,0.217,-0.024
0346-279,2010,15,57.1589357965,0.404,-27.8204349022,0.376,-0.115
0347-211,2010,10,57.4909444579,0.395,-21.0465949186,0.334,-0.047
0355+508,2010,6,59.8739472787,3.937,50.9639340392,2.135,0.135
0358+210,2010,12,60.4381919806,0.224,21.1746075104,0.306,0.011
0400+258,2010,1,60.7732754487,0.259,26.0004174563,0.371,0.405
0400-319,2010,7,60.5886083392,0.365,-31.7905402494,0.421,-0.292
0402-362,2010,4,60.9739579398,0.276,-36.0838646654,0.37,-0.16
0403-132,2010,5,61.3916807805,0.194,-13.1371363004,0.361,-0.078
0405-123,2010,1,61.9517957787,0.788,-12.1935159864,1.097,-0.01
0405-385,2010,17,61.7459805994,0.434,-38.4411227746,0.642,-0.145
0406+121,2010,1,62.3417028246,0.277,12.2944024535,0.422,0.23
0406-127,2010,2,62.2740406365,0.697,-12.6467068184,1.614,0.731
0407-199,2010,1,62.418954723,0.538,-19.8004951359,1.117,0.59
0409-280,2010,1,62.8551336742,0.256,-27.9724473143,0.528,-0.261
0414-189,2010,12,64.1522685489,0.218,-18.8523166635,0.279,0.056
0415+398,2010,14,64.8439562064,0.309,39.9247159084,0.294,0.045
0417-302,2010,1,64.9466869338,1.288,-30.173291663,2.318,-0.556
0420+022,2010,10,65.7175610138,0.17,2.3241474835,0.255,-0.026
0420+417,2010,2,65.9833741527,0.184,41.8340868898,0.16,-0.074
0420-014,2010,19,65.8158364143,0.175,-1.3425182556,0.272,-0.147
0421+023,2010,1,66.010740421,0.141,2.44517619,0.266,-0.04
0422+004,2010,8,66.1951752309,0.214,0.601758073,0.338,0.16
0422-380,2010,5,66.1760153896,0.643,-37.9391067327,0.379,0.15
0426+273,2010,3,67.4706698466,0.422,27.4105210969,0.579,0.53
0430+052,2010,1,68.2962312981,0.188,5.3543386335,0.459,0.174
0430+289,2010,22,68.4076244528,0.3,29.0987436015,0.313,0.095
0434-188,2010,6,69.2561779484,0.383,-18.7468366403,0.666,-0.09
0436-129,2010,13,69.6459208314,0.179,-12.8509329857,0.308,0.004
0437-454,2010,3,69.7535613145,0.327,-45.372934136,0.419,-0.094
0438-436,2010,1,70.0715837081,2.194,-43.5523805781,23.61,0.227
0440+345,2010,3,70.8818132478,0.293,34.6851845528,0.34,0.028
0442+389,2010,3,71.5478918372,0.301,39.0047499044,0.368,0.318
0446+112,2010,19,72.281962922,0.218,11.3579433743,0.312,-0.002
0446+462,2010,1,72.6283410651,1.867,46.3499436544,1.197,0.088
0446-265,2010,1,72.099849341,0.505,-26.4374556884,1.253,-0.691
0451-282,2010,2,73.3110283573,0.928,-28.1270350234,0.793,0.057
0454+844,2010,33,77.1765146743,2.895,84.5345955706,0.255,-0.04
0454-234,2010,53,74.2632467493,0.34,-23.4144500661,0.415,-0.056
0454-810,2010,1,72.5226677557,2.008,-81.0172864861,0.279,-0.021
0458-020,2010,49,75.3033744589,0.242,-1.9872934184,0.388,-0.039
0501-067,2010,1,75.983532815,0.587,-6.6342936253,0.982,-0.746
0502+049,2010,1,76.3466027972,0.167,4.9952010408,0.256,0.301
0503-608,2010,1,76.0070897182,4.611,-60.8312558326,12.746,0.643
0506+101,2010,11,77.3644044158,0.229,10.1957222771,0.344,-0.024
0506-612,2010,3,76.6832864283,0.992,-61.1613872868,0.589,-0.569
0507+179,2010,3,77.5098714503,0.679,18.0115503914,0.436,-0.008
0515+208,2010,7,79.5159354931,0.306,20.9145826155,0.326,-0.045
0516-621,2010,5,79.1871924826,0.702,-62.118163736,0.341,0.099
0518+165,2010,2,80.291191669,0.235,16.639458877,0.363,0.057
0521-365,2010,2,80.7416028498,1.303,-36.4585693566,0.923,0.096
0522-611,2010,1,80.6434402362,4.338,-61.1325321252,12.657,0.747
0524+034,2010,8,81.8862726472,0.153,3.5254212874,0.235,-0.263
0524-485,2010,1,81.5694640225,1.756,-48.5102201616,0.795,-0.764
0528+134,2010,36,82.7350698583,0.207,13.5319860165,0.396,-0.004
0529+483,2010,34,83.3161074252,0.226,48.3813354924,0.181,0.11
0530-727,2010,2,82.3751763855,7.406,-72.7579186685,3.137,0.109
0531-397,2010,1,83.2382728126,0.647,-39.685841186,1.464,-0.514
0534-340,2010,5,84.1184682444,0.322,-34.0198523585,0.407,0.094
0534-611,2010,2,83.649052202,0.702,-61.1019647711,0.335,0.222
0536+145,2010,20,84.9265249142,0.23,14.5626560304,0.422,0.077
0537-286,2010,22,84.9761726981,0.273,-28.6655410235,0.414,-0.067
0537-441,2010,71,84.7098398311,0.407,-44.0858163462,0.415,0.031
0539-057,2010,3,85.4086805533,1.116,-5.6970630755,1.777,0.494
0544+273,2010,12,86.8922871132,0.202,27.3657896583,0.244,0.078
0548+378,2010,17,88.0747371937,0.313,37.9070228829,0.292,-0.014
0549-575,2010,4,87.5399175797,1.011,-57.5401100334,0.738,-0.46
0552+393,2010,1,88.9859069593,0.157,39.3688329188,0.154,-0.225
0552+398,2010,37,88.8783566807,0.223,39.8136568869,0.248,-0.022
0556+238,2010,17,89.8834714203,0.186,23.8983129486,0.317,0.054
0557-454,2010,1,89.7981014023,0.375,-45.4945293969,0.872,-0.047
0600+177,2010,4,90.788042746,0.257,17.7046694657,0.562,0.139
0602+673,2010,64,91.9694650786,0.447,67.3487250095,0.182,-0.096
0605-085,2010,1,91.9987468202,0.197,-8.5805494424,0.263,-0.312
0606-223,2010,16,92.2486951588,0.226,-22.3391546609,0.289,0.039
0607-157,2010,44,92.4206231969,0.267,-15.7112980213,0.429,-0.04
0613+570,2010,14,94.3205106671,0.412,57.0212286645,0.243,0.093
0616-244,2010,1,94.5943964998,0.432,-24.4438733949,0.935,-0.648
0620+389,2010,1,96.0792552262,0.36,38.9468712962,0.574,-0.347
0627-199,2010,9,97.3490077105,0.245,-19.9888120689,0.373,0.285
0629-418,2010,1,97.7999922136,1.825,-41.9074754954,25.323,0.301
0632-235,2010,13,98.7458374814,0.239,-23.58665474,0.282,-0.118
0635-296,2010,1,99.2869179504,0.302,-29.7107689014,0.648,-0.313
0636+680,2010,1,100.5177394141,1.88,67.9765614523,0.616,0.462
0637-752,2010,17,98.9437829099,1.334,-75.2713376367,0.3,0.012
0639+098,2010,1,100.4383217124,5.697,9.7845386118,5.492,-0.881
0641+392,2010,19,101.2237899512,0.21,39.2465372155,0.219,0.023
0642+449,2010,27,101.6334417425,0.256,44.854608367,0.223,-0.137
0646-306,2010,5,102.0587350791,1.665,-30.7387940821,0.706,0.404
0647-410,2010,1,102.3087947173,2.696,-41.1480607432,8.269,-0.747
0648-165,2010,19,102.6024244026,0.262,-16.6277015806,0.358,-0.049
0656+082,2010,56,104.8249834462,0.188,8.225264874,0.453,-0.28
0657+172,2010,21,105.0063564265,0.148,17.1560281508,0.262,0.104
0700-197,2010,6,105.6787527437,0.161,-19.8561209311,0.304,-0.005
0707+476,2010,3,107.6921036637,0.329,47.5364284971,0.243,-0.122
0710+439,2010,1,108.4090174862,0.531,43.8214469826,0.835,0.636
0714+457,2010,22,109.4660517339,0.372,45.634239102,0.285,-0.064
0716+714,2010,25,110.4727018861,0.482,71.3434342809,0.152,0.043
0718+792,2010,17,111.5488965755,0.994,79.1919489227,0.157,-0.021
0720-305,2010,1,110.615396525,2.118,-30.6346201441,4.244,0.29
0722+145,2010,4,111.320032452,0.308,14.4204851199,0.252,-0.067
0723+219,2010,6,111.5594196913,0.237,21.8889205832,0.277,0.221
0723-008,2010,3,111.4609996185,1.308,-0.9157062416,2.024,0.437
0725-381,2010,1,111.7505435347,2.576,-38.2198372377,8.296,-0.279
0727-115,2010,92,112.5796352964,0.188,-11.6868334876,0.304,-0.019
0729+259,2010,7,113.2344803044,0.299,25.8107765199,0.366,-0.167
0733-174,2010,1,113.9408905776,18.677,-17.5968058457,1.905,0.853
0736+017,2010,4,114.825141197,0.251,1.6179493657,0.313,0.065
0738+313,2010,1,115.2945967286,0.184,31.2000638747,0.253,0.128
0738+491,2010,14,115.5114539449,0.31,49.0043358043,0.292,0.141
0743+259,2010,28,116.6078090757,0.193,25.8172595956,0.344,-0.063
0743+277,2010,13,116.6684679468,0.205,27.583068663,0.339,-0.037
0743-006,2010,4,116.4753430064,0.15,-0.7382054114,0.258,0.04
0745+241,2010,4,117.1504553102,0.152,24.0066973058,0.479,-0.089
0747+185,2010,7,117.5013748066,0.295,18.3865019996,0.438,0.149
0748+126,2010,15,117.7168572005,0.192,12.518007827,0.289,0.001
0749+540,2010,39,118.2557690706,0.278,53.8832324922,0.19,-0.062
0753-425,2010,1,118.8465532318,3.064,-42.6661950229,3.696,-0.926
0759+183,2010,10,120.7001331723,0.15,18.1636803528,0.295,0.092
0800+618,2010,26,121.325748085,0.33,61.7399168756,0.176,-0.01
0802-170,2010,1,121.1404790555,0.244,-17.2010764299,0.552,-0.172
0804+499,2010,13,122.1652761791,0.305,49.8434806574,0.229,0.028
0805+046,2010,2,121.9897439198,0.18,4.5429251795,0.377,-0.047
0805+410,2010,36,122.2360501986,0.244,40.8791357878,0.269,0.07
0808+019,2010,50,122.8612804661,0.179,1.7811722901,0.348,-0.053
0812+367,2010,4,123.858103667,0.273,36.5875412398,0.315,-0.083
0814+425,2010,3,124.5666649556,0.278,42.3792818412,0.224,0.166
0818-128,2010,1,125.2393694116,3.666,-12.9831014905,1.006,0.95
0820+560,2010,1,126.1968181005,0.305,55.8785193823,0.187,-0.483
0821+394,2010,2,126.2311826712,0.195,39.2783066697,0.197,0.147
0823+033,2010,36,126.4597431315,0.223,3.1568111465,0.608,0.295
0826-373,2010,1,127.0199175154,0.66,-37.5184113057,0.903,-0.06
0827+243,2010,3,127.7170257334,0.299,24.1832834074,0.298,0.063
0828+493,2010,1,128.0967361903,0.217,49.2225105399,0.153,-0.069
0829+046,2010,2,127.9536540551,0.204,4.4941904033,0.532,0.511
0833+585,2010,2,129.3433737431,0.378,58.4171790694,0.225,-0.065
0834-201,2010,4,129.1633967748,0.16,-20.2831955004,0.323,-0.11
0843-371,2010,1,131.4270693306,7.02,-37.3152776774,18.016,0.639
0847-120,2010,10,132.5401484472,0.232,-12.2264933396,0.421,0.058
0850+581,2010,1,133.6749849972,0.725,57.9583164706,0.285,-0.119
0851+202,2010,94,133.7036454875,0.161,20.1085113598,0.276,-0.033
0854-108,2010,12,134.1741839231,0.318,-11.0873417792,0.379,0.014
0902-350,2010,1,136.1765779239,0.376,-35.2400970566,0.573,-0.134
0912+029,2010,39,138.6579725978,0.178,2.7664573377,0.351,0.021
0913+079,2010,1,138.9707008262,0.609,7.7610265358,1.015,-0.386
0917+449,2010,1,140.2435769997,0.197,44.6983292337,0.211,-0.025
0917+624,2010,1,140.4009627351,1.701,62.2644942365,0.981,0.12
0919-260,2010,1,140.372307465,0.44,-26.3120516016,0.38,-0.323
0920+390,2010,15,140.8102205664,0.271,38.8277527865,0.3,-0.012
0920-397,2010,26,140.6934094006,0.395,-39.9930744689,0.542,-0.055
0923+392,2010,38,141.762558159,0.23,39.03912546,0.297,-0.118
0925-203,2010,28,141.9659346243,0.229,-20.5808979425,0.363,0.056
0943+105,2010,2,146.646124844,0.159,10.2850372371,0.327,-0.376
0945+408,2010,2,147.2305755402,0.262,40.6623853279,0.244,-0.059
0949+354,2010,3,148.1334423539,0.293,35.2145561803,0.494,-0.273
0951+268,2010,3,148.6658188937,0.15,26.6568175837,0.203,0.171
0953+254,2010,24,149.2078142124,0.637,25.2544584226,0.631,0.365
0954+658,2010,4,149.6968545021,0.341,65.565227327,0.213,-0.052
0955+326,2010,3,149.5872901508,0.262,32.4006137805,0.445,0.073
0955+476,2010,56,149.5819651612,0.259,47.4188451217,0.204,0.019
0958+346,2010,7,150.2997883648,0.201,34.4140165014,0.275,0.315
1004+054,2010,1,151.6567113283,0.279,5.1649943311,0.58,-0.451
1004-217,2010,2,151.6933910674,1.343,-21.9890060495,4.565,-0.843
1004-500,2010,2,151.5583726347,1.339,-50.3037417619,1.354,0.034
1009-041,2010,1,152.8759997546,0.461,-4.3910295563,0.781,-0.195
1009-321,2010,1,152.9841897899,4.893,-32.3933560012,12.573,-0.161
1011+250,2010,1,153.4726198805,0.212,24.8212335493,0.206,-0.362
1012+232,2010,2,153.6961061052,0.187,23.0212695765,0.249,-0.183
1013+054,2010,14,154.0130685987,0.175,5.2173170538,0.31,0.067
1013+127,2010,1,153.9334308118,0.282,12.4519641628,1.298,0.72
1014+615,2010,3,154.3578650171,0.68,61.274304662,0.231,0.157
1015+057,2010,9,154.616034481,0.209,5.5083228306,0.349,0.291
1015+359,2010,4,154.5457837268,0.226,35.7109558825,0.368,-0.056
1016-311,2010,1,154.6198062536,1.027,-31.3982914837,0.688,-0.27
1020+400,2010,2,155.7981902266,0.263,39.8042736843,0.21,0.068
1022+194,2010,2,156.1867066322,0.414,19.2056711191,0.501,-0.208
1022-665,2010,1,155.9313891168,1.559,-66.7801989101,0.815,0.702
1027-186,2010,7,157.3879069452,0.426,-18.8806359994,0.824,-0.405
1030+415,2010,3,158.2654496267,0.407,41.2683980501,0.388,-0.062
1032-199,2010,3,158.7589806247,0.985,-20.1928771524,0.985,0.596
1034-293,2010,46,159.316998861,0.383,-29.5674481982,0.473,-0.4
1034-374,2010,3,159.2226647495,0.712,-37.7375182902,0.621,-0.058
1038+064,2010,1,160.3215104077,0.143,6.1713676901,0.566,0.323
1038+528,2010,3,160.4449235647,0.483,52.5578420003,0.515,0.264
1039+811,2010,3,161.096093969,1.182,80.9109564249,0.173,0.019
1040+244,2010,20,160.7876490145,0.183,24.1431692622,0.275,0.032
1042+071,2010,3,161.2329635063,0.143,6.9272951757,0.25,0.046
1044+719,2010,40,162.1150829637,0.505,71.7266495728,0.188,-0.066
1045-188,2010,4,162.0275858106,0.16,-19.1599240621,0.239,0.009
1048-313,2010,1,162.769906125,1.825,-31.63730877,5.518,0.151
1049+215,2010,1,162.9532875807,0.765,21.3311979811,0.46,0.193
1053+704,2010,21,164.2234061721,0.517,70.1960877049,0.224,0.001
1053+815,2010,36,164.5480640193,0.863,81.2424097428,0.14,0.002
1055+018,2010,6,164.6233550155,0.307,1.5663399244,0.328,-0.047
1056+212,2010,1,164.9126774245,0.577,20.9560987016,0.559,0.52
1057-797,2010,36,164.6804572444,1.533,-80.0650443782,0.263,0.081
1059+282,2010,4,165.5595352044,0.147,27.9524138537,0.207,0.332
1100+122,2010,3,165.7647078064,1.02,11.9712839546,1.357,-0.765
1101+384,2010,10,166.1138080448,0.259,38.2088330568,0.268,0.054
1101-536,2010,1,165.9675905848,0.943,-53.9501862797,18.455,0.659
1104-445,2010,10,166.786225475,0.382,-44.818782628,0.759,-0.425
1106+084,2010,1,167.1562451063,0.139,8.1837736527,0.311,-0.238
1111+149,2010,7,168.4945628206,0.361,14.7074869078,0.366,0.192
1116-462,2010,1,169.6123237838,0.957,-46.5708241455,23.411,0.29
1117-248,2010,1,170.0380290187,3.918,-25.1355007534,4.274,0.193
1123+264,2010,3,171.4737997251,0.242,26.1722162552,0.218,0.076
1124-056,2010,1,171.7396802928,0.861,-5.9313294022,1.249,-0.387
1124-186,2010,63,171.7683018723,0.259,-18.9548449506,0.386,0.003
1125+366,2010,1,171.9952949168,0.405,36.3412085584,0.533,0.071
1127-145,2010,1,172.5293853801,0.811,-14.8242742176,0.991,-0.112
1128+385,2010,49,172.7220108495,0.226,38.2551519384,0.302,-0.033
1130+009,2010,4,173.3335657625,0.174,0.6813437257,0.3,0.05
1133-032,2010,15,174.1024038576,0.214,-3.508193564,0.346,0.07
1143-245,2010,3,176.5337642792,1.074,-24.792470855,0.875,-0.136
1143-287,2010,1,176.6091182078,1.202,-28.9884732604,0.75,-0.268
1143-696,2010,1,176.4734338217,2.115,-69.9004953772,9.955,0.479
1144+402,2010,27,176.7429079988,0.206,39.9761956343,0.211,-0.042
1144-379,2010,39,176.7557112373,0.526,-38.2030620518,0.467,-0.134
1145+268,2010,9,176.9990162326,0.24,26.5950923483,0.312,0.009
1145-071,2010,4,176.9648083203,0.238,-7.4114281032,0.341,0.133
1147+245,2010,3,177.5800507094,0.212,24.2982876516,0.295,0.2
1149-084,2010,31,178.0717062502,0.167,-8.6842538407,0.277,-0.025
1156+101,2010,1,179.799444988,0.236,9.9130521001,0.546,-0.019
1156+295,2010,20,179.8826413236,0.326,29.2455074656,0.425,-0.053
1212+171,2010,15,183.7665797303,0.234,16.9105435777,0.352,0.185
1213-172,2010,3,183.9447989678,0.238,-17.5292783451,0.473,0.497
1215+303,2010,4,184.4670080768,0.575,30.1168432311,0.626,0.283
1216+487,2010,2,184.7767280483,0.231,48.4989347846,0.214,-0.053
1218-341,2010,1,185.2574641854,0.285,-34.3884176961,0.533,-0.434
1219+044,2010,1,185.5939567078,0.12,4.2210491311,0.439,-0.028
1221+809,2010,3,185.9187235827,1.301,80.6678724269,0.209,0.044
1226+373,2010,17,187.1975986674,0.223,37.1033599862,0.241,-0.02
1228+126,2010,81,187.7059307465,0.192,12.3911232563,0.341,-0.05
1236+077,2010,4,189.8524513296,0.149,7.5047748551,0.24,-0.17
1236-684,2010,1,189.9443801377,1.922,-68.7585769465,10.517,0.043
1237-101,2010,1,189.9294228726,0.279,-10.3913035297,0.427,0.061
1240+381,2010,3,190.7140376788,0.446,37.8500069289,0.841,-0.326
1241+176,2010,1,191.0451041498,3.164,17.3512515635,4.587,-0.953
1243-072,2010,3,191.5176337247,1.12,-7.5129371579,1.62,0.29
1243-160,2010,7,191.4739261951,0.452,-16.2793623972,0.49,0.197
1244-255,2010,26,191.6950084738,0.348,-25.7970246808,0.379,-0.128
1247+139,2010,1,192.6175751188,0.144,13.7278844852,0.356,0.174
1251-713,2010,2,193.7496730577,1.379,-71.6384547624,0.477,0.322
1252+119,2010,3,193.6593983289,0.173,11.6849708463,0.206,0.04
1255-177,2010,5,194.6595902639,0.489,-18.0008678267,0.525,0.164
1255-316,2010,7,194.4960868627,0.403,-31.9213471184,0.872,0.649
1257+145,2010,1,195.0871616761,0.642,14.2884812099,0.821,0.305
1300+580,2010,28,195.7186053639,0.265,57.8104470461,0.151,0.04
1302-102,2010,1,196.3875638825,3.438,-10.5553992804,6.923,-0.944
1304-318,2010,1,196.8132448225,0.364,-32.1329559528,0.604,0.061
1306+360,2010,11,197.0987880496,0.37,35.776989981,0.388,-0.026
1308+326,2010,27,197.6194326746,0.234,32.3454952017,0.378,-0.06
1308+328,2010,19,197.7475113694,0.185,32.5595693282,0.196,0.021
1308+554,2010,5,197.7633784761,0.557,55.2317562352,0.428,-0.248
1313-333,2010,5,199.0332747012,0.205,-33.6497700472,0.323,0.035
1324+224,2010,38,201.7535887611,0.174,22.1806008454,0.265,-0.048
1325-558,2010,2,202.2547705237,3.131,-56.1340739201,1.177,-0.7
1327+504,2010,3,202.274178006,0.444,50.1573335705,0.228,0.328
1334-127,2010,52,204.4157615461,0.201,-12.9568592356,0.352,0.011
1339-287,2010,1,205.5639403993,4.091,-29.0116191177,10.377,0.993
1342+662,2010,25,205.9414982216,0.441,66.0404848105,0.206,0.066
1342+663,2010,3,206.0361650826,0.427,66.1032344217,0.185,-0.03
1347+539,2010,1,207.3944025245,0.23,53.6880666709,0.19,-0.257
1348+308,2010,13,207.7197342189,0.31,30.5815529546,0.398,0.159
1349-439,2010,1,208.2355620427,1.163,-44.2112094578,25.215,-0.567
1351-018,2010,43,208.5287304787,0.256,-2.1008863228,0.855,0.183
1352-104,2010,9,208.6938278406,0.461,-10.6840710644,0.483,0.167
1354+195,2010,1,209.2684861419,0.142,19.3187148214,0.333,-0.358
1354-152,2010,10,209.2968541039,0.293,-15.4579963701,0.28,0.059
1354-174,2010,3,209.2753089048,1.463,-17.7338621513,1.269,0.021
1357+769,2010,48,209.4807146536,0.687,76.7225141574,0.168,0.135
1402+044,2010,1,211.2546659983,0.383,4.2599496291,0.31,0.25
1402-012,2010,3,211.191230782,1.552,-1.5060962336,2.027,0.442
1404+286,2010,36,211.7516433638,0.261,28.4540805513,0.399,0.143
1406-076,2010,3,212.2353383175,0.159,-7.8740740163,0.261,-0.067
1406-267,2010,12,212.4590407147,0.35,-26.9602723609,0.482,-0.107
1412+087,2010,1,213.7913267541,0.202,8.5348248564,0.377,-0.508
1412-368,2010,2,213.8584011631,1.942,-37.0908247803,0.992,0.025
1413+135,2010,1,213.99507298,0.292,13.3399202134,0.648,0.118
1417+385,2010,1,214.9442242108,0.392,38.3634653749,0.336,0.112
1418+546,2010,58,214.9441558035,0.283,54.387440845,0.212,0.043
1420-679,2010,1,216.2314875097,2.215,-68.1328000924,10.603,-0.632
1423+146,2010,3,216.4542417409,0.172,14.4158059893,0.306,-0.287
1424+366,2010,4,216.6545312119,0.32,36.4193261147,0.312,-0.121
1424-418,2010,30,216.9845730652,0.486,-42.1053993172,0.553,-0.12
1428+370,2010,2,217.6690987639,0.182,36.8177468694,0.194,0.006
1432+200,2010,5,218.6658057385,0.145,19.8668711159,0.198,0.04
1435+638,2010,1,219.1908426402,0.39,63.6105185484,0.167,0.013
1437+061,2010,1,220.0749377447,0.42,5.9428030466,0.692,-0.13
1441+252,2010,11,220.9870507371,0.288,25.02902521,0.316,0.121
1441-058,2010,1,220.9210730259,0.221,-6.0196840321,0.492,-0.317
1442+101,2010,2,221.3186052438,0.291,9.9766871044,0.355,0.424
1442-245,2010,1,221.4342146408,0.231,-24.7615532474,0.456,0.006
1443-162,2010,4,221.4724008838,0.837,-16.4837830778,0.684,0.207
1448+762,2010,1,222.1199124818,0.441,76.0198881631,0.125,0.115
1451-375,2010,8,223.6142071843,0.392,-37.7925398773,0.56,0.406
1451-400,2010,1,223.6371348361,0.593,-40.2090321666,1.619,0.568
1452+301,2010,1,223.6345744855,0.3,29.9327932041,0.678,0.07
1454-354,2010,1,224.3612981905,1.408,-35.6527698642,0.818,-0.005
1455+348,2010,1,224.4887621634,0.887,34.6639959401,0.6,-0.043
1456+044,2010,13,224.7473176058,0.48,4.2705056223,0.996,0.04
1459+480,2010,2,225.2027259244,0.241,47.8543162386,0.177,0.175
1502+036,2010,27,226.2769881585,0.167,3.441892394,0.288,0.003
1502+106,2010,3,226.1040823821,0.177,10.4942215174,0.474,0.148
1504+377,2010,3,226.53970816,0.269,37.5142032508,0.35,0.056
1504-166,2010,2,226.769945268,1.028,-16.8750741554,1.111,0.349
1508+572,2010,2,227.5121767637,0.385,57.0453821734,0.175,0.143
1508-055,2010,2,227.7232975563,0.235,-5.7187270727,0.296,0.333
1510-089,2010,4,228.2105538637,0.15,-9.099952754,0.316,-0.32
1510-319,2010,1,228.3407386683,0.373,-32.1590817423,0.601,-0.04
1511-100,2010,3,228.4370559242,0.234,-10.2000736157,0.294,-0.058
1511-476,2010,1,228.6667688255,1.409,-47.8082852509,22.169,-0.826
1514+197,2010,4,229.2366507274,0.195,19.5369422518,0.31,0.068
1519-273,2010,33,230.6569832539,0.303,-27.5029960049,0.375,-0.093
1519-294,2010,3,230.6061926883,0.399,-29.6070088828,0.737,-0.36
1520+319,2010,28,230.5416322136,0.222,31.7373283319,0.257,0.046
1520+437,2010,28,230.4567244859,0.297,43.6109078389,0.266,0.024
1532+016,2010,1,233.71855692,0.233,1.5178351382,0.945,0.406
1546+027,2010,17,237.3726534854,0.222,2.6169898786,0.397,0.023
1548+056,2010,4,237.6469551674,0.172,5.4529023752,0.216,0.033
1550-242,2010,1,238.3817825891,0.33,-24.3683438339,0.881,-0.476
1555+001,2010,6,239.4643082322,0.225,-0.0306704625,0.368,-0.029
1556-245,2010,3,239.9225376981,0.989,-24.7107867891,1.035,-0.005
1557+032,2010,3,239.8790526159,0.253,3.0800714512,0.326,-0.089
1601+112,2010,1,240.9247135372,2.511,11.0968551132,5.181,0.991
1602-115,2010,9,241.3230485097,0.163,-11.6574531489,0.301,0.13
1604-333,2010,1,241.8948429195,1.663,-33.5191426775,0.865,-0.154
1606+106,2010,43,242.1925132491,0.206,10.4854932844,0.364,0.056
1608+243,2010,11,242.6751116017,0.334,24.246947654,0.313,0.118
1610-771,2010,1,244.4553176112,204.248,-77.2884623525,144.842,0.003
1611+343,2010,27,243.421100989,0.23,34.2133080014,0.335,0.082
1614+051,2010,5,244.1564867501,0.135,4.9924268833,0.208,-0.173
1615+029,2010,6,244.4579503959,0.193,2.7786399823,0.568,-0.575
1616+063,2010,1,244.7653654112,0.575,6.2172893962,0.964,-0.152
1617+229,2010,26,244.8117691539,0.21,22.7966252923,0.308,-0.103
1619-680,2010,1,246.0768193075,3.041,-68.1534671276,10.066,-0.869
1621+078,2010,1,245.9927162477,0.168,7.6918192573,0.429,0.263
1621-321,2010,1,246.248415099,0.285,-32.2234550136,0.531,0.081
1622-253,2010,58,246.4453817156,0.316,-25.4606462894,0.399,0.031
1622-297,2010,3,246.5250868454,0.54,-29.8574920717,0.74,-0.227
1623+578,2010,15,246.1033648679,0.492,57.6878558432,0.269,-0.063
1624+416,2010,1,246.4902904132,0.212,41.5779525983,0.186,0.143
1624-617,2010,1,247.2278736346,0.908,-61.8767772674,0.502,0.016
1633+382,2010,1,248.8145541066,0.195,38.1345835973,0.179,0.38
1636+473,2010,9,249.4380439586,0.265,47.2927308712,0.221,-0.041
1637+574,2010,5,249.5560679017,0.338,57.3399941263,0.218,-0.155
1637+826,2010,9,248.1332087165,2.329,82.537888931,0.265,-0.137
1638+118,2010,1,250.2453858218,0.197,11.7345033432,0.365,-0.209
1638+398,2010,24,250.123469863,0.23,39.7794523825,0.243,-0.01
1639+230,2010,24,250.3551148518,0.232,22.9511202012,0.335,0.041
1639-062,2010,7,250.5090737866,0.39,-6.3565817687,0.688,0.122
1641+399,2010,6,250.7450427048,1.521,39.8102761588,1.415,-0.109
1642+690,2010,10,250.5327022141,0.386,68.944376707,0.133,0.1
1651+391,2010,7,253.2437899347,0.198,39.0471728039,0.178,0.133
1652+398,2010,12,253.4675694862,0.239,39.7601691276,0.265,-0.033
1653-329,2010,1,254.0702550728,0.702,-33.0363328356,1.954,-0.582
1655+077,2010,2,254.5375477456,0.187,7.6909834442,0.325,0.068
1656+348,2010,1,254.5059127163,2.572,34.7245559722,0.566,0.458
1656+477,2010,2,254.5115816833,0.267,47.6303417689,0.259,0.024
1656-075,2010,10,254.6835916291,0.454,-7.6549151022,0.601,0.348
1657-261,2010,24,255.2214752642,0.325,-26.1810348385,0.358,-0.046
1657-562,2010,3,255.4369085794,1.246,-56.3655282968,0.741,-0.257
1659+399,2010,6,255.3526450467,0.257,39.910303235,0.258,-0.096
1659-621,2010,1,255.9022551846,0.856,-62.2111133058,0.409,0.525
1705+018,2010,10,256.8933969673,0.165,1.8126942496,0.277,-0.05
1705+456,2010,1,256.8239720634,0.454,45.602931387,0.308,0.01
1706-174,2010,2,257.3931057926,0.977,-17.4814903192,3.269,0.399
1717+178,2010,3,259.8043685802,0.315,17.7517881279,0.465,-0.164
1722+330,2010,2,261.0591577549,0.266,33.0510941944,0.472,-0.487
1725+044,2010,1,262.1039698354,0.16,4.4513650921,0.362,-0.08
1725+123,2010,7,262.0293800269,0.285,12.2609679406,0.57,0.234
1725-795,2010,1,263.4195806007,7.41,-79.5988080546,4.598,-0.852
1726+455,2010,4,261.8652116385,0.523,45.5110362619,0.472,0.203
1730-130,2010,9,263.261274091,0.164,-13.0804300297,0.281,-0.011
1732+389,2010,9,263.5857439932,0.259,38.9642897603,0.265,-0.108
1736+324,2010,1,264.6687574813,0.341,32.4025069634,0.47,-0.202
1738+476,2010,3,264.9880377821,0.214,47.6328782155,0.215,-0.183
1738+499,2010,3,264.8641271152,0.225,49.9176022846,0.167,0.088
1739+522,2010,38,265.1540743372,0.317,52.1953909615,0.25,0.06
1741-038,2010,83,265.9952339127,0.19,-3.8346157615,0.321,0.012
1743+173,2010,3,266.3967006958,0.188,17.3337287607,0.233,-0.006
1746+470,2010,3,266.8610301963,0.342,46.9808127636,0.297,0.301
1749+096,2010,66,267.8867440318,0.177,9.6502023433,0.317,0.052
1749+701,2010,1,267.1368347093,1.488,70.0974357652,0.679,0.384
1751+288,2010,3,268.4269736122,0.284,28.8013719462,0.357,-0.046
1754+155,2010,31,269.2212589268,0.215,15.5891184926,0.316,0.141
1754+292,2010,1,269.0218812221,0.21,29.2377939025,0.225,-0.13
1755+626,2010,1,268.9518350611,27.832,62.6122619634,14.866,0.514
1758+388,2010,7,270.1031890238,0.177,38.8085270422,0.196,0.196
1758-651,2010,1,270.8479011425,3.018,-65.1268736769,10.93,-0.913
1759-396,2010,30,270.6778335641,0.365,-39.6688633486,0.481,0.053
1800+440,2010,13,270.3846451153,0.229,44.0727500589,0.207,0.087
1800-045,2010,1,270.7892819793,1.229,-4.5507778822,2.099,0.085
1803+784,2010,53,270.1903494786,0.908,78.4677829082,0.175,-0.062
1806+456,2010,11,272.091191246,0.253,45.7057962331,0.206,-0.087
1806-458,2010,1,272.4911330626,2.141,-45.878062535,5.177,-0.627
1807+698,2010,37,271.7111693489,0.42,69.824474607,0.142,0.009
1815-111,2010,1,274.5804728262,1.478,-11.1467559708,1.466,0.335
1815-553,2010,2,274.9391641728,4.375,-55.3557620773,1.141,-0.185
1821+107,2010,1,276.0118968284,0.287,10.7399372747,0.37,-0.051
1822-076,2010,1,276.4067063831,0.216,-7.6250037753,0.348,0.221
1822-173,2010,1,276.4022179627,0.319,-17.3138464855,0.598,0.23
1823+568,2010,7,276.029451517,0.455,56.8504141684,0.269,-0.03
1823+689,2010,13,275.8868912731,0.65,68.9646145888,0.266,0.068
1824-582,2010,1,277.3016765135,1.071,-58.2319894095,0.329,0.438
1831-030,2010,1,278.5586443925,0.295,-3.022118506,0.431,0.032
1831-711,2010,3,279.3696459426,1.258,-71.1454317166,0.455,0.313
1832+687,2010,2,278.1480149681,13.699,68.8019848106,2.774,-0.681
1832-113,2010,1,278.8315663435,2.571,-11.2664759675,3.247,0.633
1842+681,2010,4,280.6401735265,0.908,68.1570078615,0.401,-0.135
1843-001,2010,1,281.5157599782,1.362,-0.0606263707,2.477,0.523
1846+322,2010,38,282.0920357387,0.224,32.3173899148,0.271,0.044
1849+670,2010,5,282.3169681409,0.577,67.0949112226,0.257,-0.123
1854+061,2010,1,284.1326614637,0.803,6.1713237013,1.024,0.389
1903-802,2010,1,288.1667524313,26.036,-80.1683196578,3.117,0.25
1904+013,2010,1,286.7999840275,0.297,1.4524894732,0.42,0.056
1908-201,2010,17,287.7902204252,0.242,-20.1153081524,0.537,0.057
1909+161,2010,22,287.9927391921,0.154,16.196351486,0.268,0.042
1910+052,2010,1,288.2260737306,0.461,5.3001169517,0.583,-0.326
1917-248,2010,1,290.0601290831,0.228,-24.7516113001,0.543,-0.126
1920-211,2010,16,290.8841242492,0.242,-21.0759258712,0.402,-0.067
1921-293,2010,23,291.2127331805,0.404,-29.2417001643,0.755,0.428
1923+210,2010,70,291.4983556355,0.228,21.1072672964,0.367,0.063
1925-610,2010,1,292.5256657092,2.475,-60.9358796942,12.58,-0.905
1927+090,2010,1,292.4494300765,1.732,9.1676788745,2.361,-0.684
1929+226,2010,2,292.8538200133,0.568,22.725349412,0.849,-0.548
1933-400,2010,3,294.3175723487,0.653,-39.9670982374,0.55,-0.458
1934+226,2010,1,294.1221027325,0.886,22.7738489114,0.876,0.336
1936-155,2010,4,294.8610739123,0.14,-15.4286272855,0.261,-0.343
1954+513,2010,4,298.9280759762,0.211,51.5301517089,0.171,-0.083
1954-388,2010,38,299.4992470187,0.346,-38.7517655646,0.442,0.015
1958-179,2010,48,300.2378768445,0.277,-17.8160201284,0.382,0.07
2000+148,2010,4,300.6749967279,0.219,15.0207148398,0.31,0.23
2000+472,2010,31,300.5434094035,0.232,47.4246593614,0.197,-0.036
2000-330,2010,1,300.8504846077,0.448,-32.8625368249,0.434,-0.188
2002-375,2010,2,301.4794621472,0.697,-37.3948546534,0.828,0.504
2005-489,2010,2,302.3557951394,5.667,-48.8315891137,1.486,0.652
2007+777,2010,1,301.379160299,1.58,77.8786799361,0.269,0.184
2008-068,2010,3,302.8092329762,1.968,-6.734320541,7.022,0.748
2008-159,2010,35,302.8154621817,0.211,-15.7778482845,0.319,0.031
2013+163,2010,14,304.0577501541,0.209,16.5428091319,0.309,0.12
2021+317,2010,1,305.8292389557,0.308,31.8839738796,0.371,0.096
2021+614,2010,1,305.5278407757,0.4,61.6163347107,0.185,0.051
2029+121,2010,2,307.9791427965,0.101,12.3281500258,0.184,0.06
2030+547,2010,1,307.9498279292,2.271,54.9175387054,1.479,-0.947
2030-689,2010,1,308.9536504597,3.084,-68.7760635204,8.399,-0.808
2037+511,2010,86,309.6543113903,0.247,51.3201840737,0.189,-0.036
2037-253,2010,2,310.036553567,1.843,-25.1296288053,1.202,0.116
2052-474,2010,48,314.0681659044,0.52,-47.2465632301,0.54,-0.081
2054-075,2010,1,314.3376913348,0.21,-7.3276761882,0.441,0.052
2058-297,2010,1,315.2569169824,0.863,-29.5577323743,0.93,-0.211
2059+034,2010,50,315.4118089939,0.196,3.6920335561,0.324,0.074
2059-786,2010,1,316.437336449,5.751,-78.4262617589,4.33,-0.52
2105-293,2010,1,317.030836091,0.193,-29.1881019563,0.406,-0.315
2106+143,2010,2,317.1709673249,0.219,14.5075034853,0.345,0.295
2106-413,2010,3,317.3882860796,0.534,-41.1723905374,0.588,-0.438
2109-811,2010,1,319.1285192104,7.143,-80.8986720377,2.776,-0.679
2113+293,2010,77,318.8725560566,0.217,29.5606574686,0.315,0.053
2121+053,2010,38,320.9354891503,0.246,5.5894702618,0.591,0.038
2123-463,2010,1,321.6279343478,1.593,-46.0966278784,21.21,-0.633
2126-158,2010,8,322.3007328566,0.319,-15.6447339272,0.931,0.386
2127-096,2010,18,322.5795344315,0.175,-9.4603986544,0.308,0.123
2128-123,2010,6,322.8969240622,0.686,-12.1179989004,1.566,0.181
2131-021,2010,2,323.5429568344,0.429,-1.8881216982,0.75,-0.093
2131-340,2010,1,323.7117688002,0.29,-33.8540971857,0.608,-0.163
2134+004,2010,11,324.1607762184,0.774,0.6983926007,1.136,-0.085
2136+141,2010,13,324.7554553568,0.395,14.393331234,0.718,0.044
2136-251,2010,1,324.8051204888,0.372,-24.9041853022,0.736,0.015
2141+175,2010,18,325.8981023616,0.165,17.730218728,0.274,0.074
2142+110,2010,3,326.3282295511,0.427,11.2575869159,0.684,0.029
2143-156,2010,13,326.5957471835,0.242,-15.4288571738,0.335,0.009
2144+092,2010,9,326.792345658,0.214,9.4962978549,0.348,-0.001
2145+067,2010,18,327.0227444362,0.197,6.9607233451,0.466,-0.053
2146+019,2010,1,327.1661541887,0.254,2.1907919584,0.481,-0.499
2149+056,2010,8,327.9078145006,0.19,5.870265188,0.299,0.058
2150+173,2010,3,328.1034141648,0.216,17.5771653201,0.338,0.015
2155+312,2010,7,329.3700995487,0.312,31.4503754194,0.368,-0.022
2155-304,2010,2,329.7169379176,0.942,-30.2255883762,0.873,0.058
2200+420,2010,1,330.6803807259,0.684,42.2777724385,0.958,0.339
2201+315,2010,11,330.8123990003,0.31,31.7606303593,0.349,0.102
2204-007,2010,1,331.6803441154,0.202,-0.517360097,0.422,0.164
2204-540,2010,2,331.932222125,0.596,-53.7760612988,0.823,-0.003
2205+166,2010,3,331.9702735475,0.526,16.8716155684,0.927,0.562
2208-137,2010,9,332.8504143994,0.193,-13.4693677141,0.466,-0.114
2209+236,2010,10,333.0248596244,0.16,23.9279288557,0.232,0.045
2211-256,2010,1,333.6933429712,0.372,-25.3544643577,1.006,-0.444
2214+350,2010,40,334.0833746035,0.226,35.3039388764,0.309,-0.042
2215+150,2010,10,334.5454745554,0.19,15.3432547725,0.294,0.006
2216+178,2010,2,334.8087185883,0.3,18.1098833478,0.647,0.248
2216-038,2010,1,334.7168237805,0.155,-3.593577586,0.615,-0.077
2220-351,2010,1,335.7747114352,2.44,-34.9297740656,4.878,-0.555
2223-052,2010,29,336.4469137609,0.228,-4.9503864102,0.398,0.018
2227-088,2010,17,337.417018133,0.231,-8.5484543283,0.335,-0.123
2227-445,2010,1,337.7351789809,0.368,-44.2749700394,0.591,-0.159
2229+695,2010,51,337.6519571956,0.427,69.7744657929,0.161,-0.023
2230+114,2010,1,338.1517038996,0.155,11.7308065697,0.195,-0.068
2234+282,2010,25,339.093628543,0.233,28.4826148596,0.41,0.165
2235+731,2010,2,339.1608208162,1.0,73.3812951595,0.379,-0.483
2236-572,2010,3,339.8003160767,0.936,-57.0168996711,0.476,-0.712
2239-631,2010,1,340.7826634375,2.82,-62.8492510056,11.96,0.09
2243+047,2010,7,341.4735588463,0.228,5.0158227482,0.405,0.192
2243-123,2010,29,341.5759665106,0.25,-12.1142438067,0.581,0.203
2244-372,2010,1,341.7663217524,0.856,-36.9628618691,0.845,-0.208
2245-328,2010,2,342.1611905579,0.408,-32.5978300553,0.427,0.529
2250+190,2010,11,343.2807048901,0.19,19.7096190643,0.329,0.022
2251+158,2010,7,343.4906170095,1.169,16.1482114777,1.39,-0.145
2252+618,2010,1,343.6053864547,5.378,62.1607550897,2.062,-0.291
2252-090,2010,1,343.7676655197,1.168,-8.734450326,1.438,-0.019
2253+417,2010,2,343.9029493055,0.249,42.0479257414,0.207,-0.023
2254+074,2010,3,344.3220963161,0.187,7.7200840801,0.523,0.324
2255-282,2010,66,344.5248453726,0.356,-27.9725712718,0.552,0.659
2300-683,2010,11,345.9315191635,0.703,-68.1270675556,0.305,-0.022
2307+106,2010,16,347.6188238543,0.233,10.9251935645,0.406,-0.076
2309+454,2010,6,347.9475373729,0.381,45.7322267851,0.385,-0.059
2312-319,2010,2,348.7020856328,0.82,-31.644313026,0.891,0.42
2318+049,2010,45,350.186902469,0.227,5.2305423989,0.411,0.027
2319+317,2010,29,350.4789832939,0.258,32.0687839769,0.344,0.033
2319+444,2010,6,350.5848252998,0.345,44.7617649,0.346,-0.046
2320+506,2010,1,350.6082591334,0.226,50.9644343321,0.2,-0.001
2320-035,2010,3,350.8831404896,1.134,-3.2847287886,2.229,0.044
2326-477,2010,3,352.3237684144,0.506,-47.5053095662,0.842,-0.236
2329+068,2010,1,352.9813513312,0.761,7.0950257771,0.773,-0.12
2329-162,2010,3,352.9110516785,0.921,-15.9491692392,1.362,-0.024
2329-384,2010,1,352.9978170977,0.946,-38.1965698023,0.819,-0.215
2333-415,2010,1,354.1416040351,1.46,-41.2561063149,0.882,-0.842
2335-027,2010,14,354.488912818,0.202,-2.5160081269,0.341,-0.045
2351+456,2010,1,358.5903343527,0.315,45.8845101345,0.197,-0.304
2351-154,2010,3,358.6258130504,0.325,-15.2197814233,0.288,-0.255
2353-686,2010,2,359.0028392661,0.659,-68.3342976635,0.258,-0.573
2355-106,2010,36,359.5453433147,0.221,-10.3357253609,0.314,-0.06
2355-534,2010,2,359.4719424088,1.227,-53.187136343,0.69,-0.236
2356+385,2010,57,359.8882533495,0.214,38.8450883848,0.257,0.104
2357-318,2010,9,359.8978814109,0.223,-31.5621735281,0.435,-0.124
2358+189,2010,23,0.2859231928,0.263,19.2427226759,0.411,0.052
2359-221,2010,1,0.5499227948,0.463,-21.8860737958,1.107,-0.666
