iers_name,year,num_ses,ra,ra_err,dec,dec_err,ra_dec_corr
0002-478,2012,3,1.1485643935,1.392,-47.6054459857,2.098,0.66
0003-066,2012,25,1.557887082,0.252,-6.3931485773,0.483,0.046
0007+106,2012,1,2.6291913491,1.52,10.9748622827,0.467,-0.49
0008-264,2012,6,2.7551943494,0.196,-26.2092710762,0.294,-0.288
0008-311,2012,1,2.6454572879,0.254,-30.9042495917,0.544,0.06
0010+405,2012,5,3.3797091228,0.17,40.8603178354,0.167,-0.04
0013-005,2012,5,4.046202288,0.271,-0.2534569539,0.353,0.038
0014+813,2012,8,4.2853118429,0.988,81.5855935157,0.13,0.171
0016+731,2012,47,4.9407764404,0.418,73.4583382151,0.121,0.027
0019+058,2012,34,5.6351717191,0.219,6.1345191796,0.323,0.081
0025+197,2012,10,7.124243673,0.193,20.0074289144,0.296,0.024
0028-396,2012,1,7.8513814128,1.537,-39.3803801393,3.553,-0.861
0035+413,2012,5,9.6035148626,0.197,41.6183335418,0.186,0.229
0035-252,2012,7,9.5613979556,0.259,-24.9839542467,0.343,-0.214
0046+511,2012,2,12.4082968454,0.374,51.4704700906,0.273,-0.106
0047+023,2012,1,12.4301497608,0.143,2.617716385,0.326,-0.104
0048-097,2012,28,12.6721556175,0.248,-9.4847806069,0.319,0.005
0048-427,2012,16,12.7895909516,0.69,-42.4425815206,0.575,0.105
0054+161,2012,17,14.2303930531,0.239,16.420372484,0.326,-0.044
0055-059,2012,6,14.5211095942,0.35,-5.6645217539,0.409,0.031
0055-340,2012,1,14.5651741598,0.337,-33.7993032871,0.855,0.019
0059+581,2012,78,15.6906765466,0.291,58.4030934958,0.166,-0.005
0104-408,2012,58,16.6879498237,0.414,-40.572211133,0.502,-0.018
0106+013,2012,14,17.1615462542,0.178,1.5834214555,0.321,0.154
0107-610,2012,2,17.3144800383,1.714,-60.8301270382,2.825,0.861
0109+224,2012,1,18.0242696735,0.161,22.7441073004,0.218,0.053
0110+495,2012,5,18.3625283124,0.276,49.8066786552,0.231,-0.192
0110-668,2012,3,18.0788036585,2.529,-66.5792191435,1.174,0.181
0111+021,2012,11,18.4297706601,0.363,2.3714767228,0.794,0.033
0115-214,2012,23,19.4532505936,0.339,-21.1851757892,0.44,0.087
0116-219,2012,8,19.7385924608,0.166,-21.6917056836,0.378,0.129
0119+041,2012,14,20.4869237065,0.245,4.373537304,0.421,0.067
0119+115,2012,33,20.4233125944,0.21,11.8306704856,0.4,0.102
0131-522,2012,5,23.2740105192,0.903,-52.0010960003,1.248,0.276
0133+476,2012,70,24.2441450382,0.216,47.8580833463,0.182,-0.054
0134+311,2012,64,24.2863901465,0.232,31.3766265692,0.317,0.007
0136-059,2012,2,24.7160469968,0.221,-5.6689561401,0.417,0.329
0138-097,2012,4,25.3576340262,0.257,-9.4787983521,0.204,-0.034
0142-398,2012,1,26.2253896857,0.818,-39.6362567639,1.54,-0.827
0144+584,2012,2,26.9439203428,0.495,58.6791590711,0.32,0.048
0145+420,2012,1,27.1857349892,0.152,42.2553902828,0.174,-0.011
0151+474,2012,4,28.7345412326,0.35,47.7240387753,0.223,0.04
0159+723,2012,5,30.8891043759,0.564,72.5482410495,0.182,0.247
0201+113,2012,25,30.9444044194,0.161,11.5792804303,0.285,-0.049
0201+398,2012,1,31.0216449534,0.199,40.0843098583,0.176,-0.189
0202+149,2012,5,31.210057984,0.112,15.2364009283,0.215,-0.03
0202+319,2012,5,31.2705223355,0.188,32.2083598224,0.192,0.011
0203+625,2012,2,31.7625698706,0.449,62.7700187141,0.183,-0.018
0203-120,2012,1,31.6086864597,0.123,-11.8443678801,0.275,-0.008
0206+136,2012,2,32.3999929491,0.42,13.8668748962,1.196,0.281
0208-512,2012,3,32.6925016384,1.087,-51.0171919458,0.397,-0.386
0212-620,2012,4,33.5675186372,1.521,-61.8260164256,0.636,-0.188
0215+015,2012,35,34.4539780936,0.167,1.7471386516,0.222,0.047
0219+628,2012,1,35.873362583,1.463,63.1214736945,0.481,-0.174
0221+067,2012,5,36.11845085,0.191,6.9898171334,0.231,0.19
0227-369,2012,1,37.3685380029,1.318,-36.7324503244,4.035,0.957
0229+131,2012,39,37.9412253144,0.174,13.3818656768,0.243,0.076
0230-790,2012,3,37.3956109228,6.752,-78.7960002674,0.9,0.6
0234+285,2012,6,39.4683569728,0.161,28.8024972727,0.18,-0.001
0234-301,2012,2,39.1298724104,0.275,-29.8987610575,0.419,0.143
0235+164,2012,3,39.662208627,0.802,16.6164653359,1.089,-0.103
0235-618,2012,1,39.221857286,3.86,-61.6042168249,4.666,0.956
0237-027,2012,34,39.9394677897,0.208,-2.5780317801,0.365,0.04
0239+175,2012,1,40.6011177292,0.126,17.7163471972,0.215,-0.305
0256-005,2012,27,44.8688173405,0.17,-0.3333264509,0.269,0.064
0300+470,2012,5,45.8968425783,0.251,47.2711876033,0.287,-0.018
0302+625,2012,5,46.6777481253,0.53,62.7172289409,0.275,-0.427
0302-623,2012,3,45.9609638508,2.574,-62.1904305116,1.536,0.848
0306+102,2012,4,47.2650979685,0.145,10.4878722984,0.334,0.184
0306-061,2012,1,47.3470369045,0.146,-5.9890139929,0.376,-0.076
0307+380,2012,43,47.7078330336,0.187,38.2482882745,0.222,0.06
0308-611,2012,55,47.4837464808,0.673,-60.9775156485,0.389,0.068
0309+411,2012,5,48.2581755005,0.377,41.3336623635,0.318,0.374
0316+413,2012,4,49.9506693184,7.266,41.5116949492,3.505,0.082
0316-444,2012,1,49.4903309427,0.605,-44.2381004686,1.277,-0.449
0319+396,2012,2,50.7159584463,0.263,39.8006277331,0.28,0.003
0319-133,2012,1,50.5631131501,0.366,-13.2161408008,0.868,-0.59
0322+222,2012,61,51.4033931431,0.161,22.4001015564,0.207,0.03
0327+467,2012,2,52.635947556,0.306,46.9398037486,0.248,-0.069
0332+078,2012,13,53.7221525633,0.267,8.0040053896,0.534,0.096
0332-403,2012,80,53.5568936524,0.333,-40.140388314,0.36,0.021
0334-546,2012,3,53.9746869169,1.395,-54.5069766694,1.631,0.247
0336-019,2012,59,54.8789074837,0.18,-1.7766122263,0.242,0.091
0338-214,2012,16,55.1483660682,0.383,-21.3253254912,0.445,0.218
0340+362,2012,9,55.8706350651,0.243,36.3701194815,0.318,0.043
0342+147,2012,3,56.2767355974,0.466,14.8970997353,1.263,0.171
0342+538,2012,2,56.6437672165,0.368,54.0164192119,0.261,-0.081
0345+460,2012,30,57.3280898779,0.225,46.16657163,0.204,0.032
0346-279,2012,15,57.1589357212,0.518,-27.820434875,0.523,0.021
0347-211,2012,7,57.4909444183,0.367,-21.0465946648,0.494,0.4
0352+605,2012,2,59.1049949073,0.265,60.7327721666,0.134,-0.194
0355+508,2012,6,59.8739466373,2.43,50.963934003,1.318,0.3
0358+210,2012,2,60.4381920701,0.156,21.1746074206,0.314,-0.038
0400-319,2012,5,60.5886081819,0.48,-31.7905405473,0.375,-0.222
0402-362,2012,9,60.9739578847,0.662,-36.0838649151,0.625,0.53
0403-132,2012,6,61.3916808216,0.167,-13.1371362705,0.278,0.104
0405-015,2012,1,62.0772255784,0.183,-1.3763595557,0.383,-0.028
0405-331,2012,1,61.8913052981,0.281,-33.0628772417,0.427,0.015
0405-385,2012,13,61.7459806238,0.276,-38.4411227636,0.587,0.358
0406-127,2012,4,62.2740405959,0.354,-12.6467067766,0.732,0.725
0414-189,2012,13,64.1522685794,0.569,-18.8523167819,0.401,0.16
0415+398,2012,14,64.8439563116,0.263,39.9247159676,0.222,0.113
0420+022,2012,16,65.7175610657,0.137,2.3241474377,0.249,0.042
0420-014,2012,30,65.8158363516,0.146,-1.3425182113,0.221,-0.054
0422+004,2012,14,66.1951752749,0.234,0.6017581925,0.393,-0.052
0422-380,2012,1,66.176015312,1.081,-37.939107172,2.673,0.889
0426+273,2012,6,67.4706698522,0.176,27.4105211557,0.242,-0.015
0430+289,2012,4,68.4076243493,0.34,29.0987433285,0.521,0.346
0434-188,2012,11,69.2561773366,0.305,-18.7468369033,0.567,-0.534
0436-129,2012,8,69.6459208648,0.693,-12.8509330534,0.942,0.154
0437-454,2012,4,69.7535609411,0.503,-45.3729339763,0.515,0.455
0440+345,2012,8,70.8818133489,0.168,34.6851844792,0.205,0.073
0442+389,2012,2,71.54789175,0.389,39.0047498539,0.793,-0.166
0446+112,2012,50,72.2819629136,0.185,11.3579434601,0.267,-0.036
0450+013,2012,1,73.2593275832,0.146,1.4765636005,0.278,0.186
0452+068,2012,1,73.8363029485,0.466,6.9274650805,0.806,-0.353
0454+844,2012,24,77.1765151812,2.534,84.5345955881,0.254,0.088
0454-234,2012,62,74.2632467791,0.233,-23.4144500587,0.332,-0.068
0454-810,2012,8,72.5226674272,5.027,-81.0172863025,0.745,0.056
0458+138,2012,2,75.4386283938,0.52,13.9353385603,0.854,0.681
0458-020,2012,33,75.3033743105,0.215,-1.9872934409,0.356,-0.121
0506+101,2012,7,77.364404424,0.3,10.195722251,0.733,0.628
0506-612,2012,11,76.683286368,1.302,-61.1613871626,0.566,-0.035
0507+179,2012,3,77.5098708278,0.183,18.0115501002,0.294,-0.374
0509+205,2012,1,78.1628137032,0.196,20.6285563794,0.413,-0.192
0514-156,2012,1,79.2382724956,0.211,-15.6195464844,0.472,0.26
0515+208,2012,6,79.5159354541,0.176,20.9145825832,0.321,0.127
0516-621,2012,6,79.1871919995,1.399,-62.1181635624,0.921,0.48
0521-262,2012,2,80.8269565741,1.169,-26.2359868095,1.366,0.641
0522-611,2012,3,80.6434399832,2.744,-61.1325362828,2.833,0.912
0524+034,2012,17,81.8862726958,0.188,3.5254212315,0.462,0.311
0524-460,2012,1,81.3808341505,2.513,-45.965188841,10.978,0.959
0524-485,2012,5,81.5694636128,1.132,-48.5102200379,0.964,0.555
0525-100,2012,1,81.8502529098,0.534,-10.0492416591,0.977,-0.06
0528+134,2012,11,82.7350697603,0.589,13.5319859344,0.983,0.153
0529+483,2012,47,83.3161074609,0.182,48.3813354689,0.156,0.088
0531+194,2012,1,83.6854964112,11.287,19.4559570264,8.727,-0.163
0534-340,2012,5,84.1184681457,0.504,-34.0198522317,1.114,0.762
0534-611,2012,6,83.6490520053,1.819,-61.1019647533,1.257,0.275
0536+145,2012,10,84.9265250003,0.148,14.5626561239,0.285,0.047
0537-286,2012,9,84.9761727259,0.656,-28.6655411425,0.454,-0.002
0537-441,2012,106,84.7098397879,0.322,-44.0858163768,0.342,0.024
0544+273,2012,20,86.8922871773,0.2,27.3657896608,0.261,-0.09
0548+378,2012,2,88.0747370699,0.536,37.9070229638,0.773,0.373
0549-575,2012,8,87.5399174179,1.523,-57.5401101494,0.908,0.177
0552+398,2012,43,88.8783567147,0.229,39.8136569243,0.221,-0.003
0556+238,2012,38,89.8834713882,0.173,23.8983129528,0.281,0.052
0600+177,2012,2,90.7880427392,0.293,17.7046695798,0.673,0.338
0602+673,2012,41,91.9694650558,0.346,67.3487250368,0.149,-0.09
0604-004,2012,1,91.73934825,0.15,-0.4159621493,0.323,-0.131
0604-074,2012,2,91.6814422375,0.166,-7.4083977878,0.341,0.074
0605-247,2012,1,91.8180683531,0.429,-24.7947117846,1.165,-0.591
0606-223,2012,43,92.2486951569,0.244,-22.339154586,0.322,-0.02
0607-157,2012,15,92.4206231028,0.456,-15.7112978346,0.641,-0.073
0608-187,2012,1,92.57452543,0.135,-18.7944699169,0.323,-0.366
0613+570,2012,11,94.3205106766,0.399,57.0212287336,0.258,0.157
0617+210,2012,1,95.0813682839,0.237,21.041540644,0.482,-0.308
0627-199,2012,15,97.3490077957,0.246,-19.9888120852,0.316,0.192
0632-235,2012,12,98.7458372697,0.185,-23.5866548807,0.342,0.161
0637-752,2012,8,98.9437829944,1.561,-75.2713376101,0.305,0.066
0639+115,2012,1,100.6042328356,0.83,11.4758072897,0.883,0.315
0641+392,2012,30,101.2237899985,0.22,39.2465372198,0.227,0.18
0642+449,2012,11,101.6334417331,0.266,44.8546083331,0.336,-0.194
0648-165,2012,27,102.6024243965,0.181,-16.6277015419,0.251,0.037
0656+082,2012,63,104.824983459,0.223,8.2252648723,0.465,-0.132
0657+172,2012,30,105.0063564275,0.141,17.156028135,0.201,0.003
0700-197,2012,12,105.6787527594,0.265,-19.8561208943,0.318,-0.107
0700-465,2012,1,105.3939435863,4.674,-46.5768284338,11.336,0.63
0707+476,2012,6,107.6921037135,0.257,47.5364284331,0.23,-0.118
0714+457,2012,30,109.4660517387,0.21,45.6342391101,0.2,-0.047
0716+332,2012,1,109.8309152747,0.13,33.1193634531,0.167,0.109
0716+714,2012,48,110.4727019042,0.458,71.3434342829,0.159,0.03
0718+792,2012,26,111.5488967008,0.761,79.1919489246,0.126,-0.06
0722+145,2012,4,111.3200323412,0.289,14.4204852384,0.368,0.066
0723+219,2012,11,111.5594196015,0.17,21.8889204815,0.263,-0.07
0723-189,2012,2,111.4590230699,0.158,-19.0719649169,0.3,-0.098
0727-115,2012,100,112.5796352461,0.169,-11.6868335025,0.252,-0.044
0729+259,2012,9,113.2344802463,0.224,25.8107765638,0.315,-0.002
0736+017,2012,6,114.8251412361,0.104,1.6179494312,0.202,0.062
0738+491,2012,9,115.5114539841,0.467,49.0043358058,0.314,-0.018
0743+259,2012,11,116.6078090383,0.243,25.8172596409,0.391,-0.049
0743+277,2012,12,116.6684680168,0.355,27.5830686542,0.418,-0.013
0743-006,2012,5,116.4753429947,0.194,-0.7382055588,0.326,0.053
0745+241,2012,4,117.1504553148,0.186,24.0066972401,0.182,-0.103
0747+185,2012,5,117.5013747722,0.189,18.3865019796,0.268,0.036
0748+126,2012,40,117.7168571987,0.175,12.5180078761,0.226,-0.009
0749+540,2012,25,118.2557690173,0.289,53.8832325444,0.214,0.189
0759+183,2012,20,120.7001332218,0.222,18.1636803423,0.35,0.048
0800+618,2012,45,121.3257481578,0.291,61.7399168027,0.147,0.023
0800-380,2012,1,120.6150175356,1.887,-38.1814066863,4.579,-0.014
0803-047,2012,1,121.5366072561,1.29,-4.9031499183,2.125,-0.189
0804+499,2012,10,122.1652761726,0.404,49.8434806738,0.291,-0.269
0805+046,2012,2,121.9897435215,2.252,4.5429246719,7.013,-0.056
0805+410,2012,33,122.2360501554,0.246,40.8791357744,0.236,0.131
0807+103,2012,1,122.6100994862,0.272,10.1780555463,0.391,-0.08
0808+019,2012,39,122.8612804564,0.212,1.7811722773,0.361,0.15
0812+367,2012,4,123.85810351,0.35,36.5875413025,0.395,0.228
0814+425,2012,5,124.5666650533,0.127,42.3792819329,0.114,0.074
0823+033,2012,30,126.4597431439,0.172,3.1568111654,0.403,0.555
0827+243,2012,4,127.7170257756,0.143,24.1832834106,0.197,0.258
0834-201,2012,8,129.163396822,0.117,-20.2831954457,0.27,0.145
0836-384,2012,1,129.5458964117,0.747,-38.6137938506,1.856,-0.256
0837+448,2012,1,130.2137036352,0.718,44.6664688665,0.628,0.319
0847-120,2012,15,132.5401484034,0.31,-12.2264933891,0.384,0.044
0851+202,2012,95,133.7036455003,0.147,20.108511343,0.208,-0.028
0854-108,2012,34,134.1741839964,0.262,-11.0873417629,0.317,-0.021
0902-309,2012,1,136.0854828341,0.308,-31.1904623807,0.649,-0.584
0905+420,2012,1,137.1494308292,0.285,41.8461682446,0.344,0.235
0912+029,2012,60,138.6579725536,0.185,2.7664573183,0.406,0.085
0916+336,2012,1,139.7866130431,0.135,33.4116509913,0.177,0.03
0920+390,2012,28,140.8102205547,0.232,38.8277527981,0.22,-0.038
0920-397,2012,32,140.693409444,0.403,-39.9930744719,0.588,0.077
0923+392,2012,13,141.7625582261,0.379,39.0391253582,0.506,-0.097
0925-203,2012,53,141.9659346954,0.315,-20.5808979259,0.357,-0.268
0928+280,2012,1,142.9657670745,0.157,27.8473883794,0.268,0.069
0928-100,2012,1,142.7613024092,0.159,-10.2236162403,0.378,-0.009
0932+243,2012,1,143.8469730207,0.325,24.0867560126,0.879,0.267
0945-287,2012,1,147.0480972486,0.759,-29.0289299792,1.47,0.434
0951+268,2012,3,148.6658189145,0.184,26.6568175807,0.311,0.625
0953+254,2012,4,149.207814169,0.264,25.2544583935,0.254,0.344
0954+658,2012,5,149.6968545781,0.27,65.5652271907,0.129,0.051
0955+326,2012,5,149.5872901509,0.149,32.4006137913,0.2,-0.064
0955+476,2012,67,149.581965185,0.227,47.4188451129,0.191,0.007
0958+346,2012,3,150.2997884167,0.241,34.4140163961,0.289,-0.339
0959+127,2012,1,150.6272358355,0.216,12.5359853929,0.355,-0.06
1004-500,2012,12,151.55837221,0.677,-50.3037418547,0.625,0.359
1012+232,2012,5,153.696105556,0.198,23.0212694806,0.286,0.182
1013+054,2012,7,154.0130686192,0.135,5.2173170615,0.267,0.002
1014+615,2012,5,154.3578646701,0.405,61.2743045861,0.222,-0.013
1015+057,2012,18,154.6160342494,0.235,5.5083226433,0.395,0.043
1015+359,2012,18,154.5457838119,0.23,35.7109558451,0.297,0.205
1016-268,2012,1,154.785345712,0.218,-27.1487959544,0.542,-0.419
1019+416,2012,1,155.5084313684,0.184,41.4348257579,0.167,-0.018
1022+194,2012,4,156.1867065787,0.281,19.205670882,0.526,0.149
1022-665,2012,3,155.93138858,1.77,-66.7801991645,1.154,0.568
1023+131,2012,1,156.4845221759,0.228,12.8969506233,0.24,-0.124
1027-186,2012,6,157.3879063862,0.341,-18.8806366472,0.639,-0.123
1030+074,2012,4,158.3917679075,0.286,7.1905965646,0.361,-0.089
1030+415,2012,6,158.2654494568,0.21,41.2683980019,0.228,0.056
1034-293,2012,58,159.3169990196,0.344,-29.5674482349,0.339,-0.285
1034-374,2012,6,159.2226649185,0.498,-37.7375183816,0.512,0.155
1036-529,2012,4,159.6694047715,1.265,-53.1953528227,0.619,-0.063
1038+528,2012,5,160.4449235761,0.266,52.5578422656,0.195,-0.035
1039+811,2012,4,161.0960937414,1.185,80.910956475,0.176,-0.167
1040+244,2012,30,160.7876490544,0.15,24.1431693005,0.203,-0.082
1042+071,2012,2,161.2329635375,0.16,6.9272950367,0.341,0.169
1044+719,2012,9,162.1150831659,1.469,71.7266494853,0.621,-0.293
1045-188,2012,5,162.0275860002,0.207,-19.1599241687,0.476,0.011
1049+215,2012,3,162.9532877418,0.23,21.3311982621,0.385,-0.018
1053+704,2012,49,164.2234061733,0.519,70.1960876491,0.172,-0.001
1053+815,2012,21,164.5480640281,0.971,81.2424098117,0.141,0.032
1055+018,2012,7,164.6233549704,0.122,1.5663399785,0.196,0.267
1057-797,2012,94,164.6804573552,1.56,-80.0650443723,0.284,0.011
1059+282,2012,1,165.5595352245,0.75,27.9524136951,0.893,-0.752
1100+122,2012,1,165.7647074262,0.611,11.9712840245,1.837,-0.047
1101+384,2012,7,166.1138080641,0.18,38.2088330338,0.191,0.137
1101-536,2012,4,165.9675905251,1.063,-53.9501933837,1.845,0.218
1104-445,2012,19,166.7862253349,0.903,-44.8187828804,0.638,-0.372
1111+149,2012,11,168.4945624891,0.198,14.7074865414,0.427,0.227
1123+264,2012,5,171.4737997006,0.174,26.1722162612,0.197,0.017
1124-186,2012,77,171.7683018594,0.235,-18.9548449423,0.32,-0.05
1127-358,2012,1,172.5184032421,0.303,-36.1344678877,0.751,-0.035
1128+385,2012,28,172.7220108698,0.185,38.2551519356,0.199,-0.035
1129-161,2012,1,172.9031163711,0.242,-16.4759543392,0.513,-0.153
1130+009,2012,4,173.3335658969,0.238,0.6813436759,0.296,0.381
1131-088,2012,1,173.3999701833,0.215,-9.0898340013,0.522,-0.466
1133-032,2012,16,174.102403881,0.128,-3.5081935037,0.302,0.055
1143+446,2012,1,176.4104938903,0.514,44.3394205101,0.36,0.033
1143-696,2012,3,176.4734335685,1.899,-69.9004993968,1.34,-0.562
1144+402,2012,33,176.7429079627,0.166,39.9761956757,0.181,0.017
1144-379,2012,89,176.7557112602,0.319,-38.2030620848,0.363,-0.007
1145+268,2012,21,176.9990162908,0.244,26.5950923468,0.291,-0.018
1145-071,2012,2,176.9648085709,0.649,-7.4114281486,0.512,0.527
1147+245,2012,4,177.5800507897,0.17,24.2982876427,0.259,0.022
1147-063,2012,1,177.5999444352,0.734,-6.6740477934,0.897,0.346
1149-084,2012,50,178.0717061903,0.235,-8.6842538844,0.293,0.024
1156+295,2012,18,179.8826411825,0.203,29.2455073314,0.271,0.06
1156-663,2012,5,179.8262724793,2.227,-66.5942853847,1.001,-0.532
1210-246,2012,1,183.3736895342,0.306,-24.8869933754,0.711,0.046
1212+171,2012,10,183.7665797367,0.2,16.9105435459,0.374,0.012
1213-172,2012,5,183.9447989007,0.622,-17.529278703,0.549,0.146
1215+303,2012,5,184.4670081944,0.178,30.116843325,0.226,-0.005
1219+044,2012,4,185.5939567423,0.262,4.2210490164,0.558,0.249
1221+464,2012,1,185.9139012013,0.404,46.1884994981,0.324,0.197
1221+484,2012,1,185.9926260314,0.478,48.2160168131,0.435,0.188
1221+809,2012,6,185.9187240086,0.805,80.6678723536,0.138,-0.095
1226+373,2012,33,187.1975986144,0.196,37.1033599671,0.213,-0.123
1227+274,2012,1,187.3926997341,0.219,27.1989937939,0.323,0.001
1228+126,2012,85,187.7059307606,0.175,12.3911232357,0.251,-0.052
1228-352,2012,1,187.8189248901,2.756,-35.5552529807,7.997,-0.333
1236+077,2012,8,189.8524507014,0.175,7.5047745656,0.224,0.306
1240+381,2012,3,190.7140375661,0.274,37.8500069354,0.302,-0.004
1241+735,2012,1,190.796737943,0.706,73.2664583371,0.262,-0.618
1243-072,2012,6,191.5176337726,0.119,-7.5129374305,0.211,0.196
1243-160,2012,3,191.4739262122,0.905,-16.2793623939,2.791,0.677
1244-255,2012,8,191.6950080992,0.243,-25.7970252303,0.499,-0.04
1251-713,2012,6,193.7496724933,2.63,-71.6384547663,1.302,0.083
1252+119,2012,5,193.6593983632,0.146,11.684970904,0.238,0.128
1255-177,2012,18,194.6595904387,0.274,-18.0008678881,0.32,0.131
1255-316,2012,31,194.4960868031,0.362,-31.9213477012,0.461,0.217
1258+145,2012,1,195.1709875888,0.138,14.2915041737,0.25,0.005
1300+580,2012,59,195.7186053269,0.236,57.8104470563,0.147,0.002
1300-105,2012,2,195.8077826026,0.143,-10.8547586191,0.35,-0.076
1302-102,2012,1,196.3875621243,1.477,-10.5553975355,3.501,0.625
1306+360,2012,7,197.0987880832,0.463,35.7769898273,0.498,0.261
1308+326,2012,8,197.6194328466,0.744,32.3454949575,0.751,-0.214
1308+328,2012,31,197.7475113826,0.231,32.5595693153,0.297,0.038
1308+554,2012,1,197.7633774905,4.212,55.231756681,2.851,-0.924
1313-333,2012,6,199.0332748117,0.413,-33.6497701666,0.482,0.212
1315+047,2012,1,199.6235092244,0.189,4.5027806981,0.459,-0.281
1322+835,2012,2,200.4400364855,1.921,83.2703954909,0.267,0.009
1324+224,2012,64,201.753588798,0.143,22.1806007955,0.199,-0.005
1325-133,2012,1,201.9250988037,0.203,-13.6000447466,0.477,-0.161
1325-558,2012,5,202.2547707159,1.242,-56.1340738622,1.703,0.069
1327+504,2012,4,202.2741778733,0.512,50.1573336988,0.578,-0.134
1329-137,2012,1,203.1288676074,0.15,-14.0369963231,0.344,-0.053
1332+031,2012,1,203.7996036278,0.323,2.88597426,0.541,-0.01
1334-127,2012,35,204.4157615704,0.2,-12.9568592932,0.273,-0.121
1342+662,2012,29,205.9414983703,0.441,66.0404848065,0.193,0.072
1342+663,2012,5,206.036164984,0.538,66.1032343542,0.228,0.01
1345+061,2012,1,206.8810197734,0.321,5.876056711,0.576,0.283
1347-163,2012,1,207.6505989859,0.17,-16.5804212601,0.403,-0.111
1348+308,2012,7,207.7197340593,0.186,30.5815528483,0.237,-0.128
1349-439,2012,3,208.235562233,0.462,-44.2112196542,0.684,-0.54
1351-018,2012,73,208.5287305205,0.223,-2.1008862597,0.596,0.188
1352-104,2012,5,208.6938277897,0.164,-10.6840711012,0.328,-0.165
1354-152,2012,24,209.29685408,0.183,-15.4579962969,0.343,0.335
1357+769,2012,53,209.4807146873,0.585,76.7225141811,0.139,-0.058
1404+286,2012,8,211.7516433937,0.689,28.4540802372,0.93,0.148
1406-076,2012,6,212.2353376619,0.157,-7.8740745097,0.393,0.353
1406-267,2012,11,212.459040544,0.24,-26.9602725821,0.425,0.017
1417+385,2012,51,214.944223985,0.193,38.3634653059,0.197,-0.035
1418+546,2012,8,214.9441558134,0.743,54.3874408406,0.404,-0.337
1420-679,2012,2,216.2314890468,5.71,-68.1328037077,3.847,-0.702
1421+048,2012,1,216.0395871709,0.197,4.581134362,0.435,-0.35
1423+146,2012,6,216.4542416678,0.359,14.4158060545,0.283,0.033
1424+366,2012,7,216.6545313426,0.253,36.4193259552,0.281,0.054
1424-418,2012,100,216.9845731565,0.367,-42.1053993263,0.371,-0.021
1428+370,2012,3,217.6690986671,0.263,36.817746866,0.349,0.262
1432+200,2012,6,218.665805585,0.197,19.8668710899,0.318,0.104
1441+252,2012,1,220.987051052,1.323,25.0290249813,1.943,-0.643
1443-162,2012,3,221.4724013949,0.397,-16.4837831691,0.63,0.263
1448-648,2012,1,223.1653294009,4.477,-65.0342857425,6.445,-0.946
1451-375,2012,12,223.6142073232,0.421,-37.792540217,0.467,0.332
1451-400,2012,4,223.6371348268,0.476,-40.2090318364,0.744,-0.336
1456+044,2012,6,224.7473172918,0.901,4.2705055866,1.146,0.496
1458+088,2012,1,225.1416818697,0.513,8.6616132114,0.754,0.234
1459+480,2012,5,225.2027259561,0.335,47.8543161214,0.288,0.081
1502+036,2012,33,226.276988147,0.154,3.4418924199,0.265,-0.03
1502+106,2012,5,226.1040824642,0.162,10.4942219295,0.272,0.041
1504+377,2012,4,226.5397082513,0.291,37.5142033893,0.327,-0.073
1508+572,2012,3,227.5121768591,1.012,57.0453818706,1.024,0.297
1510-089,2012,6,228.210553862,0.443,-9.0999527265,0.507,0.117
1511-100,2012,4,228.4370558545,0.143,-10.2000735488,0.272,-0.133
1511-558,2012,3,228.8028031295,2.23,-55.9924549423,1.225,-0.25
1514+197,2012,7,229.2366506798,0.169,19.5369422304,0.2,-0.038
1519-273,2012,26,230.6569832196,0.231,-27.5029959753,0.341,0.085
1519-294,2012,1,230.6061946272,2.021,-29.607009976,12.205,0.463
1520+319,2012,24,230.541632095,0.243,31.7373282907,0.294,-0.036
1520+437,2012,46,230.4567244713,0.262,43.6109078277,0.264,-0.071
1537-389,2012,1,235.1439622151,1.35,-39.1049265323,3.498,-0.791
1540-077,2012,2,235.7570304438,0.682,-7.9518425327,0.778,0.577
1546+027,2012,38,237.3726535069,0.167,2.6169898247,0.243,-0.034
1548+056,2012,6,237.6469546262,0.145,5.4529023694,0.289,0.005
1550-242,2012,1,238.3817825397,0.172,-24.368343561,0.407,0.311
1554-643,2012,1,239.7095175294,4.93,-64.5415653607,5.882,-0.959
1555+001,2012,11,239.4643082258,0.311,-0.0306704972,0.56,0.42
1557+032,2012,3,239.8790528253,0.284,3.0800717056,1.0,0.442
1601+112,2012,6,240.9247135647,0.267,11.0968553224,0.33,0.057
1602-115,2012,16,241.3230485937,0.378,-11.657452962,0.721,0.668
1604+554,2012,1,241.5317329593,9.469,55.3598392857,4.91,-0.319
1604-333,2012,3,241.8948431977,2.153,-33.5191421712,10.395,-0.744
1605+542,2012,1,241.5981877962,2.697,54.0988227822,0.929,-0.504
1606+106,2012,21,242.1925132338,0.213,10.4854932876,0.341,0.075
1608+243,2012,5,242.6751116009,0.236,24.2469477344,0.259,0.065
1610-771,2012,4,244.4553188001,3.228,-77.2884634222,0.599,-0.135
1611+343,2012,11,243.421100977,0.51,34.2133079745,0.568,0.188
1611-710,2012,1,244.1276726702,6.941,-71.1420702163,4.215,-0.954
1613-586,2012,4,244.3245465213,1.81,-58.8021832504,1.048,0.385
1614+051,2012,5,244.156486695,0.716,4.9924268102,1.192,0.057
1615+029,2012,9,244.4579504476,0.332,2.7786399658,0.622,-0.113
1616+063,2012,11,244.7653652796,0.201,6.2172897081,0.344,-0.221
1617+229,2012,42,244.8117691708,0.203,22.7966252674,0.279,-0.123
1619-680,2012,4,246.0768205399,1.496,-68.1534712359,0.375,-0.453
1621-067,2012,2,246.1371941588,0.222,-6.8304519833,0.442,0.023
1622-253,2012,65,246.4453818521,0.225,-25.4606463442,0.299,-0.081
1623+578,2012,20,246.1033645813,0.555,57.6878558136,0.248,0.057
1624-617,2012,3,247.2278748509,1.569,-61.8767770265,1.499,-0.202
1633-810,2012,2,250.7389366842,8.912,-81.1430750036,1.535,-0.629
1635-035,2012,2,249.5802167374,0.166,-3.6680798267,0.347,-0.168
1636+473,2012,17,249.4380440119,0.238,47.2927308657,0.2,-0.165
1637+166,2012,1,249.9255700763,0.212,16.5393773755,0.371,-0.165
1637+574,2012,5,249.5560678315,0.448,57.3399941921,0.24,0.024
1637+826,2012,11,248.1332077819,1.897,82.5378888637,0.197,0.078
1637-373,2012,1,250.1711965847,2.635,-37.4576422151,7.384,-0.103
1638+398,2012,39,250.1234698685,0.19,39.7794523212,0.202,0.0
1639+230,2012,32,250.3551147356,0.219,22.9511202448,0.272,-0.055
1639-062,2012,46,250.5090738247,0.186,-6.3565819577,0.27,-0.016
1641+399,2012,4,250.7450415284,1.649,39.8102760082,1.102,0.009
1642+690,2012,6,250.53270213,0.479,68.9443767499,0.156,-0.163
1651+391,2012,10,253.2437899388,0.189,39.0471728699,0.223,0.014
1652+398,2012,11,253.4675693587,0.243,39.7601691949,0.247,-0.151
1656-075,2012,17,254.6835913891,0.165,-7.6549149531,0.368,0.008
1657-261,2012,12,255.2214751604,0.173,-26.1810348121,0.313,0.17
1657-562,2012,4,255.436909473,1.616,-56.365528242,1.678,-0.372
1659+399,2012,5,255.3526451212,0.237,39.9103032109,0.282,0.043
1659-621,2012,5,255.9022544222,2.503,-62.2111136776,0.576,0.085
1705+018,2012,22,256.8933969446,0.212,1.8126942597,0.356,0.183
1706-174,2012,5,257.3931058167,0.317,-17.4814903566,0.355,-0.084
1708-335,2012,1,257.9541385831,1.614,-33.6447398459,4.762,0.022
1717+178,2012,4,259.8043685861,0.176,17.7517880759,0.225,0.057
1722+330,2012,5,261.0591575481,0.255,33.0510944097,0.389,-0.056
1725+123,2012,7,262.0293800732,0.28,12.2609682099,0.37,0.273
1725-795,2012,1,263.419583676,12.869,-79.5988102161,1.749,-0.872
1726+455,2012,16,261.865211788,0.225,45.5110364595,0.174,-0.047
1730-130,2012,5,263.2612740882,0.159,-13.0804299066,0.25,0.024
1732+389,2012,7,263.5857439423,0.156,38.9642897481,0.188,0.027
1736+324,2012,1,264.6687576984,0.457,32.4025069416,1.025,0.36
1737-081,2012,2,265.0065256758,0.145,-8.1874393736,0.292,0.037
1738+476,2012,5,264.9880378391,0.251,47.6328781941,0.216,-0.055
1738+499,2012,4,264.8641271676,0.317,49.9176022627,0.227,0.309
1739+522,2012,12,265.1540744226,0.276,52.1953908509,0.223,0.026
1740-169,2012,1,265.775909567,0.149,-16.9711019629,0.352,0.016
1740-190,2012,1,265.7481215399,0.205,-19.0523775741,0.471,0.09
1741-038,2012,97,265.9952338985,0.172,-3.8346157276,0.267,-0.034
1743+173,2012,5,266.3967006651,0.158,17.3337288399,0.32,0.001
1746+470,2012,13,266.861030299,0.24,46.9808128664,0.204,0.062
1749+096,2012,50,267.8867439948,0.138,9.6502023591,0.217,0.008
1751+288,2012,6,268.426973448,0.119,28.8013719596,0.166,0.004
1753+049,2012,1,268.9631334151,2.112,4.9146040147,1.63,-0.046
1754+155,2012,20,269.2212588941,0.254,15.5891185331,0.482,0.117
1755+626,2012,1,268.9518421321,27.748,62.6122595827,6.581,0.448
1758+388,2012,9,270.1031890132,0.185,38.8085271066,0.188,-0.053
1758-651,2012,5,270.8479025247,2.556,-65.1268778567,0.871,0.233
1759-396,2012,69,270.6778335094,0.468,-39.6688633751,0.509,-0.02
1800+440,2012,5,270.3846450848,0.237,44.0727501427,0.28,-0.084
1802-046,2012,1,271.3796485099,1.33,-4.6360345777,2.147,-0.35
1803+784,2012,48,270.1903496056,0.703,78.4677829109,0.158,-0.017
1806+456,2012,29,272.0911911932,0.256,45.7057962222,0.235,0.003
1806-458,2012,4,272.4911321362,0.973,-45.8780595339,0.62,-0.131
1807+698,2012,50,271.7111694107,0.341,69.8244746052,0.13,-0.062
1815-553,2012,3,274.9391645071,1.593,-55.3557624728,0.709,-0.871
1816-029,2012,2,274.8225362882,0.429,-2.968851977,0.507,0.174
1823+568,2012,4,276.029451284,0.497,56.8504141542,0.213,0.09
1823+689,2012,5,275.8868911422,0.428,68.9646146065,0.185,0.218
1824-582,2012,2,277.3016753955,6.173,-58.2319889561,3.631,-0.035
1825-041,2012,2,276.9376686963,0.409,-4.0957153143,0.679,-0.048
1831-711,2012,4,279.3696455366,3.186,-71.1454316504,1.143,-0.377
1842+681,2012,4,280.640173659,0.443,68.1570076837,0.174,-0.046
1846+322,2012,85,282.0920357613,0.185,32.3173899213,0.223,0.018
1849+670,2012,5,282.3169678422,0.478,67.0949111591,0.205,-0.089
1853-122,2012,2,283.9768559206,0.256,-12.1661019852,0.595,0.007
1853-179,2012,1,283.9849104502,0.469,-17.9119254249,0.913,-0.025
1905+222,2012,2,287.0258775116,0.209,22.3761525484,0.314,-0.061
1908-201,2012,27,287.7902204049,0.349,-20.1153080852,0.686,0.107
1909+161,2012,56,287.9927391799,0.228,16.1963514648,0.378,0.124
1917-386,2012,1,290.1792063592,0.537,-38.5183488397,0.986,-0.07
1918-026,2012,2,290.1802590795,0.162,-2.6032237785,0.367,-0.231
1920-211,2012,17,290.8841242895,0.27,-21.0759258554,0.353,-0.023
1921-293,2012,49,291.2127330826,0.431,-29.2417002305,0.425,0.301
1923+210,2012,30,291.4983556711,0.207,21.1072672416,0.27,0.09
1925-610,2012,5,292.5256674095,1.925,-60.9358841193,1.597,0.037
1927+256,2012,2,292.4371586952,0.13,25.721179405,0.215,0.103
1929+226,2012,6,292.8538196629,0.129,22.7253497983,0.176,-0.057
1933-400,2012,6,294.3175722677,0.386,-39.9670980215,1.193,0.004
1935-692,2012,5,295.1063674349,1.947,-69.1324918722,1.063,-0.032
1936-155,2012,5,294.8610737566,0.113,-15.4286270469,0.229,0.169
1950-613,2012,3,298.7948783921,2.682,-61.2553157966,1.103,-0.056
1953-325,2012,1,299.2477300652,0.169,-32.4294464892,0.39,0.035
1954+513,2012,6,298.9280758865,0.193,51.5301517796,0.136,-0.022
1954-388,2012,79,299.4992470057,0.399,-38.7517655638,0.424,-0.068
1958-179,2012,12,300.2378767767,0.237,-17.8160201026,0.306,0.0
2000+148,2012,1,300.674996868,0.605,15.02071542,1.669,0.179
2000+472,2012,56,300.5434093613,0.198,47.4246594021,0.165,0.011
2002-375,2012,7,301.4794621374,1.361,-37.3948546912,2.716,0.251
2005+737,2012,1,301.071340616,0.602,73.9183360719,0.121,-0.181
2008-159,2012,87,302.8154621864,0.255,-15.7778482261,0.319,0.08
2013+163,2012,18,304.057750178,0.27,16.5428091162,0.5,0.135
2014+463,2012,1,303.9166103375,4.029,46.480793695,5.842,-0.414
2020-122,2012,1,305.7298097587,0.598,-12.0679867681,1.066,0.651
2029+121,2012,7,307.9791427609,0.217,12.328150077,0.286,0.048
2033+187,2012,1,308.8915979044,1.093,18.9515155713,1.136,0.118
2037+511,2012,67,309.6543113603,0.227,51.3201840381,0.174,0.0
2043+156,2012,2,311.4395581871,0.171,15.7909285794,0.357,-0.174
2052-474,2012,79,314.0681657275,0.632,-47.2465632048,0.481,-0.262
2053-044,2012,2,313.9594082618,0.231,-4.2797446319,0.413,-0.123
2059+034,2012,90,315.4118089427,0.177,3.6920336199,0.287,0.05
2106+143,2012,4,317.1709673053,0.21,14.5075036083,0.398,0.282
2106-413,2012,3,317.3882855667,1.454,-41.1723902623,2.683,0.051
2112+283,2012,2,318.7430567909,0.136,28.5492213355,0.202,0.026
2113+293,2012,80,318.8725560701,0.205,29.5606574537,0.274,0.053
2121+053,2012,9,320.9354890407,0.45,5.5894703869,1.103,0.032
2121+460,2012,2,320.8826177969,0.4,46.2397118054,0.337,-0.025
2121-199,2012,1,321.1860007936,0.222,-19.6953817366,0.363,0.095
2123-463,2012,2,321.627934108,0.915,-46.0966348118,5.224,-0.608
2126-158,2012,3,322.3007330978,0.275,-15.644733653,0.477,0.276
2127-096,2012,4,322.5795344091,0.225,-9.4603986946,0.378,0.027
2128-123,2012,3,322.8969243386,1.282,-12.1179990437,2.048,0.13
2131-021,2012,7,323.5429566524,0.163,-1.8881219287,0.362,0.319
2134+004,2012,4,324.1607764627,0.949,0.6983927849,1.267,-0.157
2136+141,2012,14,324.7554552458,0.182,14.3933312523,0.315,0.001
2140-048,2012,2,325.6537570561,0.24,-4.6287533438,0.528,-0.308
2141+175,2012,25,325.8981023585,0.175,17.7302187608,0.236,0.015
2142+110,2012,3,326.3282294572,0.291,11.2575868961,0.562,0.311
2142-758,2012,6,326.8030441518,1.978,-75.6036735711,0.548,-0.001
2143-156,2012,33,326.5957472129,0.422,-15.4288570612,0.45,0.021
2144+092,2012,8,326.7923457545,0.193,9.4962979455,0.326,0.328
2145+067,2012,15,327.0227443856,0.387,6.9607234769,0.682,-0.028
2147-186,2012,1,327.507232037,0.255,-18.3739335822,0.498,0.027
2149+056,2012,23,327.9078145396,0.235,5.8702651679,0.448,0.034
2150+173,2012,5,328.1034140909,0.284,17.5771652759,0.454,-0.088
2155+312,2012,12,329.3700995408,0.166,31.4503754904,0.205,0.038
2157-375,2012,1,330.070693796,0.871,-37.2825149024,2.459,-0.396
2201+315,2012,5,330.812399058,0.168,31.7606305663,0.159,-0.225
2203+292,2012,2,331.4437763971,0.219,29.4486478963,0.294,0.031
2204-540,2012,6,331.9322220691,0.607,-53.776060978,0.835,0.331
2205+166,2012,1,331.9702737027,0.453,16.8716149789,1.377,0.165
2208-137,2012,6,332.8504139198,0.209,-13.4693673938,0.414,-0.233
2209+236,2012,17,333.0248595929,0.162,23.9279289003,0.205,-0.018
2214+350,2012,76,334.0833745883,0.191,35.3039388955,0.211,-0.023
2215+150,2012,13,334.5454746005,0.105,15.3432548554,0.16,0.034
2216-007,2012,1,334.6528905488,1.707,-0.4814579206,2.446,-0.729
2220-351,2012,5,335.7747105848,0.413,-34.929771667,1.051,0.548
2223-052,2012,45,336.4469137401,0.179,-4.9503863021,0.241,-0.025
2225+247,2012,1,337.0064238928,0.157,25.050844643,0.218,-0.087
2227-088,2012,27,337.417018061,0.17,-8.548454306,0.296,-0.028
2229+695,2012,73,337.6519573295,0.451,69.7744658155,0.152,-0.001
2232-488,2012,5,338.8051523673,0.63,-48.5996651781,1.465,-0.056
2234+282,2012,9,339.0936284218,0.524,28.4826146429,0.75,0.185
2236+678,2012,2,339.562621622,0.718,68.0832677626,0.295,-0.035
2236-572,2012,7,339.8003163441,1.058,-57.0168999071,0.764,-0.09
2243+047,2012,4,341.4735587628,0.36,5.0158227391,0.424,0.45
2243-123,2012,7,341.5759664364,0.305,-12.1142436743,0.351,0.111
2244-372,2012,6,341.7663222073,0.498,-36.9628622266,0.82,0.158
2245-328,2012,5,342.1611904599,1.109,-32.5978298855,2.14,0.149
2250+190,2012,9,343.2807049079,0.275,19.7096190713,0.523,0.059
2251+158,2012,4,343.4906166681,0.971,16.1482117745,1.086,0.018
2253+227,2012,1,344.0444797671,0.261,23.0292170602,0.353,-0.174
2254+074,2012,5,344.322096323,0.132,7.7200840495,0.316,-0.113
2255-282,2012,108,344.5248452371,0.397,-27.9725712744,0.437,0.528
2256-084,2012,1,344.7528701839,0.187,-8.1841793817,0.431,-0.343
2300-683,2012,13,345.9315190852,1.046,-68.1270674587,0.48,-0.343
2307+106,2012,21,347.6188239706,0.299,10.9251935807,0.474,-0.065
2309+454,2012,14,347.947537435,0.386,45.7322268025,0.353,-0.151
2316+238,2012,2,349.6415326306,0.148,24.0777082434,0.263,-0.013
2318+049,2012,28,350.186902477,0.163,5.2305424084,0.264,0.088
2319+317,2012,32,350.4789831388,0.309,32.0687841131,0.379,0.005
2319+444,2012,7,350.5848253876,0.18,44.7617648658,0.175,0.128
2324+151,2012,2,351.841525238,0.221,15.4103642991,0.381,-0.114
2326-477,2012,5,352.3237681545,0.647,-47.5053096108,0.914,0.329
2333-415,2012,7,354.1416044963,0.448,-41.2561068433,0.661,0.143
2333-528,2012,3,354.0506022605,1.896,-52.6060973853,1.624,-0.216
2335-027,2012,27,354.4889126339,0.229,-2.5160080111,0.335,0.062
2336+598,2012,2,354.8380214595,0.546,60.1699588129,0.288,0.031
2344-514,2012,1,356.8327668801,0.904,-51.1766833872,6.736,0.773
2351-154,2012,6,358.6258131963,0.655,-15.2197814069,0.927,-0.183
2353-686,2012,3,359.0028389294,1.682,-68.3342973446,1.485,0.747
2355-106,2012,30,359.5453433285,0.199,-10.3357253428,0.396,0.115
2355-534,2012,5,359.471942184,0.881,-53.1871354687,1.374,0.184
2356+385,2012,50,359.8882533344,0.247,38.8450883833,0.265,-0.114
2357-318,2012,14,359.8978815033,0.35,-31.5621733588,0.481,-0.675
2358+189,2012,9,0.2859231724,0.176,19.242722712,0.321,0.065
