iers_name,year,num_ses,ra,ra_err,dec,dec_err,ra_dec_corr
0002+541,2013,1,1.2681809872,0.451,54.4735900982,0.262,0.153
0002-478,2013,3,1.1485646693,0.666,-47.6054447761,4.1,0.334
0003-066,2013,41,1.5578871083,0.235,-6.3931485476,0.486,0.107
0007+106,2013,1,2.6291913846,0.251,10.9748622359,0.338,0.358
0008-264,2013,7,2.7551947257,0.351,-26.2092713805,0.366,-0.069
0010+405,2013,5,3.3797091747,0.231,40.860317844,0.244,-0.211
0013-005,2013,5,4.0462023167,0.295,-0.2534571481,0.449,-0.055
0014+813,2013,1,4.2853128826,1.774,81.5855932692,0.364,-0.276
0016+731,2013,42,4.9407766113,0.551,73.4583382145,0.164,0.082
0017+200,2013,20,4.9077270942,0.201,20.3626791097,0.247,0.021
0019+058,2013,14,5.6351717073,0.337,6.1345191928,0.606,0.075
0025+197,2013,6,7.1242436778,0.17,20.0074288488,0.278,0.115
0035+413,2013,3,9.6035149162,0.377,41.618333459,0.441,0.471
0035-252,2013,15,9.5613978548,0.246,-24.9839542215,0.446,0.267
0038-020,2013,1,10.2400483992,0.183,-1.7755624723,0.54,-0.284
0046+511,2013,2,12.4082968553,0.512,51.4704699294,0.268,-0.185
0047+023,2013,2,12.430149724,0.206,2.6177164908,0.374,0.119
0048-097,2013,43,12.6721557819,0.259,-9.4847805972,0.501,0.169
0048-427,2013,8,12.7895909891,0.762,-42.4425811931,0.974,0.282
0051+291,2013,1,13.4346811894,0.795,29.4186391776,0.801,-0.044
0054+161,2013,22,14.230393045,0.206,16.4203724022,0.312,0.08
0055-059,2013,16,14.5211096198,0.258,-5.6645218098,0.519,0.042
0059+581,2013,84,15.69067653,0.303,58.4030934939,0.185,0.077
0104-408,2013,42,16.687949859,0.46,-40.5722112768,0.526,0.101
0106+013,2013,10,17.1615462617,0.276,1.5834213944,0.265,0.175
0106+315,2013,1,17.366196463,0.245,31.8322356682,0.281,0.044
0107-610,2013,3,17.3144799387,1.479,-60.8301279177,1.941,0.83
0109+224,2013,2,18.0242697976,0.209,22.7441075738,0.43,0.3
0110+495,2013,7,18.3625283777,0.312,49.8066786021,0.265,0.127
0111+021,2013,6,18.4297706112,0.352,2.3714767458,0.316,0.051
0114-211,2013,1,19.2141858827,4.827,-20.8685770897,8.221,-0.644
0115-214,2013,44,19.4532505749,0.312,-21.1851758743,0.404,0.001
0116-219,2013,4,19.7385923337,0.426,-21.6917057396,0.373,0.4
0119+041,2013,29,20.486923727,0.298,4.3735373774,0.725,0.044
0119+115,2013,58,20.423312744,0.198,11.8306705206,0.414,0.127
0123+257,2013,7,21.6783027822,0.575,25.9836950106,1.578,0.467
0123+731,2013,1,21.7696510187,1.984,73.3868542542,0.51,-0.318
0131-522,2013,15,23.2740104587,0.47,-52.0010959307,0.36,-0.072
0133+476,2013,65,24.244145034,0.24,47.8580833748,0.216,-0.078
0134+311,2013,29,24.286390144,0.244,31.3766265004,0.363,0.339
0136-059,2013,1,24.7160469115,0.22,-5.6689563501,0.508,0.102
0137+012,2013,4,24.9887741107,0.29,1.5294830466,0.568,-0.139
0138-097,2013,2,25.3576341287,0.259,-9.4787986154,0.546,-0.269
0144+584,2013,1,26.9439199015,2.053,58.6791589246,0.939,-0.38
0146+056,2013,7,27.3432120431,0.371,5.9315470519,1.014,0.31
0148-177,2013,1,27.7753473456,0.204,-17.5457552448,0.435,0.156
0149+218,2013,9,28.0752460134,0.525,22.118805543,0.432,0.382
0151+474,2013,7,28.7345411836,0.294,47.7240387216,0.283,0.054
0159+723,2013,5,30.8891038665,0.708,72.5482409316,0.223,-0.014
0201+113,2013,22,30.944404485,0.249,11.5792805328,0.422,0.111
0202+149,2013,9,31.2100578775,0.268,15.236400998,0.323,-0.149
0202+319,2013,24,31.2705223503,0.153,32.2083598636,0.177,0.032
0203+625,2013,1,31.7625706568,0.671,62.770019292,0.38,0.539
0206+136,2013,2,32.3999930098,0.187,13.8668754677,0.305,-0.194
0206-625,2013,1,32.0048792249,2.597,-62.2765368836,1.381,-0.014
0208-512,2013,15,32.6925017665,0.399,-51.0171922474,0.298,0.078
0211+171,2013,2,33.6871369215,0.648,17.3804204774,1.343,-0.435
0212+735,2013,5,34.3783888754,0.658,73.8257282172,0.183,-0.135
0212-620,2013,1,33.5675172571,2.142,-61.8260165263,0.907,0.06
0215+015,2013,39,34.453978129,0.217,1.7471385755,0.367,0.027
0218+095,2013,1,35.2241760656,1.27,9.7597710939,2.421,-0.505
0220-349,2013,7,35.735006938,0.27,-34.691313863,0.368,0.164
0221+067,2013,8,36.1184508013,0.201,6.989817136,0.323,-0.015
0229+131,2013,41,37.9412253519,0.186,13.3818656517,0.257,0.056
0230-790,2013,12,37.3956107642,1.082,-78.7960004877,0.254,0.209
0234+285,2013,14,39.4683569693,0.206,28.8024972026,0.194,0.243
0234-301,2013,1,39.1298726005,0.27,-29.8987613298,0.477,-0.243
0235+164,2013,14,39.6622087878,0.28,16.6164651979,0.436,0.267
0235-618,2013,3,39.2218577022,2.37,-61.6042169928,2.27,0.804
0237+040,2013,4,39.9635960766,0.192,4.2726142809,0.33,-0.07
0237-027,2013,22,39.9394678149,0.187,-2.5780318008,0.377,0.141
0238-084,2013,2,40.2699937126,0.429,-8.2557643496,1.218,-0.016
0239+108,2013,6,40.6215451281,0.28,11.0168689645,0.846,0.075
0239+175,2013,1,40.6011179412,0.18,17.7163474341,0.435,0.014
0241+622,2013,5,41.2404027271,1.521,62.4684765849,0.502,-0.154
0255+288,2013,1,44.7299218575,0.34,29.0004470153,0.508,-0.008
0256-005,2013,18,44.8688172896,0.289,-0.3333264736,0.408,0.202
0300+470,2013,9,45.8968425394,0.267,47.2711876457,0.196,0.411
0302+625,2013,2,46.6777484637,0.8,62.7172291659,0.374,0.115
0302-623,2013,11,45.9609640846,1.048,-62.1904305479,0.428,-0.277
0306+102,2013,4,47.265097959,0.329,10.4878724379,0.326,0.426
0306+274,2013,1,47.3420698679,0.263,27.6484334371,0.35,-0.097
0307+380,2013,18,47.7078330282,0.233,38.2482883024,0.261,0.042
0308-611,2013,75,47.4837464685,0.569,-60.9775156158,0.319,0.056
0309+411,2013,3,48.2581756096,0.337,41.3336618278,0.362,0.111
0312+100,2013,4,48.8380825037,0.36,10.2119677399,0.421,-0.003
0316-444,2013,2,49.4903309041,0.914,-44.2381011209,1.798,-0.586
0319+396,2013,2,50.7159584561,0.347,39.8006275307,0.428,-0.015
0322+222,2013,82,51.4033931131,0.199,22.4001015641,0.248,0.05
0322-294,2013,1,51.1845661896,2.729,-29.3058949716,1.522,-0.22
0324-379,2013,1,51.5125023017,0.469,-37.769217424,1.208,0.293
0325+395,2013,3,52.2096337116,0.277,39.6790463238,0.246,0.033
0327+467,2013,2,52.635947514,0.427,46.9398034306,0.352,0.06
0332+078,2013,5,53.7221528886,0.296,8.0040051242,0.632,0.188
0332-403,2013,87,53.5568937369,0.297,-40.1403882862,0.295,0.016
0334-546,2013,3,53.9746871437,1.895,-54.5069755327,3.601,0.956
0336+539,2013,1,55.0270395788,2.208,54.0941022429,1.115,0.386
0336-019,2013,73,54.8789074792,0.208,-1.7766122374,0.288,0.092
0338-214,2013,14,55.1483661045,0.464,-21.3253254927,0.825,0.168
0340+362,2013,11,55.8706350827,0.196,36.3701193986,0.256,0.083
0342+147,2013,2,56.2767353464,1.405,14.8970993368,1.434,-0.369
0342+538,2013,1,56.6437672853,1.388,54.0164195362,1.211,-0.344
0345+460,2013,24,57.3280898496,0.301,46.1665716345,0.265,-0.098
0346-279,2013,32,57.1589356811,0.376,-27.8204349655,0.382,-0.171
0347-211,2013,6,57.4909444429,0.608,-21.0465950401,0.491,0.076
0352+605,2013,1,59.1049960109,0.758,60.7327721859,0.28,0.452
0355+508,2013,15,59.8739470622,0.871,50.9639340542,0.48,0.011
0356-033,2013,1,59.8467059531,1.176,-3.1761174801,2.769,-0.356
0358+210,2013,2,60.4381920783,0.247,21.174607421,0.436,0.15
0400+258,2013,7,60.7732753696,0.462,26.0004176825,1.243,0.085
0400-319,2013,13,60.5886082711,0.36,-31.7905404364,0.602,-0.242
0402-362,2013,23,60.9739579059,0.29,-36.0838648132,0.358,0.277
0403-132,2013,8,61.3916808205,0.342,-13.1371362431,0.333,-0.184
0405-123,2013,7,61.9517958045,0.232,-12.1935164017,0.617,0.356
0405-385,2013,25,61.7459806079,0.319,-38.4411227715,0.365,0.051
0406-127,2013,4,62.2740406189,0.294,-12.6467062736,1.291,0.703
0410+110,2013,4,63.4180875292,0.31,11.2041071497,0.507,-0.066
0414-189,2013,16,64.1522685197,0.276,-18.852316732,0.62,0.195
0415+398,2013,12,64.8439563005,0.358,39.9247159603,0.341,0.041
0420+022,2013,26,65.7175610655,0.183,2.3241473827,0.347,0.058
0420-014,2013,47,65.8158363117,0.188,-1.3425182207,0.292,0.15
0422+004,2013,16,66.1951752686,0.34,0.6017582044,0.455,0.205
0422-380,2013,9,66.1760154108,0.319,-37.9391067601,0.388,0.114
0426+273,2013,5,67.4706698878,0.25,27.4105211631,0.278,0.231
0430+052,2013,7,68.2962314931,0.335,5.3543385949,0.618,0.3
0430+289,2013,3,68.4076246039,0.359,29.0987437834,0.38,0.24
0434-188,2013,6,69.2561781233,0.721,-18.7468370673,3.636,-0.55
0436-129,2013,2,69.6459207558,0.192,-12.850932847,0.415,-0.174
0437-454,2013,7,69.7535611166,0.425,-45.3729341707,0.37,0.384
0438+785,2013,1,71.4429700572,9.655,78.6494913564,3.191,0.704
0438-436,2013,1,70.0715828413,1.525,-43.55238972,0.859,-0.19
0440+345,2013,5,70.8818132924,0.235,34.6851844056,0.27,0.009
0440-003,2013,7,70.6610861662,0.24,-0.2953946592,0.734,0.083
0442+389,2013,4,71.5478918308,0.309,39.0047499645,0.475,0.227
0446+112,2013,51,72.2819629116,0.219,11.3579434573,0.295,0.1
0451-282,2013,4,73.3110282573,0.433,-28.1270352048,0.468,-0.352
0454+844,2013,12,77.1765141076,4.208,84.5345956114,0.378,0.144
0454-234,2013,76,74.2632467879,0.225,-23.4144500114,0.3,-0.013
0454-463,2013,5,73.9615520747,0.467,-46.2662999323,0.48,-0.065
0454-810,2013,16,72.5226674723,1.363,-81.0172864743,0.259,-0.043
0458-020,2013,59,75.3033744765,0.23,-1.9872934454,0.334,-0.115
0459+252,2013,1,75.7436451296,0.247,25.2736878158,0.304,0.104
0506+101,2013,8,77.3644044908,0.273,10.1957223816,0.407,-0.186
0506-612,2013,13,76.6832865338,1.129,-61.1613871202,0.428,0.142
0507+179,2013,1,77.509871374,0.18,18.0115508111,1.297,0.174
0516-621,2013,5,79.1871923635,0.367,-62.1181637203,0.206,0.955
0518+600,2013,1,80.7958667564,0.596,60.1293655142,0.315,-0.38
0521-262,2013,1,80.8269564652,1.368,-26.2359870062,1.83,0.229
0521-365,2013,7,80.741602658,0.263,-36.4585698654,0.375,0.049
0522-611,2013,3,80.643439275,1.983,-61.132537374,2.685,0.918
0524+034,2013,3,81.8862727279,0.311,3.5254211725,0.726,-0.271
0524-460,2013,3,81.3808343792,2.101,-45.965189176,5.879,0.781
0524-485,2013,4,81.5694635566,1.256,-48.5102200159,3.688,0.807
0528+134,2013,9,82.7350697595,0.316,13.5319858366,0.779,0.3
0528-250,2013,5,82.533178207,0.393,-25.0583053522,0.428,-0.319
0529+483,2013,59,83.3161074352,0.23,48.3813355332,0.174,-0.01
0534-340,2013,7,84.1184681928,0.694,-34.019852464,1.972,0.756
0534-611,2013,4,83.6490524505,2.529,-61.1019646228,1.221,0.965
0536+145,2013,26,84.9265249691,0.22,14.5626559457,0.361,0.026
0537-286,2013,33,84.9761727931,0.273,-28.6655411642,0.429,0.131
0537-441,2013,114,84.7098398093,0.334,-44.0858163702,0.298,0.013
0542+112,2013,1,86.2174987153,1.353,11.3138675357,1.501,-0.144
0544+273,2013,17,86.8922871521,0.216,27.365789623,0.269,-0.035
0548+378,2013,3,88.0747375478,0.563,37.9070227295,0.425,-0.214
0549-575,2013,5,87.5399173374,0.805,-57.5401102211,0.497,0.749
0552+398,2013,38,88.8783567212,0.239,39.8136569964,0.21,0.024
0554+242,2013,1,89.2696415743,2.115,24.2320288047,2.461,0.075
0556+238,2013,27,89.8834713931,0.247,23.8983130471,0.362,0.12
0600+177,2013,2,90.7880427058,0.197,17.7046696834,0.352,-0.347
0602+673,2013,47,91.9694650386,0.459,67.348725065,0.19,-0.104
0604-074,2013,1,91.6814431998,0.283,-7.4083971246,1.358,0.049
0605-085,2013,6,91.9987469376,0.252,-8.5805494617,0.817,0.256
0606-223,2013,30,92.2486951649,0.28,-22.33915465,0.308,-0.026
0607-157,2013,16,92.4206231558,0.213,-15.711298032,0.363,0.345
0611+131,2013,1,93.4903867235,1.06,13.1126109345,1.496,-0.849
0613+570,2013,6,94.3205109654,0.688,57.0212286434,0.352,0.158
0617+210,2013,2,95.0813685027,0.279,21.0415406806,0.562,-0.127
0620+227,2013,1,95.8242234097,0.993,22.6932706761,1.265,0.285
0621+446,2013,1,96.3261063791,0.441,44.6671183828,0.241,-0.159
0627-199,2013,38,97.3490077756,0.224,-19.9888120943,0.362,0.184
0632-235,2013,15,98.7458375123,0.277,-23.5866549181,0.481,0.101
0635-355,2013,1,99.4433699415,0.683,-35.6134370002,1.77,0.104
0636+680,2013,2,100.5177389032,0.963,67.9765614154,0.39,-0.242
0637-752,2013,16,98.9437832051,0.958,-75.2713376559,0.226,0.018
0641+392,2013,28,101.2237899636,0.294,39.2465372601,0.264,0.116
0642+449,2013,13,101.6334416159,0.184,44.8546084182,0.196,-0.509
0646-306,2013,11,102.0587352406,0.271,-30.7387944299,0.43,0.095
0647-475,2013,1,102.2018649419,16.443,-47.5741856079,65.75,-0.683
0648-165,2013,48,102.6024244286,0.22,-16.6277014762,0.344,0.108
0656+082,2013,55,104.8249834387,0.253,8.2252648516,0.552,-0.253
0657+172,2013,40,105.006356402,0.191,17.1560281443,0.256,0.014
0700-197,2013,28,105.6787527554,0.404,-19.8561208965,0.432,0.216
0704-231,2013,1,106.6396577042,1.241,-23.1938448783,4.277,-0.68
0707+476,2013,6,107.6921036472,0.255,47.536428422,0.217,0.014
0711+356,2013,4,108.6034063478,0.7,35.5777205896,1.098,-0.734
0714+457,2013,21,109.4660517009,0.302,45.6342391293,0.231,-0.02
0716+714,2013,51,110.4727018776,0.488,71.3434342869,0.16,0.015
0718+792,2013,29,111.548896896,1.039,79.1919489889,0.181,-0.05
0722+145,2013,3,111.3200325453,0.236,14.4204847409,0.536,-0.605
0723+219,2013,9,111.5594197669,0.278,21.8889206671,0.292,0.002
0723-189,2013,2,111.4590232165,0.19,-19.0719653418,0.459,-0.086
0726-224,2013,1,112.124160303,0.506,-22.5268629086,0.948,-0.449
0727-115,2013,101,112.5796352774,0.172,-11.6868334945,0.245,0.005
0729+259,2013,2,113.2344803849,0.684,25.8107759605,1.747,0.045
0736+017,2013,12,114.8251413178,0.329,1.6179496089,0.828,0.19
0738+313,2013,3,115.2945969747,0.261,31.20006377,0.341,-0.333
0738+491,2013,6,115.5114539242,0.312,49.0043357797,0.275,-0.089
0742+103,2013,6,116.3877480806,0.503,10.1868588758,1.469,-0.001
0743+259,2013,8,116.6078091549,0.243,25.8172596183,0.313,0.011
0743+277,2013,8,116.6684679437,0.339,27.5830686599,0.371,-0.042
0743-006,2013,14,116.4753430596,0.262,-0.738205486,0.431,0.231
0745+241,2013,6,117.1504553326,0.19,24.0066972683,0.291,0.104
0747+185,2013,4,117.5013747242,0.326,18.3865020436,0.637,-0.361
0748+126,2013,64,117.7168572249,0.179,12.518007883,0.258,-0.012
0748-006,2013,1,117.7925214774,0.571,-0.7808469865,1.26,-0.464
0749+540,2013,24,118.2557690123,0.292,53.8832325298,0.195,0.078
0753-425,2013,1,118.8465495272,3.28,-42.666225918,5.585,-0.946
0754+100,2013,14,119.2776789343,0.252,9.9430147467,0.743,0.195
0759+183,2013,8,120.7001331474,0.203,18.1636803734,0.269,-0.065
0800+618,2013,52,121.3257481657,0.361,61.7399168273,0.199,-0.077
0804+499,2013,11,122.1652763489,0.481,49.8434807201,0.367,-0.472
0805+046,2013,1,121.9897436861,0.542,4.5429251154,0.432,0.407
0805+410,2013,8,122.2360501514,0.387,40.8791358479,0.341,0.459
0808+019,2013,13,122.8612804381,0.326,1.7811723787,0.883,0.313
0812+020,2013,5,123.8456699948,0.267,1.9165225107,0.459,-0.224
0812+100,2013,1,123.8728041308,0.234,9.9113054208,0.467,0.386
0812+367,2013,5,123.8581034292,0.318,36.5875414018,0.318,0.007
0814+425,2013,9,124.5666650463,0.229,42.3792819323,0.203,-0.143
0821+394,2013,15,126.2311827067,0.169,39.2783066907,0.194,-0.062
0823+033,2013,25,126.4597431837,0.266,3.1568110625,0.729,0.219
0823-223,2013,3,126.5065540562,0.225,-22.5075567263,0.517,-0.767
0826-373,2013,7,127.01991762,0.292,-37.5184114895,0.342,0.154
0827+243,2013,13,127.7170257735,0.204,24.1832834074,0.253,-0.105
0832-225,2013,1,128.6841579914,0.648,-22.686892539,1.644,-0.369
0834+250,2013,1,129.4176903487,0.143,24.9064226039,0.331,-0.144
0834-201,2013,21,129.163396887,0.295,-20.2831956301,0.401,0.234
0847-120,2013,10,132.5401484958,0.192,-12.2264934149,0.472,0.312
0848-304,2013,1,132.6403392523,0.617,-30.6595382588,1.304,0.658
0851+202,2013,104,133.7036455254,0.167,20.1085113608,0.231,-0.052
0854-108,2013,27,134.1741839394,0.243,-11.0873417515,0.417,0.13
0859-140,2013,7,135.5701288704,0.306,-14.2585767953,0.835,0.004
0908-052,2013,1,137.7125078548,0.513,-5.4414425942,0.981,0.054
0912+029,2013,66,138.6579726316,0.218,2.7664573094,0.427,0.05
0912+297,2013,3,138.9683401013,0.381,29.556678556,0.387,-0.376
0912-204,2013,1,138.7487332538,1.831,-20.6493413028,5.73,-0.885
0912-273,2013,1,138.5691094553,1.012,-27.5546300088,4.05,-0.483
0913-302,2013,1,138.9203977633,4.156,-30.4970584358,8.518,-0.304
0918+140,2013,1,140.3807226432,0.252,13.8467324999,0.357,0.417
0919-260,2013,1,140.3723074935,0.325,-26.3120518625,0.508,0.171
0920+390,2013,8,140.8102205559,0.247,38.8277528493,0.247,0.054
0920-397,2013,35,140.6934093247,0.418,-39.9930744997,0.584,-0.019
0923+171,2013,1,141.4581851687,0.594,16.970056929,0.96,0.058
0923+392,2013,5,141.7625582796,0.192,39.0391255014,0.168,-0.302
0925-203,2013,46,141.965934669,0.281,-20.5808979473,0.371,-0.092
0936-069,2013,1,144.7337676713,0.177,-7.1335054087,0.465,0.091
0945+408,2013,7,147.2305756599,1.005,40.6623854944,2.324,-0.169
0949+354,2013,1,148.1334425999,0.279,35.2145558592,0.451,-0.396
0951+175,2013,1,148.4967975079,0.608,17.3490709543,0.922,-0.024
0951+268,2013,1,148.6658192775,0.8,26.6568175893,0.891,0.137
0953+254,2013,10,149.2078140078,0.352,25.2544583301,0.35,0.578
0954+658,2013,7,149.6968545137,0.324,65.5652272465,0.148,-0.136
0955+326,2013,5,149.5872901194,0.228,32.4006138809,0.243,-0.053
0955+476,2013,68,149.5819651685,0.254,47.4188451345,0.202,-0.119
0956-409,2013,1,149.65956783,4.419,-41.1758822829,2.076,-0.73
0958+346,2013,2,150.2997884241,0.27,34.414016607,0.383,-0.072
1004-217,2013,1,151.6933902329,0.685,-21.989002593,1.211,-0.807
1004-500,2013,8,151.558372195,0.657,-50.3037419859,1.078,0.501
1009-321,2013,1,152.9841901731,2.002,-32.3933586432,4.204,0.857
1012+232,2013,2,153.69610605,0.425,23.0212696597,0.46,-0.114
1013+054,2013,3,154.0130687199,0.649,5.2173166984,1.18,-0.408
1014+615,2013,5,154.3578647854,0.55,61.2743046032,0.318,0.032
1015+057,2013,3,154.616034518,0.161,5.5083227186,0.404,-0.246
1015+359,2013,6,154.545783791,0.258,35.7109558619,0.278,0.082
1015-314,2013,1,154.5386166474,5.003,-31.7372527334,8.473,-0.802
1022+194,2013,1,156.1867064697,0.292,19.2056710965,0.255,0.35
1022+237,2013,1,156.2234888134,0.246,23.5427672838,0.494,-0.051
1022-665,2013,4,155.9313884438,1.375,-66.7801995711,0.754,0.717
1027-186,2013,2,157.3879074263,0.439,-18.8806360099,0.918,-0.104
1030+074,2013,2,158.3917680262,0.549,7.1905966679,0.251,-0.054
1030+415,2013,10,158.2654494575,0.198,41.2683980411,0.196,-0.021
1032+382,2013,1,158.9631963983,0.782,37.9449202832,0.732,-0.323
1032-199,2013,11,158.758980486,0.246,-20.1928775668,0.537,0.175
1034-293,2013,83,159.3169990138,0.372,-29.5674482712,0.417,-0.095
1034-374,2013,6,159.222665134,0.629,-37.7375183301,0.89,-0.03
1036-529,2013,1,159.6694047122,1.622,-53.1953533402,0.909,-0.194
1038+064,2013,14,160.3215103352,0.287,6.1713678479,0.774,0.179
1038+528,2013,6,160.4449235044,0.314,52.5578422924,0.292,-0.081
1039+811,2013,10,161.0960938985,0.988,80.9109564114,0.151,-0.1
1039-474,2013,1,160.4360419144,1.091,-47.6666848981,0.858,-0.036
1040+244,2013,29,160.7876490461,0.202,24.1431693024,0.256,-0.063
1042+071,2013,1,161.2329634104,1.351,6.9272958241,1.373,0.492
1044+719,2013,6,162.1150829526,0.578,71.7266496011,0.211,0.0
1045-188,2013,19,162.0275859178,0.241,-19.1599242283,0.512,0.23
1046-409,2013,3,162.1594629045,1.073,-41.2333656666,1.035,-0.288
1049+215,2013,2,162.953287887,0.422,21.3311982132,0.562,-0.182
1053+704,2013,4,164.2234058648,0.819,70.1960876653,0.293,-0.012
1053+815,2013,15,164.5480640271,1.321,81.2424098277,0.211,0.024
1055+018,2013,17,164.6233549766,0.287,1.5663400037,0.79,0.034
1057-797,2013,98,164.6804572306,1.608,-80.0650443548,0.265,0.013
1059+282,2013,13,165.5595352464,0.314,27.9524138108,0.512,0.032
1101+384,2013,20,166.1138081118,0.282,38.2088330672,0.284,-0.077
1101-536,2013,3,165.9675905089,0.598,-53.950192372,5.826,0.335
1104+728,2013,5,166.9238439834,1.052,72.5433347216,0.319,-0.112
1104-445,2013,38,166.7862253355,0.562,-44.8187828176,0.374,0.036
1108+527,2013,1,167.7745087965,1.199,52.4636109329,0.765,-0.397
1111+149,2013,6,168.4945628841,0.48,14.7074867363,0.645,-0.559
1115-122,2013,1,169.5714224912,0.211,-12.5484064106,0.454,-0.112
1116+227,2013,1,169.876325566,0.363,22.4470475769,0.659,0.244
1123+264,2013,7,171.473799684,0.191,26.1722163286,0.292,0.04
1124-186,2013,104,171.7683018839,0.216,-18.954844978,0.306,0.042
1125+366,2013,1,171.9952951444,1.494,36.3412082458,1.842,-0.204
1128+385,2013,27,172.7220108588,0.24,38.2551519655,0.258,-0.14
1130+009,2013,5,173.3335657698,0.201,0.6813435846,0.472,-0.154
1133-032,2013,17,174.1024037889,0.298,-3.5081933268,0.431,0.286
1138-277,2013,1,175.2140385698,0.742,-28.0107584066,0.799,-0.329
1143-332,2013,4,176.6185491596,0.47,-33.4785091394,0.773,0.205
1143-696,2013,5,176.4734342056,0.634,-69.9004994492,0.252,0.025
1144+402,2013,32,176.7429079774,0.175,39.9761956948,0.183,-0.033
1144-379,2013,101,176.75571128,0.294,-38.203062107,0.327,0.05
1145+268,2013,18,176.9990162958,0.357,26.5950923364,0.423,-0.19
1145-071,2013,3,176.9648084991,0.188,-7.4114283064,0.457,-0.043
1147+245,2013,4,177.5800507123,0.267,24.2982877126,0.263,0.143
1149-084,2013,42,178.0717063168,0.289,-8.6842539101,0.449,0.011
1151+598,2013,1,178.5056923427,0.843,59.5817222892,0.21,-0.046
1156+295,2013,35,179.8826413161,0.23,29.2455074965,0.291,-0.028
1156-663,2013,3,179.8262727828,1.284,-66.5942856194,2.805,-0.6
1211-167,2013,1,183.4323662094,0.982,-16.9824346219,2.15,-0.632
1212+171,2013,1,183.7665796725,0.284,16.9105437708,0.226,-0.28
1213+097,2013,1,184.0258759555,0.323,9.4860026726,0.536,-0.091
1213-172,2013,18,183.9447989419,0.264,-17.5292785767,0.328,-0.031
1215-457,2013,1,184.5260422175,4.242,-46.0080222957,19.084,-0.176
1216+179,2013,1,184.6941852654,0.246,17.6381300559,0.443,-0.058
1219+044,2013,23,185.5939567859,0.21,4.2210488815,0.632,0.025
1221+809,2013,4,185.9187235687,1.934,80.6678723817,0.35,0.05
1226+373,2013,15,187.1975986199,0.266,37.1033600271,0.293,-0.026
1228+126,2013,90,187.7059307222,0.223,12.3911232575,0.302,-0.051
1236+077,2013,2,189.8524513366,0.183,7.5047748152,0.273,0.181
1240+381,2013,3,190.7140377795,0.397,37.8500069954,0.547,-0.172
1243-072,2013,13,191.5176338044,0.271,-7.5129374064,0.412,0.159
1243-160,2013,6,191.4739260922,0.208,-16.2793626142,0.364,0.352
1244-255,2013,25,191.695008438,0.268,-25.797024702,0.449,0.053
1250+293,2013,1,193.2767042577,1.479,29.0871907746,2.79,-0.028
1251-197,2013,2,193.6552315833,0.425,-20.0156684382,0.791,-0.289
1251-713,2013,5,193.74967304,1.357,-71.6384546325,0.393,-0.734
1252+119,2013,4,193.6593983887,0.192,11.6849709909,0.323,-0.096
1253-055,2013,8,194.0465273404,0.193,-5.789312716,0.508,0.367
1255-177,2013,19,194.6595903977,0.278,-18.000867991,0.435,0.188
1255-316,2013,48,194.4960867986,0.395,-31.9213476646,0.461,0.245
1300+580,2013,44,195.7186053596,0.294,57.8104470845,0.175,0.064
1300-105,2013,1,195.8077833101,0.433,-10.8547583704,0.873,-0.395
1302-102,2013,3,196.3875626612,0.935,-10.5553966073,0.902,0.507
1306+360,2013,5,197.0987880083,0.232,35.7769899851,0.337,-0.125
1308+326,2013,4,197.6194327263,0.283,32.3454952735,0.304,0.044
1308+328,2013,20,197.747511385,0.197,32.5595693173,0.247,0.117
1308+554,2013,5,197.7633782606,0.482,55.2317562545,0.31,-0.288
1313-333,2013,15,199.0332747123,0.315,-33.64977017,0.425,-0.023
1320-338,2013,1,200.8214114487,0.364,-34.1200972962,0.635,-0.227
1322+835,2013,1,200.4400341137,3.196,83.2703948692,0.532,0.67
1324+224,2013,99,201.7535887981,0.171,22.1806008224,0.225,-0.064
1325-558,2013,4,202.2547702679,1.301,-56.1340746275,1.189,-0.81
1327+504,2013,4,202.2741780115,0.586,50.1573334901,0.447,-0.461
1329-049,2013,1,203.018602909,0.373,-5.1620296729,0.929,-0.449
1330+022,2013,3,203.2219604853,0.183,2.0126942393,0.303,-0.347
1330+476,2013,2,203.1885268103,0.651,47.3729631783,0.403,-0.08
1333-082,2013,1,204.0344160093,0.4,-8.4977218583,0.938,-0.343
1333-152,2013,2,204.1420382972,0.384,-15.4966864926,0.796,-0.227
1333-337,2013,4,204.1626355419,0.418,-33.965853713,0.752,-0.446
1334-127,2013,58,204.4157616022,0.196,-12.956859276,0.287,0.019
1339-287,2013,1,205.5639401591,0.247,-29.0116202483,0.649,-0.334
1342+662,2013,15,205.9414982015,0.558,66.040484746,0.274,0.047
1342+663,2013,4,206.03616465,0.668,66.1032343617,0.396,0.108
1343+386,2013,1,206.4039260815,0.481,38.3868068627,0.624,-0.108
1345+289,2013,1,207.0181213006,0.434,28.6737127462,0.723,-0.088
1348+308,2013,1,207.7197345897,0.75,30.5815527304,0.975,-0.717
1349-439,2013,3,208.2355624297,0.902,-44.211219494,5.478,-0.826
1351-018,2013,74,208.5287305023,0.237,-2.100886267,0.69,0.034
1354+247,2013,1,209.1682526179,0.856,24.5167215794,1.462,-0.372
1354-152,2013,17,209.2968540547,0.235,-15.457996441,0.522,0.052
1354-174,2013,1,209.2753085058,1.1,-17.7338629141,1.36,0.122
1357+769,2013,35,209.4807148745,0.675,76.7225141764,0.176,0.022
1402+044,2013,7,211.2546659235,0.299,4.2599497558,1.074,-0.151
1404+286,2013,12,211.75164327,0.326,28.4540805138,0.377,0.168
1406-076,2013,19,212.2353383473,0.231,-7.8740739615,0.348,0.151
1406-267,2013,5,212.4590408559,0.484,-26.9602726893,1.025,0.436
1413+135,2013,2,213.9950729425,0.228,13.3399203522,0.292,-0.241
1417+385,2013,55,214.9442240131,0.263,38.3634652949,0.268,-0.013
1418+546,2013,2,214.9441553851,0.58,54.3874407421,0.319,-0.031
1419-229,2013,1,215.6546098591,0.211,-23.1417047095,0.506,-0.192
1420-679,2013,3,216.2314888461,2.43,-68.1328033446,3.469,-0.895
1423+146,2013,6,216.4542416917,0.216,14.4158061186,0.516,-0.068
1424+366,2013,7,216.6545312753,0.266,36.4193259934,0.254,-0.111
1424-418,2013,121,216.9845731713,0.304,-42.1053993346,0.292,-0.046
1428+370,2013,5,217.6690986219,0.265,36.8177468216,0.316,0.114
1432+200,2013,1,218.6658055766,0.209,19.8668706179,0.395,0.414
1437-153,2013,1,219.9869669945,0.201,-15.5307098193,0.518,-0.18
1448+762,2013,1,222.1199127265,1.604,76.0198882771,0.318,0.502
1448-648,2013,2,223.1653295617,2.529,-65.0342857235,3.787,-0.867
1451-375,2013,20,223.6142073953,0.342,-37.7925401485,0.4,0.12
1451-400,2013,6,223.6371350752,0.921,-40.2090319716,0.854,-0.511
1456+044,2013,1,224.74731691,1.376,4.2705058053,1.645,-0.419
1458+718,2013,1,224.7816000293,0.733,71.6721853192,0.314,-0.045
1459+480,2013,3,225.2027258944,0.431,47.8543162792,0.378,-0.088
1502+036,2013,31,226.2769881213,0.312,3.4418923921,0.327,0.082
1502+106,2013,10,226.1040824082,0.234,10.4942217967,0.317,0.143
1504+377,2013,7,226.539708206,0.251,37.5142034862,0.293,0.026
1504-166,2013,7,226.7699456135,0.241,-16.8750740616,0.669,0.153
1505-304,2013,1,227.220804975,0.832,-30.6081734157,1.76,0.047
1508+572,2013,1,227.5121766721,0.754,57.045382063,0.941,-0.061
1510-089,2013,18,228.2105538389,0.217,-9.0999526603,0.56,0.168
1511-100,2013,2,228.4370560871,0.26,-10.2000735109,0.35,-0.213
1511-558,2013,1,228.8028037375,1.825,-55.9924552427,0.812,-0.211
1514+197,2013,23,229.2366505774,0.261,19.5369421459,0.365,-0.203
1514-241,2013,12,229.4242213746,0.229,-24.3720767015,0.427,0.1
1518+162,2013,1,230.1544213357,0.513,16.0240636211,1.293,-0.593
1519+181,2013,1,230.3232456934,0.521,17.933629397,1.272,-0.554
1519-273,2013,56,230.6569832857,0.278,-27.5029959981,0.338,-0.034
1519-294,2013,1,230.6061938601,1.587,-29.6070105888,6.068,-0.666
1520+319,2013,18,230.5416321983,0.212,31.7373283249,0.26,-0.155
1520+437,2013,25,230.4567244543,0.367,43.6109078807,0.325,-0.031
1526+384,2013,1,232.1541919606,0.561,38.2683058574,0.525,0.036
1531-225,2013,1,233.5950050767,0.347,-22.7326747393,0.716,-0.015
1538+149,2013,10,235.206214655,0.22,14.7960791048,0.251,0.009
1540-077,2013,2,235.757028101,0.654,-7.9518450225,0.913,0.301
1545+210,2013,1,236.931407339,0.352,20.8712822109,0.883,-0.016
1546+027,2013,46,237.3726535069,0.169,2.6169897721,0.257,-0.008
1548+056,2013,8,237.6469551833,0.221,5.4529024398,0.366,0.051
1549-242,2013,1,238.0230080787,0.223,-24.4224422791,0.509,-0.031
1550-242,2013,1,238.381782883,0.313,-24.3683437909,0.674,-0.6
1554-643,2013,1,239.7095173144,2.34,-64.5415648066,2.887,-0.951
1555+001,2013,17,239.4643082388,0.262,-0.0306704651,0.689,0.205
1557+032,2013,4,239.8790525584,0.29,3.080071344,0.704,-0.026
1601+112,2013,2,240.924713521,0.882,11.0968553226,2.675,0.937
1601+160,2013,1,240.9085933527,0.184,15.9006553838,0.335,-0.036
1602-115,2013,12,241.323048516,0.37,-11.6574530529,1.067,0.081
1603+699,2013,1,240.827589817,0.821,69.765956471,0.389,-0.748
1604+315,2013,1,241.5354949431,1.945,31.4129065154,2.507,-0.129
1604-333,2013,4,241.8948431511,0.43,-33.5191426485,0.939,-0.232
1606+106,2013,11,242.1925131898,0.597,10.4854932967,0.47,-0.273
1606-056,2013,1,242.411456953,0.367,-5.7901599035,0.831,-0.599
1608+243,2013,2,242.6751114874,0.255,24.2469477933,0.321,-0.099
1610-771,2013,12,244.4553188916,1.081,-77.2884633396,0.232,-0.048
1611+343,2013,4,243.4211005714,0.27,34.2133075641,0.253,0.049
1611-710,2013,3,244.1276722537,4.037,-71.1420700327,2.519,-0.948
1613-586,2013,1,244.3245475166,3.153,-58.8021831737,1.644,0.574
1614+042,2013,1,244.3066203163,3.002,4.1449164762,2.038,-0.228
1614+051,2013,12,244.1564866497,0.357,4.9924269597,0.471,0.211
1615+029,2013,10,244.4579504665,0.325,2.7786402185,0.767,0.007
1616+063,2013,4,244.7653653635,0.516,6.2172895774,1.014,-0.529
1617+229,2013,35,244.8117691325,0.234,22.7966252942,0.287,-0.047
1619-680,2013,6,246.0768209601,1.749,-68.1534713617,0.572,-0.395
1621-067,2013,2,246.1371947967,0.273,-6.8304519258,0.662,-0.142
1622-253,2013,39,246.4453818359,0.273,-25.4606463653,0.339,-0.103
1622-297,2013,7,246.5250868941,0.29,-29.8574921087,0.394,0.051
1623+578,2013,7,246.1033644522,1.092,57.6878556578,0.473,0.193
1624-617,2013,5,247.2278739197,0.892,-61.8767772479,0.298,-0.951
1630-004,2013,1,248.2403361419,7.128,-0.5558505773,5.554,-0.944
1633-810,2013,2,250.738940469,6.442,-81.1430751425,0.792,-0.781
1635-035,2013,1,249.5802170309,0.409,-3.6680799626,1.342,-0.146
1636+473,2013,15,249.4380439843,0.291,47.292730903,0.239,-0.046
1637+574,2013,7,249.5560679323,0.297,57.3399941967,0.179,0.132
1637+826,2013,9,248.1332079321,1.87,82.537888897,0.243,0.082
1638+398,2013,31,250.1234698876,0.209,39.7794523857,0.21,0.046
1639+230,2013,33,250.3551148738,0.19,22.9511202044,0.274,-0.063
1639-062,2013,52,250.5090738292,0.2,-6.3565819748,0.272,-0.018
1639-287,2013,1,250.7473879787,0.641,-28.8327637856,1.429,-0.723
1641+399,2013,1,250.7450413415,1.416,39.8102758308,0.82,0.621
1642+690,2013,7,250.5327021164,0.447,68.9443767523,0.169,-0.221
1645-262,2013,1,252.2679803948,0.303,-26.3357256722,0.713,-0.226
1649+216,2013,1,252.9076837537,0.359,21.5901818233,0.589,0.191
1651+391,2013,6,253.2437898856,0.218,39.0471729032,0.239,0.114
1652+398,2013,1,253.4675713483,3.622,39.7601692002,0.313,-0.072
1655+077,2013,7,254.5375477461,0.276,7.6909835335,0.801,0.215
1656-075,2013,21,254.6835916043,0.329,-7.6549151875,0.767,0.444
1657+265,2013,1,254.8506224952,0.314,26.4935951711,0.312,0.229
1657-261,2013,38,255.2214752503,0.367,-26.1810348328,0.354,-0.232
1657-562,2013,4,255.4369087325,0.483,-56.3655285373,0.548,-0.964
1659+399,2013,6,255.3526450362,0.409,39.9103031356,0.349,0.077
1659-621,2013,4,255.9022549635,0.997,-62.2111134803,0.599,-0.609
1700+320,2013,1,255.6358759668,2.57,31.9645422528,10.023,-0.431
1705+018,2013,25,256.8933969219,0.258,1.8126943691,0.693,0.125
1706-174,2013,2,257.3931057482,0.322,-17.4814902607,0.557,0.279
1714-397,2013,1,259.410833482,9.886,-39.8146408519,14.963,0.09
1717+178,2013,16,259.8043686007,0.224,17.7517880615,0.287,0.238
1722+330,2013,10,261.0591575965,0.35,33.0510942863,0.365,-0.089
1725+123,2013,4,262.0293800494,0.214,12.260968211,0.42,-0.02
1725-795,2013,3,263.4195825261,7.766,-79.5988099369,1.267,-0.843
1726+455,2013,13,261.8652117567,0.238,45.5110365124,0.225,-0.057
1730-130,2013,12,263.2612740868,0.234,-13.0804301294,0.522,0.126
1732+389,2013,13,263.585743903,0.204,38.9642896953,0.202,-0.152
1737-081,2013,1,265.0065259712,0.2,-8.1874394333,0.431,0.104
1738+476,2013,6,264.9880378533,0.334,47.6328782108,0.314,-0.104
1738+499,2013,6,264.8641271289,0.333,49.9176023925,0.257,-0.049
1739+522,2013,2,265.1540744639,0.348,52.1953908331,0.215,0.221
1741+279,2013,1,265.9851559434,0.301,27.8806520973,1.35,-0.198
1741-038,2013,119,265.9952339054,0.181,-3.834615767,0.26,-0.054
1742-088,2013,1,266.1983410352,0.277,-8.8206474533,0.639,-0.039
1743+173,2013,4,266.3967006597,0.281,17.3337288057,0.423,-0.076
1746+470,2013,7,266.8610302937,0.249,46.9808128591,0.208,-0.065
1749+096,2013,75,267.8867440853,0.174,9.6502023397,0.248,0.006
1749-299,2013,1,268.1379494343,3.046,-29.9458137533,6.367,0.026
1751+288,2013,16,268.4269735159,0.186,28.8013718732,0.213,0.005
1754+155,2013,11,269.2212589319,0.218,15.5891184683,0.345,0.512
1758+388,2013,9,270.1031890418,0.212,38.8085271137,0.225,0.008
1758-651,2013,11,270.8479027501,0.834,-65.1268781252,0.351,0.138
1759+756,2013,1,269.443162615,0.662,75.6544945551,0.452,-0.237
1759-396,2013,54,270.6778336067,0.438,-39.6688633967,0.436,0.054
1800+440,2013,7,270.384645036,0.273,44.0727500222,0.219,-0.12
1803+784,2013,42,270.1903496601,0.862,78.4677829433,0.19,-0.008
1806+456,2013,28,272.0911911985,0.312,45.7057962279,0.255,-0.036
1806-458,2013,6,272.491132482,0.704,-45.8780595872,1.112,-0.451
1807+698,2013,41,271.7111694638,0.453,69.8244745547,0.163,0.027
1815-553,2013,12,274.9391645452,1.623,-55.3557626615,0.85,0.06
1816-029,2013,1,274.8225361412,0.625,-2.9688534191,0.909,0.247
1820-274,2013,1,275.8318845152,11.414,-27.4406676902,21.579,-0.845
1821+107,2013,6,276.0118969262,0.294,10.7399373357,1.756,-0.163
1823+568,2013,8,276.0294515052,0.262,56.850414139,0.176,0.222
1823+689,2013,6,275.8868912306,0.836,68.9646146199,0.324,0.065
1824-582,2013,3,277.3016756194,2.699,-58.2319888808,3.368,-0.75
1825-041,2013,2,276.9376689647,0.365,-4.0957154754,0.762,-0.128
1825-055,2013,1,277.1673057105,1.442,-5.5141293926,2.457,-0.478
1831-711,2013,3,279.3696459479,2.331,-71.1454320013,1.337,-0.849
1842+681,2013,4,280.6401736092,0.592,68.1570077144,0.217,0.028
1845-273,2013,1,282.1979340746,0.194,-27.3050203842,0.415,0.004
1846+322,2013,82,282.0920357282,0.191,32.3173899293,0.221,-0.044
1849+670,2013,11,282.3169679517,0.557,67.0949112236,0.202,-0.035
1853-122,2013,2,283.9768560088,0.296,-12.1661023396,0.753,-0.218
1903+097,2013,1,286.4162458516,0.341,9.8690020646,0.634,-0.049
1905+222,2013,1,287.0258785781,0.259,22.376151927,1.268,0.568
1908+484,2013,5,287.4440112627,0.672,48.5755056242,0.376,0.269
1908-201,2013,42,287.7902203468,0.38,-20.1153081706,0.605,0.036
1909+161,2013,31,287.992739189,0.229,16.1963515057,0.429,-0.042
1910-365,2013,1,288.337039288,0.39,-36.5053975062,0.725,-0.433
1916+062,2013,1,289.8222928493,0.813,6.3285487227,1.322,-0.491
1918-026,2013,1,290.1802591747,0.188,-2.6032235123,0.411,-0.115
1920-211,2013,31,290.8841242478,0.236,-21.0759258994,0.403,0.1
1921-293,2013,80,291.2127331854,0.353,-29.2417003154,0.398,0.18
1922-224,2013,2,291.4157925894,0.373,-22.3264199721,0.716,0.42
1923+210,2013,64,291.4983556887,0.267,21.1072672285,0.307,0.131
1925-610,2013,12,292.5256670959,0.688,-60.9358845513,0.302,-0.058
1927+256,2013,2,292.4371588649,0.198,25.7211796266,0.473,0.109
1929+226,2013,2,292.8538197877,0.16,22.7253493354,0.233,0.027
1932+204,2013,2,293.7936374894,0.547,20.5317095559,0.408,-0.021
1933-400,2013,6,294.3175724793,0.833,-39.9670979955,0.926,-0.194
1935-692,2013,11,295.106367182,0.846,-69.1324921886,0.345,-0.187
1936+046,2013,1,294.6277900015,0.29,4.8032261399,1.215,0.222
1936-155,2013,18,294.8610739559,0.242,-15.428627356,0.41,0.028
1946-582,2013,1,297.6558397877,1.889,-58.0777099161,3.279,0.099
1954+513,2013,5,298.92807608,0.344,51.5301517194,0.23,-0.126
1954-388,2013,58,299.4992470285,0.401,-38.751765576,0.424,-0.13
1958-179,2013,24,300.237876832,0.238,-17.8160202022,0.337,0.136
2000+148,2013,4,300.6749968564,0.176,15.0207149282,0.33,-0.112
2000+472,2013,43,300.5434093008,0.242,47.4246593543,0.212,-0.046
2002-375,2013,4,301.479461947,1.074,-37.3948552613,2.19,-0.772
2005-489,2013,9,302.3557941541,3.49,-48.8315894189,1.931,0.784
2008-159,2013,73,302.8154622146,0.258,-15.7778482265,0.354,0.039
2013+163,2013,5,304.0577501791,0.303,16.542809346,0.314,0.452
2017+745,2013,2,304.3044974879,0.899,74.6799999886,0.329,0.044
2022-077,2013,1,306.4194183778,0.272,-7.5979689025,0.608,0.203
2029+024,2013,1,307.9468790689,0.777,2.6603578877,2.606,-0.435
2029+121,2013,14,307.9791427925,0.288,12.3281501028,0.691,0.171
2033-219,2013,1,309.2132198836,0.25,-21.7768747103,0.583,0.084
2034+222,2013,1,309.2371362984,0.217,22.4664693697,0.352,0.038
2037+511,2013,87,309.6543113794,0.223,51.320184055,0.173,-0.087
2043+156,2013,1,311.4395587097,0.193,15.7909278825,0.375,-0.081
2043+749,2013,1,310.6554505578,1.097,75.134012611,0.36,0.507
2046+429,2013,1,312.0813597483,2.463,43.1783486521,3.855,-0.529
2052-474,2013,100,314.0681658503,0.575,-47.2465632978,0.368,-0.137
2053-044,2013,1,313.9594084448,0.409,-4.2797444754,1.075,0.089
2059+034,2013,79,315.411808994,0.211,3.6920335917,0.369,0.182
2106+143,2013,3,317.1709672758,0.185,14.5075035962,0.414,-0.244
2106-413,2013,7,317.3882857857,1.0,-41.1723905768,0.748,0.15
2111+801,2013,1,317.3298522567,3.037,80.3531186324,0.525,0.468
2112+283,2013,1,318.7430565818,0.243,28.5492216566,0.393,-0.541
2112-144,2013,1,318.8268149567,0.373,-14.2787146397,0.799,0.402
2113+293,2013,77,318.8725560627,0.205,29.5606574761,0.316,0.091
2118+443,2013,1,320.1323921109,2.298,44.5761846143,1.026,-0.088
2121+053,2013,3,320.9354892187,0.246,5.5894701568,0.58,0.086
2121+460,2013,1,320.8826182861,0.523,46.2397120155,0.445,-0.246
2123-463,2013,3,321.6279343828,0.534,-46.0966371764,3.914,-0.422
2126-158,2013,16,322.3007328614,0.237,-15.6447339292,0.583,0.248
2127-096,2013,14,322.5795344322,0.236,-9.4603986003,0.481,0.172
2128-123,2013,13,322.8969240087,0.27,-12.1179989088,0.574,0.196
2131-021,2013,9,323.5429566198,0.181,-1.8881219132,0.259,-0.126
2134+004,2013,12,324.1607764586,0.339,0.6983922932,0.816,0.154
2135-184,2013,2,324.6746949445,3.807,-18.1789947269,5.748,-0.37
2136+141,2013,12,324.7554553128,0.638,14.3933313647,1.156,0.127
2140-048,2013,2,325.6537570667,0.208,-4.6287533738,0.442,-0.296
2141+175,2013,41,325.8981023705,0.237,17.7302187995,0.303,0.029
2142+110,2013,4,326.3282295122,0.206,11.2575867475,0.437,0.063
2142-758,2013,5,326.8030436898,2.35,-75.6036735083,0.411,-0.508
2143-156,2013,10,326.5957472696,0.372,-15.428857104,0.522,0.152
2144+092,2013,17,326.7923456938,0.163,9.4962977094,0.267,0.021
2144+568,2013,1,326.6080726295,13.161,57.0568592925,8.433,0.118
2144-362,2013,1,326.8796912583,0.477,-36.0309086876,0.637,-0.328
2145+067,2013,9,327.0227444588,0.226,6.9607235421,0.71,0.186
2145+082,2013,3,326.9800808741,0.359,8.5033044472,0.874,-0.309
2149+056,2013,20,327.9078145905,0.311,5.8702651535,0.584,-0.071
2149-307,2013,7,327.981349913,0.226,-30.4649160865,0.383,0.109
2150+173,2013,4,328.1034140941,0.23,17.577165281,0.369,0.244
2153-204,2013,1,329.140649657,0.676,-20.2085814378,0.989,-0.109
2155+312,2013,16,329.3700996065,0.196,31.450375458,0.213,0.007
2155-304,2013,1,329.7169381317,0.275,-30.2255883209,0.628,-0.252
2201+315,2013,4,330.8123990687,0.232,31.7606304282,0.296,-0.126
2203+292,2013,2,331.4437769067,0.398,29.4486479477,0.513,0.188
2204-540,2013,12,331.932222001,0.391,-53.7760611223,0.266,0.057
2205+166,2013,2,331.9702732898,0.985,16.8716142033,1.496,0.121
2208+199,2013,1,332.7152185345,0.185,20.2233488305,0.404,0.019
2208-137,2013,3,332.8504144099,0.27,-13.4693677683,0.524,-0.955
2209+236,2013,23,333.0248597844,0.203,23.9279289342,0.275,0.344
2210+361,2013,1,333.2925932389,0.283,36.3986621074,0.385,0.186
2214+350,2013,61,334.0833745991,0.226,35.3039388607,0.251,-0.068
2215+020,2013,1,334.4509913316,0.327,2.3363096724,0.906,-0.334
2215+150,2013,21,334.5454746013,0.178,15.343254802,0.284,-0.04
2216+178,2013,1,334.8087186476,0.175,18.1098836383,0.394,-0.051
2216-038,2013,7,334.7168238653,0.266,-3.5935776545,0.778,0.119
2220-351,2013,5,335.7747107548,0.671,-34.9297719522,2.35,0.006
2223-052,2013,51,336.4469137487,0.199,-4.9503863008,0.303,0.068
2226-634,2013,1,337.5430759901,9.303,-63.1786943092,2.718,-0.191
2227-088,2013,55,337.4170180718,0.236,-8.5484543979,0.382,0.065
2229+695,2013,77,337.6519573333,0.414,69.7744658012,0.166,-0.066
2230+114,2013,5,338.1517038511,0.481,11.730806812,1.414,0.514
2232-488,2013,5,338.8051524811,0.458,-48.5996649674,0.529,-0.016
2233-234,2013,1,339.1093283093,0.724,-23.1573878308,0.833,0.029
2234+282,2013,10,339.0936285695,0.311,28.4826146214,0.427,0.091
2235-556,2013,1,339.7751431177,195.67,-55.4331700913,65.305,-0.999
2236+678,2013,1,339.5626203717,3.495,68.0832673365,0.82,0.307
2236-572,2013,6,339.8003163172,0.875,-57.016899827,0.911,-0.604
2239+096,2013,5,340.4571554848,0.257,9.8979014343,0.41,-0.044
2240-064,2013,1,340.7865033867,0.442,-6.1507129184,0.897,0.234
2243+047,2013,5,341.4735588423,0.32,5.0158227307,0.863,0.522
2243-123,2013,12,341.5759665423,0.231,-12.1142438609,0.607,0.192
2244-372,2013,5,341.7663222108,0.686,-36.9628625453,2.286,0.026
2245-328,2013,7,342.1611906709,0.324,-32.5978301582,0.29,-0.099
2250+190,2013,5,343.2807049252,0.241,19.7096192105,0.423,-0.348
2251+158,2013,9,343.4906164645,0.792,16.1482114891,1.189,-0.114
2254+074,2013,6,344.3220961403,0.521,7.7200840188,0.607,0.043
2255-282,2013,117,344.5248453345,0.362,-27.9725713411,0.4,0.525
2259-375,2013,1,345.5995362506,4.422,-37.301903928,7.846,-0.319
2300-683,2013,32,345.93151917,0.809,-68.1270676001,0.291,-0.126
2301-103,2013,1,345.9913314006,0.585,-10.0386707449,1.646,0.189
2305+145,2013,1,346.8916737442,0.178,14.8383263219,0.382,0.132
2307+106,2013,3,347.6188239987,0.197,10.9251935619,0.378,0.057
2309+454,2013,21,347.9475373785,0.398,45.7322267424,0.369,0.038
2314-340,2013,1,349.1807766156,1.377,-33.8201355026,2.53,-0.415
2314-409,2013,4,349.195499529,0.628,-40.6891905838,0.728,-0.001
2316+238,2013,2,349.6415326767,0.202,24.0777081561,0.362,0.155
2318+049,2013,46,350.1869024806,0.21,5.2305424071,0.318,0.073
2319+272,2013,4,350.4994259654,0.468,27.5462343666,1.644,0.141
2319+317,2013,4,350.4789832952,0.261,32.0687840482,0.47,-0.278
2319+444,2013,11,350.5848254108,0.31,44.7617648753,0.285,-0.016
2324+151,2013,1,351.8415253485,0.216,15.4103646704,0.523,-0.298
2325+093,2013,3,351.8899190587,0.276,9.6692952029,0.326,0.046
2326-477,2013,6,352.3237682936,0.496,-47.5053095744,0.954,-0.014
2329-162,2013,4,352.911051544,0.52,-15.9491700296,2.851,0.406
2329-415,2013,4,353.0793678136,0.597,-41.3104394201,0.799,0.037
2333-415,2013,6,354.1416045146,0.569,-41.2561072229,1.134,0.349
2335-027,2013,9,354.488912792,0.198,-2.5160081567,0.484,0.022
2336+598,2013,1,354.8380218426,0.581,60.1699581721,0.242,-0.033
2344-514,2013,3,356.8327671781,0.703,-51.1766840384,3.486,0.291
2345-167,2013,5,357.0108688919,0.247,-16.5200062889,0.486,0.077
2351-154,2013,5,358.62581333,0.318,-15.2197814901,0.497,0.146
2353+816,2013,5,359.0949746387,1.678,81.8811819724,0.238,-0.365
2353-686,2013,3,359.0028387598,1.628,-68.3342977314,1.304,0.455
2355-106,2013,41,359.5453433472,0.214,-10.335725414,0.304,0.129
2355-291,2013,1,359.5707151648,0.86,-28.8928062171,0.858,0.324
2355-534,2013,6,359.4719419465,0.782,-53.1871359286,0.85,0.286
2356+385,2013,35,359.8882533223,0.261,38.845088394,0.303,-0.017
2357-318,2013,24,359.8978814158,0.376,-31.5621734941,0.56,0.126
2358+189,2013,7,0.2859233092,0.373,19.2427227247,0.649,-0.303
