iers_name,year,num_ses,ra,ra_err,dec,dec_err,ra_dec_corr
0002-478,2015,2,1.1485645302,0.498,-47.6054456788,1.981,0.04
0003+380,2015,1,1.4882332295,1.439,38.3375294896,7.324,-0.726
0003-066,2015,71,1.5578871528,0.165,-6.3931487263,0.199,0.007
0007+106,2015,1,2.6291916632,0.508,10.9748617545,1.139,-0.027
0007-048,2015,4,2.5016188933,0.395,-4.5634739986,1.494,-0.076
0008-264,2015,39,2.7551950131,0.442,-26.209271336,0.342,0.262
0010+405,2015,5,3.3797092272,0.151,40.860317786,0.162,-0.023
0011-046,2015,2,3.4755462773,0.45,-4.3978590793,0.553,-0.014
0013-005,2015,1,4.0462023287,0.358,-0.2534568577,0.456,-0.015
0014+813,2015,5,4.285312715,0.778,81.5855931607,0.12,-0.005
0015-054,2015,1,4.3992278121,0.619,-5.2115749127,1.234,-0.423
0016+731,2015,33,4.9407768153,0.355,73.4583382365,0.111,-0.088
0017+200,2015,51,4.9077272746,0.111,20.3626790907,0.128,0.007
0019+058,2015,28,5.635172241,0.282,6.1345191135,0.281,-0.041
0022-044,2015,1,6.1915971743,0.949,-4.2004276212,2.064,0.085
0025+197,2015,23,7.1242437031,0.193,20.0074289706,0.206,-0.121
0034+108,2015,1,9.3585062386,0.593,11.1641475975,2.03,0.265
0035+413,2015,2,9.6035149126,0.523,41.6183337025,0.343,-0.327
0035-252,2015,2,9.5613986235,0.393,-24.9839541756,0.668,0.195
0038-019,2015,1,10.3583685748,0.703,-1.7210190586,1.81,-0.749
0038-020,2015,1,10.2400480175,0.188,-1.7755622438,0.259,-0.067
0040+098,2015,1,10.684882535,0.574,10.1636712599,2.026,0.289
0044-846,2015,4,11.1112086453,3.871,-84.3777743369,0.323,0.101
0047+023,2015,4,12.4301498046,0.197,2.6177159047,0.369,0.053
0048-097,2015,18,12.67215599,0.285,-9.4847805326,0.217,0.051
0048-427,2015,12,12.7895912853,0.435,-42.4425815082,0.728,0.538
0054+161,2015,22,14.2303930687,0.154,16.4203724242,0.152,0.045
0055+060,2015,1,14.6408522725,0.145,6.3350208619,0.242,0.26
0055-059,2015,6,14.5211096634,0.349,-5.6645214481,0.33,0.006
0056-001,2015,1,14.7729790142,0.42,0.1143390111,0.54,-0.592
0056-572,2015,4,14.694089446,0.545,-56.9865194178,0.49,-0.08
0059+581,2015,84,15.6906766397,0.196,58.4030935672,0.114,-0.002
0104-408,2015,48,16.6879498862,0.197,-40.5722112422,0.211,0.149
0106+013,2015,50,17.1615463637,0.17,1.5834215534,0.325,0.307
0107-610,2015,3,17.3144791708,0.569,-60.8301274888,0.544,0.003
0108+388,2015,2,17.9054859537,0.288,39.1078067451,0.199,0.094
0109+224,2015,8,18.0242696734,0.278,22.7441074465,0.281,0.179
0110+495,2015,6,18.3625283661,0.209,49.8066785407,0.19,-0.113
0111+021,2015,10,18.4297706782,0.155,2.3714768594,0.289,0.09
0112-017,2015,2,18.8212497291,0.265,-1.4512714172,0.164,-0.013
0113-118,2015,1,19.0521749384,0.134,-11.6042875998,0.148,-0.218
0115-214,2015,33,19.4532506431,0.282,-21.1851758672,0.325,-0.093
0116-219,2015,5,19.7385925206,0.177,-21.6917056961,0.156,0.033
0119+041,2015,32,20.4869236602,0.318,4.3735374254,0.474,-0.067
0119+115,2015,82,20.4233128087,0.154,11.8306705412,0.335,0.109
0119-046,2015,1,20.6161889824,0.266,-4.3575487363,0.454,-0.003
0123+257,2015,1,21.6783014119,1.169,25.9836744193,12.358,0.541
0131-522,2015,58,23.2740105555,0.409,-52.0010958849,0.325,0.248
0133+476,2015,56,24.2441452584,0.16,47.8580833997,0.136,-0.139
0134+311,2015,23,24.2863901088,0.219,31.3766265205,0.235,0.031
0135-247,2015,1,24.4097769655,0.81,-24.5149675395,0.585,-0.049
0136-059,2015,1,24.7160470995,0.251,-5.6689563815,0.435,-0.07
0137+012,2015,5,24.9887741067,0.172,1.529483061,0.334,-0.112
0138-097,2015,7,25.3576343083,0.298,-9.4787984278,0.26,-0.07
0142-278,2015,4,26.2641441537,0.273,-27.5595352491,0.914,0.152
0148-177,2015,1,27.7753471572,0.134,-17.5457551286,0.253,0.06
0149+218,2015,7,28.0752465691,0.168,22.1188055059,0.213,0.039
0150-144,2015,1,28.1333858913,1.216,-14.2109056064,3.758,-0.841
0151+474,2015,26,28.7345414179,0.256,47.7240385918,0.246,-0.11
0159+723,2015,5,30.8891037097,0.693,72.5482409396,0.178,-0.087
0159-668,2015,4,30.282267463,0.756,-66.6368514615,0.879,0.364
0201+113,2015,17,30.9444045578,0.25,11.5792805531,0.353,-0.176
0202+149,2015,4,31.2100579054,0.138,15.2364008914,0.169,-0.006
0202+319,2015,94,31.2705224767,0.127,32.2083598663,0.136,0.079
0202-172,2015,7,31.2403102893,0.529,-17.0221781495,0.606,0.597
0203+625,2015,1,31.7625699222,0.387,62.7700187806,0.135,0.133
0206+136,2015,9,32.3999931535,0.139,13.8668764003,0.208,0.195
0208-512,2015,44,32.6925017237,0.585,-51.017192221,0.318,-0.274
0211+171,2015,4,33.6871368773,0.217,17.3804199761,0.379,-0.295
0212+735,2015,4,34.3783892907,0.332,73.8257283713,0.093,-0.087
0212-620,2015,4,33.5675194018,0.621,-61.8260160602,0.437,-0.045
0213-026,2015,1,33.9250717151,0.189,-2.382430925,0.285,0.099
0215+015,2015,16,34.4539780198,0.218,1.7471387112,0.219,0.058
0220-349,2015,1,35.735008133,0.894,-34.6913134579,0.748,0.135
0221+067,2015,7,36.1184509444,0.221,6.9898173752,0.21,0.066
0223+113,2015,2,36.4246248205,0.429,11.5737409606,0.418,0.153
0227-369,2015,5,37.368537887,0.279,-36.7324507057,0.446,0.413
0229+131,2015,83,37.9412253159,0.163,13.3818655908,0.176,0.242
0229-398,2015,1,37.9659014442,0.243,-39.5964607551,0.469,-0.001
0230-790,2015,4,37.3956067846,1.896,-78.7960001991,0.313,0.189
0234+285,2015,50,39.4683570953,0.229,28.8024971726,0.488,0.255
0234-301,2015,2,39.129871201,0.518,-29.8987599613,0.422,-0.051
0235+164,2015,7,39.6622087616,0.111,16.61646513,0.12,0.065
0235-618,2015,4,39.2218583371,0.781,-61.6042170791,0.64,0.144
0237+040,2015,5,39.9635960946,0.174,4.2726141247,0.183,0.156
0237-027,2015,55,39.9394678692,0.183,-2.5780317659,0.198,0.071
0238-084,2015,5,40.2699939344,0.147,-8.2557647753,0.217,0.082
0241+622,2015,5,41.2404032034,0.864,62.4684762691,0.365,0.005
0244-470,2015,4,41.5004919587,0.263,-46.8547872287,0.739,0.461
0248-266,2015,1,42.6482047958,0.152,-26.4618083084,0.267,-0.138
0254-334,2015,2,44.1775110733,0.608,-33.2559102005,0.472,0.239
0256-005,2015,14,44.8688175261,0.271,-0.3333266947,0.267,-0.024
0300+470,2015,6,45.8968426839,0.138,47.2711876343,0.101,0.011
0302+625,2015,5,46.6777480575,0.331,62.7172286079,0.161,0.129
0302-623,2015,6,45.960964404,0.606,-62.1904300946,0.436,0.099
0303+051,2015,1,46.4507982589,0.112,5.3920917841,0.221,-0.161
0306+102,2015,7,47.2650980221,0.131,10.4878723339,0.138,-0.041
0307+380,2015,18,47.7078330587,0.265,38.2482882839,0.24,-0.023
0308-611,2015,131,47.4837464668,0.308,-60.9775156206,0.165,0.007
0309+360,2015,1,48.2095327018,0.386,36.2554283333,0.395,0.089
0309+411,2015,6,48.2581755097,0.197,41.3336620737,0.158,-0.086
0310+410,2015,1,48.4901921613,2.047,41.25665968,1.111,0.31
0312+100,2015,5,48.8380824513,0.404,10.2119677007,0.391,-0.235
0316+413,2015,2,49.9506620828,5.135,41.511694472,10.626,0.774
0316-444,2015,5,49.4903314187,0.533,-44.2381007348,0.898,-0.382
0317+188,2015,2,49.9635697717,0.212,19.025358754,0.193,0.142
0322+222,2015,72,51.4033931761,0.146,22.4001015516,0.152,0.062
0325+395,2015,7,52.2096336567,0.263,39.6790459171,0.236,-0.077
0326+277,2015,1,52.4902890474,0.862,27.9376390902,0.515,-0.747
0332+078,2015,28,53.7221529049,0.275,8.0040051794,0.33,-0.02
0332-403,2015,123,53.5568937701,0.19,-40.1403882769,0.179,0.037
0333+321,2015,3,54.1254493174,0.817,32.308150605,0.723,-0.389
0334-131,2015,1,54.1459824697,0.156,-13.03462719,0.272,-0.193
0334-546,2015,2,53.9746869906,0.449,-54.5069764696,0.413,0.293
0335-364,2015,1,54.225096757,5.54,-36.2683957285,1.641,-0.559
0336-019,2015,97,54.8789076219,0.165,-1.7766121731,0.186,0.203
0338-214,2015,19,55.1483663383,0.725,-21.3253255898,0.341,0.38
0340+362,2015,11,55.8706351643,0.215,36.3701192008,0.205,0.254
0342+147,2015,2,56.2767356682,0.249,14.8970999537,0.399,-0.015
0345+460,2015,21,57.3280900047,0.243,46.1665717502,0.206,-0.107
0346-279,2015,11,57.1589357031,0.223,-27.8204348039,0.397,-0.115
0347-211,2015,15,57.4909445984,0.32,-21.0465948129,0.257,0.088
0348-120,2015,1,57.795738994,0.712,-11.8896262409,1.502,-0.532
0350+465,2015,1,58.6250478647,0.247,46.7218746596,0.182,0.026
0355+508,2015,62,59.8739475775,0.357,50.963933913,0.288,0.021
0358+210,2015,2,60.4381919712,0.179,21.1746075169,0.185,-0.141
0400+258,2015,1,60.77327672,0.931,26.0004179812,0.558,-0.206
0400-319,2015,7,60.588607984,0.682,-31.7905407934,0.428,0.563
0402-362,2015,13,60.9739579362,0.206,-36.0838648666,0.186,0.259
0403-132,2015,14,61.3916808747,0.213,-13.1371363813,0.209,0.004
0405-123,2015,1,61.9517929193,7.731,-12.1934945417,38.1,-0.995
0405-385,2015,13,61.7459806087,0.384,-38.4411229749,0.572,0.089
0406-127,2015,5,62.2740406594,0.199,-12.6467065169,0.29,0.212
0409+229,2015,1,63.181945401,0.671,23.084848062,0.553,-0.543
0410+110,2015,8,63.4180874145,0.329,11.2041073897,0.405,-0.232
0414-189,2015,17,64.1522685619,0.38,-18.8523163055,0.31,0.118
0415+398,2015,10,64.8439564005,0.255,39.9247159472,0.199,-0.038
0420+022,2015,17,65.7175611847,0.127,2.3241475215,0.135,0.016
0420-014,2015,83,65.8158364203,0.132,-1.3425182383,0.208,0.091
0422+004,2015,10,66.1951755057,0.115,0.6017580381,0.148,-0.194
0422-380,2015,8,66.1760151821,0.246,-37.9391068026,0.24,0.05
0425+048,2015,1,66.9482102933,0.208,4.9523124655,0.204,0.006
0426+273,2015,3,67.4706697644,0.185,27.4105213014,0.237,0.17
0426-380,2015,25,67.1684344748,0.198,-37.9387724183,0.188,0.079
0427-502,2015,4,67.1776343653,0.403,-50.0928594064,0.838,0.419
0430+052,2015,2,68.296231726,0.19,5.3543385034,0.169,0.193
0430+289,2015,26,68.4076245099,0.413,29.0987437568,0.327,0.179
0432-606,2015,1,68.39211847,0.892,-60.5038253214,0.58,-0.373
0434-188,2015,10,69.2561784646,0.321,-18.746837364,0.972,-0.312
0436-129,2015,11,69.6459209107,0.229,-12.8509332483,0.233,0.21
0437-454,2015,25,69.7535610899,0.252,-45.372934163,0.241,0.058
0437-719,2015,3,69.2682437848,0.841,-71.8056005944,1.088,0.373
0438-436,2015,5,70.0715832209,0.569,-43.5523895397,0.697,-0.626
0440+345,2015,2,70.8818132022,0.232,34.6851843728,0.192,-0.056
0440-003,2015,48,70.6610863339,0.196,-0.2953947986,0.338,0.286
0442+389,2015,5,71.5478919487,0.316,39.0047499572,0.318,-0.235
0446+112,2015,28,72.2819629042,0.237,11.3579434849,0.221,-0.129
0447-010,2015,1,72.4287566322,0.918,-0.9561861096,2.672,-0.772
0451-282,2015,1,73.3110285428,0.154,-28.1270354206,0.166,-0.088
0454+844,2015,31,77.176515449,1.947,84.5345957294,0.191,0.056
0454-234,2015,114,74.2632467831,0.135,-23.4144501218,0.165,0.053
0454-463,2015,33,73.9615520605,0.28,-46.2662999433,0.188,0.123
0454-810,2015,21,72.5226671843,1.136,-81.0172865041,0.144,0.021
0458+138,2015,1,75.4386285421,0.446,13.9353390213,0.661,0.1
0458-020,2015,61,75.3033745979,0.121,-1.9872933813,0.145,-0.007
0459+060,2015,1,75.5643603505,0.318,6.1520808214,0.273,0.143
0500+019,2015,1,75.8383213851,0.482,2.0512993459,0.581,0.11
0506+056,2015,1,77.3581851356,0.104,5.6931494099,0.202,-0.223
0506+101,2015,16,77.3644043378,0.228,10.1957222868,0.2,-0.017
0506-612,2015,5,76.6832867549,0.732,-61.1613868581,0.346,0.357
0507+179,2015,4,77.509871147,0.141,18.0115500848,0.179,0.119
0508+138,2015,3,77.9096664781,0.171,13.9553329099,0.24,0.19
0514-459,2015,1,78.93853953,2.106,-45.9453307358,1.199,-0.108
0515+208,2015,9,79.5159355598,0.179,20.9145828106,0.255,-0.099
0515-179,2015,1,79.350191093,1.628,-17.9399942453,4.652,-0.826
0516-621,2015,5,79.1871923131,0.6,-62.1181639834,0.248,-0.011
0518-458,2015,1,79.9571766368,2.103,-45.7788462482,1.199,-0.09
0521-365,2015,50,80.7416026142,0.175,-36.4585698187,0.16,0.023
0522-611,2015,8,80.6434397408,0.768,-61.1325371628,0.763,0.386
0524+034,2015,8,81.8862727276,0.201,3.5254213017,0.285,-0.072
0524-460,2015,2,81.3808339582,1.228,-45.9651907105,3.676,-0.022
0524-485,2015,4,81.5694642475,0.359,-48.5102200496,0.44,0.291
0528+134,2015,47,82.7350697911,0.345,13.5319858894,0.559,0.473
0528-250,2015,8,82.5331782969,0.301,-25.0583055024,0.36,0.075
0529+075,2015,1,83.1624904197,91.831,7.5453672416,50.271,0.415
0529+483,2015,34,83.3161077355,0.248,48.3813353481,0.192,-0.162
0530-727,2015,64,82.3751757266,0.715,-72.7579187264,0.21,-0.078
0531+194,2015,1,83.6854984312,43.651,19.4559548671,20.478,-0.955
0532+196,2015,1,83.7649902138,0.128,19.7058554774,0.265,-0.176
0534-340,2015,9,84.1184681773,0.328,-34.0198523509,0.387,0.507
0534-611,2015,1,83.6490513603,1.926,-61.1019661516,2.394,0.965
0536+145,2015,18,84.9265251818,0.326,14.5626559083,0.319,-0.167
0537-286,2015,55,84.9761729988,0.181,-28.6655410766,0.199,0.064
0537-441,2015,135,84.7098398313,0.201,-44.0858164103,0.163,0.052
0538+330,2015,1,85.4559786005,0.268,33.0255289036,0.311,-0.157
0539-543,2015,4,85.1910336803,0.452,-54.3061364241,0.507,-0.26
0544+273,2015,31,86.8922872202,0.197,27.3657896064,0.211,-0.012
0548+084,2015,1,87.7967889212,0.125,8.4864517538,0.249,-0.123
0548+378,2015,6,88.0747371842,0.324,37.9070228561,0.233,-0.118
0549-575,2015,4,87.539917265,0.477,-57.5401096988,0.355,0.341
0552+398,2015,86,88.8783570455,0.193,39.8136571291,0.155,0.125
0556+238,2015,26,89.8834715075,0.19,23.8983128955,0.313,0.111
0600+177,2015,4,90.7880430324,0.264,17.7046696867,0.253,0.052
0601+245,2015,1,91.2296726298,0.135,24.4986210879,0.151,-0.187
0602+673,2015,42,91.9694651459,0.373,67.3487249578,0.172,-0.162
0602-424,2015,1,91.1048945307,0.175,-42.4250249702,0.342,-0.274
0606-223,2015,20,92.2486951619,0.222,-22.3391546986,0.244,0.04
0607-157,2015,50,92.4206230225,0.136,-15.7112979469,0.227,0.19
0613+570,2015,18,94.3205107014,0.407,57.0212285752,0.219,-0.13
0621-786,2015,1,94.6256550623,2.433,-78.7172603952,0.348,-0.771
0627-199,2015,31,97.3490078967,0.254,-19.9888119144,0.263,0.069
0628+203,2015,1,97.7544267629,0.133,20.3497814776,0.216,0.079
0632-235,2015,9,98.745837708,0.259,-23.5866549364,0.221,-0.13
0636+680,2015,6,100.5177393464,0.387,67.9765614068,0.175,-0.04
0637-752,2015,55,98.9437824127,0.936,-75.2713376745,0.145,-0.052
0641+126,2015,1,100.9993722579,1.144,12.6383834514,2.496,-0.723
0641+392,2015,28,101.2237900268,0.377,39.2465371387,0.354,0.045
0642+214,2015,1,101.350415037,0.311,21.3642232953,0.358,-0.05
0642+449,2015,68,101.6334416234,0.167,44.8546083774,0.128,-0.001
0643+548,2015,1,101.8168572652,0.464,54.7702089486,0.247,-0.141
0644-671,2015,3,101.1168497858,0.944,-67.2159322786,1.463,0.495
0646-306,2015,31,102.058735499,0.258,-30.7387939849,0.246,0.077
0647-475,2015,1,102.2018802918,19.697,-47.5742420297,120.532,-0.237
0648-165,2015,37,102.602424434,0.15,-16.6277014455,0.18,-0.022
0650+371,2015,2,103.4928454532,0.18,37.0946130709,0.102,0.231
0652+426,2015,1,104.0444253042,0.398,42.6174309503,0.302,0.051
0654+244,2015,1,104.2736479448,0.109,24.3987219253,0.172,-0.233
0656+082,2015,48,104.8249835131,0.225,8.2252650092,0.445,-0.381
0657+172,2015,39,105.0063564871,0.157,17.1560280991,0.144,-0.092
0700-197,2015,21,105.6787530929,0.163,-19.8561209102,0.164,0.045
0700-465,2015,2,105.3939362806,1.588,-46.5768458242,2.105,0.23
0704+384,2015,1,106.8871286343,4.965,38.3703627854,3.191,0.449
0707+476,2015,4,107.6921036054,0.255,47.536428498,0.169,0.204
0711+356,2015,1,108.6034065672,0.231,35.5777188936,0.299,-0.326
0714+457,2015,9,109.4660522585,0.239,45.6342390301,0.18,-0.221
0716+714,2015,48,110.472702111,0.35,71.3434342627,0.11,0.031
0718+792,2015,34,111.5488966117,0.791,79.1919488656,0.132,0.028
0722+145,2015,6,111.3200325062,0.108,14.4204849896,0.116,0.008
0723+219,2015,11,111.5594196546,0.148,21.8889208355,0.18,0.046
0723-008,2015,49,111.460999653,0.143,-0.9157063859,0.276,0.09
0725+219,2015,1,112.0858682254,0.524,21.8851085231,0.745,0.774
0727-115,2015,134,112.5796353345,0.116,-11.6868335272,0.164,0.065
0729+259,2015,25,113.2344802893,0.199,25.8107767738,0.235,-0.126
0736+017,2015,46,114.825141458,0.207,1.6179494817,0.171,0.003
0738+313,2015,45,115.2945972079,0.251,31.2000636453,0.575,0.071
0738+491,2015,16,115.5114538124,0.189,49.0043358298,0.149,-0.115
0742-562,2015,1,115.835353094,1.191,-56.3258213408,0.775,0.067
0743+259,2015,10,116.6078088767,0.258,25.8172599839,0.53,0.262
0743+277,2015,5,116.6684681335,0.251,27.583068774,0.287,0.013
0743-006,2015,26,116.4753430172,0.123,-0.7382056502,0.267,0.184
0745+241,2015,6,117.1504555091,0.164,24.0066972179,0.144,0.06
0747+185,2015,6,117.5013747545,0.179,18.386501865,0.22,0.082
0748+126,2015,65,117.716857173,0.158,12.5180078604,0.182,0.094
0749+540,2015,39,118.2557690487,0.237,53.8832325582,0.159,0.119
0755+379,2015,1,119.6171170789,0.304,37.7866130127,0.287,-0.08
0758-737,2015,6,119.3086518974,4.494,-73.8859355078,0.924,-0.33
0759+183,2015,12,120.7001335929,0.174,18.1636805362,0.192,-0.078
0759+252,2015,1,120.6732813789,1.51,25.1530267059,2.052,-0.414
0800+618,2015,37,121.325748477,0.244,61.7399168432,0.134,0.047
0804+499,2015,16,122.1652764289,0.179,49.8434804856,0.12,-0.165
0805+046,2015,2,121.9897439496,0.224,4.5429256557,0.441,-0.141
0805+410,2015,11,122.2360502793,0.169,40.8791359156,0.156,-0.065
0805-077,2015,3,122.0647330937,0.206,-7.8527461062,0.188,0.098
0806+315,2015,1,122.3060213471,3.698,31.3730321318,2.377,0.28
0808+019,2015,41,122.861280693,0.113,1.7811722742,0.138,0.01
0809-493,2015,1,122.7867375292,43.607,-49.4954120998,10.11,-0.588
0812+020,2015,9,123.8456702205,0.239,1.9165225272,0.351,-0.099
0812+367,2015,9,123.8581039544,0.137,36.5875417641,0.136,-0.153
0814+425,2015,15,124.5666652226,0.174,42.3792819349,0.143,-0.042
0821+394,2015,39,126.2311827465,0.18,39.2783066583,0.155,-0.023
0821+411,2015,1,126.1625104642,1.153,40.9521556894,0.845,-0.381
0821+621,2015,1,126.410885521,0.452,61.9579386723,0.2,0.131
0823+033,2015,56,126.4597433064,0.167,3.1568112031,0.303,0.378
0823-223,2015,10,126.5065537934,0.182,-22.5075560021,0.5,-0.061
0826-373,2015,28,127.0199175865,0.228,-37.5184115799,0.254,0.167
0827+243,2015,20,127.7170258925,0.139,24.1832833276,0.133,-0.102
0834+250,2015,5,129.4176902473,0.211,24.9064226755,0.199,-0.249
0834-201,2015,122,129.1633969291,0.201,-20.2831956298,0.234,0.171
0836+710,2015,1,130.3515311489,3.87,70.8950453304,1.263,-0.77
0841-607,2015,3,130.6106703789,0.794,-60.8973338146,2.098,0.293
0843-547,2015,1,131.2603390768,2.538,-54.969040466,1.963,0.408
0847-120,2015,7,132.5401485194,0.168,-12.226493203,0.279,0.107
0851+202,2015,138,133.7036456551,0.124,20.1085113716,0.147,0.066
0854-108,2015,22,134.1741838202,0.22,-11.0873419491,0.201,0.093
0901+697,2015,1,136.6281189469,0.846,69.5085644646,0.164,-0.004
0906+015,2015,5,137.2920484497,0.134,1.3598937491,0.136,0.174
0906+163,2015,1,137.2330226921,0.097,16.1652130621,0.19,-0.258
0907+258,2015,1,137.7301411835,0.859,25.655960444,1.398,0.634
0912+029,2015,45,138.6579727632,0.233,2.766457508,0.381,0.006
0912+297,2015,6,138.9683401701,0.261,29.5566785755,0.346,0.109
0917-185,2015,1,139.9460806191,1.229,-18.7854588962,3.874,-0.783
0918-534,2015,5,139.9334970474,1.035,-53.6684578387,1.128,0.108
0919-260,2015,24,140.3723079004,0.487,-26.3120516574,0.376,0.144
0920+390,2015,18,140.8102206365,0.185,38.8277530217,0.188,-0.379
0920-397,2015,79,140.6934094581,0.354,-39.9930743183,0.604,-0.174
0923+392,2015,50,141.7625583303,0.391,39.0391253153,0.65,0.243
0925-203,2015,33,141.9659346888,0.248,-20.5808976542,0.296,-0.087
0928+144,2015,1,142.7722604057,0.133,14.2379227017,0.276,-0.301
0930+289,2015,1,143.4053413323,1.72,28.7589765461,2.059,-0.789
0943+105,2015,6,146.6461256479,0.219,10.2850376816,0.266,-0.1
0949+354,2015,2,148.1334423183,0.148,35.2145566086,0.2,0.367
0951+268,2015,5,148.6658191678,0.561,26.6568179879,0.602,0.556
0952+581,2015,1,149.0943102373,0.457,57.8988622424,0.213,-0.081
0953+254,2015,5,149.2078141408,0.176,25.254458294,0.174,0.308
0954+658,2015,4,149.6968545594,0.247,65.5652271309,0.117,-0.054
0955+326,2015,4,149.5872900876,0.142,32.4006136331,0.165,-0.165
0955+476,2015,78,149.5819652984,0.18,47.4188451299,0.139,-0.041
0958+346,2015,13,150.2997882437,0.279,34.4140164681,0.267,0.035
1004-217,2015,3,151.6933896704,0.258,-21.9890029823,0.579,-0.031
1004-500,2015,9,151.5583725478,0.521,-50.3037423139,0.543,0.172
1005+066,2015,1,152.0034005625,0.114,6.3558936163,0.281,-0.179
1012+232,2015,27,153.6961062008,0.21,23.0212696838,0.195,0.028
1013+054,2015,5,154.013068684,0.204,5.2173167908,0.394,-0.093
1013+127,2015,3,153.9334308563,0.265,12.4519636866,0.273,-0.162
1013+596,2015,1,154.2645286101,0.444,59.4079740845,0.214,-0.269
1014+615,2015,8,154.3578639171,0.275,61.2743042483,0.1,-0.014
1015+057,2015,7,154.6160343077,0.733,5.5083227183,0.33,0.513
1015+359,2015,12,154.5457837535,0.192,35.7109556349,0.307,0.055
1015+594,2015,1,154.743915669,1.402,59.1910699627,0.649,-0.088
1021-006,2015,2,156.1232779986,0.208,-0.8820822927,0.313,-0.182
1022+194,2015,7,156.1867064264,0.288,19.2056710303,0.352,0.03
1022-665,2015,3,155.9313878753,1.237,-66.7801995095,1.095,0.491
1025+031,2015,1,157.085004117,1.013,2.9229090104,3.149,-0.744
1027-186,2015,5,157.387907005,0.342,-18.8806354769,0.646,-0.752
1030+074,2015,5,158.391767675,0.275,7.1905969698,0.385,0.026
1030+415,2015,24,158.2654495046,0.13,41.2683980528,0.128,-0.049
1030+687,2015,1,158.5046231401,2.019,68.5408742353,0.382,0.021
1031+567,2015,1,158.7793334889,1.371,56.4796639812,0.936,0.22
1032-199,2015,1,158.7589810536,1.267,-20.1928786364,0.782,-0.001
1034-293,2015,54,159.3169989575,0.643,-29.567448115,0.422,-0.204
1034-374,2015,4,159.222665151,0.449,-37.7375179001,0.601,0.374
1038+064,2015,7,160.321510643,0.552,6.1713674449,0.605,0.361
1038+528,2015,3,160.444923738,0.266,52.5578424603,0.185,0.104
1039+811,2015,21,161.0960934855,0.658,80.9109564792,0.11,-0.023
1040+244,2015,9,160.7876492557,0.126,24.1431695465,0.152,-0.055
1040-414,2015,3,160.684999565,0.551,-41.7238211609,4.3,0.122
1042+071,2015,3,161.2329634473,0.322,6.9272953304,0.396,-0.539
1043+066,2015,2,161.4697209692,0.939,6.4101266184,2.693,-0.814
1044+719,2015,4,162.1150833063,0.386,71.7266496385,0.164,-0.131
1045+019,2015,1,162.0952590724,2.468,1.6967860519,7.409,-0.972
1045-188,2015,36,162.027585894,0.137,-19.1599243167,0.225,0.124
1045-620,2015,1,161.928962786,2.49,-62.2874005258,2.089,0.134
1046-409,2015,1,162.1594627517,0.297,-41.2333650024,0.67,-0.235
1049+215,2015,1,162.9532876244,0.651,21.3311982742,0.709,0.776
1053+704,2015,17,164.2234065627,0.522,70.1960879582,0.181,-0.081
1053+815,2015,5,164.5480646509,1.581,81.2424097178,0.197,0.049
1055+018,2015,7,164.6233552507,0.076,1.5663398218,0.096,-0.035
1056+212,2015,2,164.9126777033,0.163,20.9560988023,0.267,-0.127
1057-797,2015,134,164.680457376,0.788,-80.06504442,0.148,0.031
1059+282,2015,5,165.5595353385,0.293,27.9524139692,0.301,-0.082
1100+122,2015,1,165.764708071,0.858,11.971285087,1.397,0.674
1101+077,2015,2,166.1002978349,0.115,7.5147730634,0.248,-0.223
1101+384,2015,11,166.1138079951,0.211,38.2088330152,0.187,0.044
1101-536,2015,1,165.9675902666,0.395,-53.9501958838,4.058,0.372
1104+728,2015,8,166.923844118,0.731,72.5433346754,0.243,-0.025
1104-121,2015,1,166.776373743,0.143,-12.4418941406,0.322,-0.211
1104-445,2015,89,166.7862254827,0.527,-44.8187828311,0.358,-0.089
1111+149,2015,23,168.4945634967,0.314,14.7074866297,0.315,0.005
1116+128,2015,1,169.7387497969,1.684,12.5782545713,0.644,-0.245
1121+661,2015,1,171.1027747603,0.789,65.9170503735,0.227,-0.021
1123+264,2015,22,171.4737999328,0.117,26.1722162431,0.121,0.01
1124-186,2015,106,171.7683019347,0.162,-18.9548449592,0.2,0.099
1125+366,2015,6,171.9952945741,0.503,36.3412089773,0.638,-0.001
1128+385,2015,62,172.7220111098,0.295,38.2551518261,0.279,0.037
1128-047,2015,1,172.877154847,0.583,-5.0054597183,0.344,0.412
1130+009,2015,5,173.3335658927,0.154,0.6813435077,0.263,-0.245
1130+106,2015,1,173.2478700809,0.23,10.3950593879,0.392,-0.302
1133-032,2015,29,174.1024039901,0.307,-3.5081935865,0.273,0.128
1133-041,2015,1,173.9926447955,0.915,-4.4744150032,2.221,-0.284
1136-466,2015,2,174.7314959332,0.563,-46.8950730022,4.48,0.14
1140+668,2015,1,175.9233488286,0.79,66.5586754575,0.204,0.056
1143-332,2015,7,176.6185487595,0.344,-33.4785088468,0.643,0.043
1143-696,2015,3,176.4734338838,0.86,-69.9004988564,0.463,0.073
1144+402,2015,107,176.7429079928,0.163,39.9761957075,0.145,0.034
1144-379,2015,135,176.75571139,0.202,-38.2030621074,0.218,0.054
1145+268,2015,23,176.9990162596,0.263,26.5950922869,0.249,-0.069
1145-071,2015,8,176.9648084829,0.161,-7.4114280941,0.144,0.014
1145-676,2015,4,176.8891640346,0.937,-67.8949365863,0.79,-0.022
1147+245,2015,5,177.5800507208,0.177,24.2982874259,0.151,-0.033
1147+659,2015,1,177.6439184709,1.486,65.6578543139,0.469,-0.343
1147-063,2015,2,177.5999452064,0.417,-6.6740487236,0.617,-0.196
1148-001,2015,3,177.682798499,0.21,-0.3983908997,0.334,-0.062
1149-084,2015,30,178.0717064638,0.173,-8.684253858,0.187,0.074
1152-295,2015,1,178.813591944,0.328,-29.8317670884,0.664,-0.475
1156+295,2015,29,179.8826412766,0.103,29.2455074024,0.114,-0.009
1156-094,2015,1,179.8029609584,83.829,-9.6811257068,17.56,0.999
1156-663,2015,1,179.8262729366,1.36,-66.5942850637,1.124,0.22
1204-613,2015,2,181.714564806,4.725,-61.6490998597,1.878,0.162
1212+171,2015,6,183.766580074,0.124,16.9105437787,0.187,0.04
1213-172,2015,29,183.9447991165,0.223,-17.5292786629,0.223,0.015
1215+303,2015,7,184.4670081888,0.238,30.1168431822,0.255,0.025
1215-457,2015,1,184.5258431573,131.519,-46.0081245306,104.726,-0.221
1216-010,2015,1,184.6455309778,1.639,-1.331703794,4.76,-0.952
1219+044,2015,24,185.5939569964,0.173,4.2210487057,0.343,-0.088
1221+809,2015,8,185.9187236534,1.036,80.6678722829,0.157,-0.021
1221-829,2015,2,186.2265989067,4.054,-83.2194730274,0.663,-0.702
1222+037,2015,1,186.2184245575,0.79,3.5139706367,0.249,0.013
1226+023,2015,5,187.2779161554,0.345,2.052388365,0.537,-0.151
1226+373,2015,20,187.1975992055,0.231,37.1033600181,0.204,-0.153
1227+255,2015,1,187.558706362,0.093,25.3019830837,0.129,-0.065
1228+126,2015,83,187.7059308587,0.144,12.3911232394,0.146,-0.049
1229+645,2015,1,187.8808160248,7.594,64.2384077825,5.041,-0.143
1236+077,2015,29,189.8524513741,0.214,7.5047748322,0.201,0.025
1238-110,2015,1,190.1555918685,0.206,-11.3568908733,0.414,-0.071
1239+606,2015,1,190.3732953089,0.71,60.3448119322,0.258,-0.079
1240+381,2015,5,190.7140377059,0.44,37.8500068133,0.358,0.115
1242+574,2015,1,191.2916655691,0.668,57.1651043889,0.3,0.004
1243-072,2015,47,191.5176338765,0.189,-7.5129374081,0.187,0.099
1243-160,2015,21,191.4739264941,0.167,-16.2793626041,0.186,0.072
1244-255,2015,21,191.6950084585,0.322,-25.797024728,0.262,-0.014
1245-457,2015,3,192.1187292597,0.732,-45.9964389338,0.713,0.158
1247+025,2015,2,192.6357545346,0.446,2.2756029207,0.497,-0.571
1249-673,2015,1,193.1800480149,3.517,-67.6274329953,2.023,-0.383
1251-197,2015,4,193.6552316327,0.183,-20.0156686591,0.378,-0.231
1251-713,2015,3,193.7496727549,0.882,-71.6384542464,0.3,0.141
1252+119,2015,6,193.6593985317,0.234,11.6849708718,0.227,-0.233
1253-055,2015,51,194.0465273569,0.111,-5.7893127048,0.239,0.186
1255-177,2015,4,194.6595903456,0.224,-18.0008676334,0.431,0.162
1255-316,2015,117,194.4960868547,0.287,-31.9213476538,0.293,0.348
1300+580,2015,40,195.718605509,0.248,57.8104471168,0.171,0.013
1300-105,2015,1,195.807783169,0.73,-10.8547574076,0.855,0.306
1306+360,2015,8,197.0987878278,0.304,35.7769902579,0.438,0.261
1307+121,2015,1,197.3913672305,3.228,11.9068555817,6.582,-0.964
1308+326,2015,20,197.6194327905,0.502,32.3454950653,0.819,0.017
1308+328,2015,34,197.7475113935,0.138,32.5595693417,0.127,0.074
1308+554,2015,2,197.763378356,0.293,55.2317564654,0.198,-0.073
1310-041,2015,2,198.2120897791,0.533,-4.413859707,0.524,-0.513
1312+240,2015,1,198.6825259885,0.298,23.8074387742,0.407,0.335
1312-533,2015,4,198.767419502,1.058,-53.5766319126,0.553,0.226
1313-333,2015,6,199.0332750079,0.301,-33.6497700768,0.242,0.023
1314-134,2015,1,199.4022402081,1.061,-13.7590739456,3.811,-0.759
1316-120,2015,1,199.8002998557,0.708,-12.2922614024,1.959,-0.324
1317-271,2015,1,199.9583807677,3.258,-27.4102816497,7.058,0.732
1318-434,2015,1,200.3035179369,4.094,-43.7046828775,3.112,0.587
1319-093,2015,5,200.6538023846,0.141,-9.6271663833,0.326,-0.213
1321-105,2015,2,201.1074712641,0.103,-10.8230926082,0.244,-0.382
1322+835,2015,1,200.440041336,27.805,83.2703957686,0.966,-0.749
1323+037,2015,1,201.6111753448,0.753,3.441048744,0.867,-0.065
1323+321,2015,1,201.5688235405,86.6,31.9026399444,38.922,-0.582
1324+224,2015,54,201.7535889959,0.186,22.1806008008,0.195,0.031
1325-558,2015,2,202.2547702848,0.659,-56.13407387,0.312,-0.145
1327+504,2015,10,202.2741780368,0.263,50.1573334916,0.19,0.073
1328+307,2015,1,202.7845337834,0.38,30.5091553668,0.487,0.289
1329-049,2015,1,203.0186029328,0.078,-5.1620290073,0.179,-0.277
1330+022,2015,6,203.2219606451,0.24,2.0126940129,0.311,-0.008
1330+476,2015,2,203.1885268474,0.254,47.3729633706,0.167,-0.217
1333-049,2015,2,203.9853205338,0.798,-5.1949037912,2.459,-0.904
1333-082,2015,1,204.0344159135,0.076,-8.4977211682,0.187,-0.274
1333-152,2015,5,204.1420381267,0.177,-15.496686459,0.4,-0.274
1333-337,2015,4,204.1626354102,0.338,-33.9658542055,0.646,-0.309
1334-127,2015,80,204.4157615353,0.123,-12.9568593065,0.204,0.115
1334-649,2015,1,204.4685215165,3.954,-65.1569166709,3.378,-0.381
1335+023,2015,1,204.415141,0.509,2.1159732274,0.696,0.154
1338+381,2015,1,205.0956307195,2.465,37.9121733671,6.99,0.916
1339+129,2015,1,205.519314611,0.893,12.7139135001,2.001,-0.727
1339-287,2015,2,205.5639396716,0.196,-29.0116203479,0.393,-0.207
1342+662,2015,20,205.941497589,0.452,66.040484718,0.236,0.165
1342+663,2015,5,206.0361649478,0.329,66.1032342416,0.135,-0.042
1345+125,2015,1,206.8890067108,0.248,12.2900663008,0.368,-0.683
1348+308,2015,11,207.7197342198,0.2,30.5815528958,0.219,-0.107
1349-439,2015,3,208.2355621251,0.43,-44.2112188188,0.641,-0.061
1351-018,2015,59,208.5287307401,0.181,-2.1008861184,0.396,0.082
1352-104,2015,4,208.6938282201,0.531,-10.6840712658,0.25,0.655
1354+195,2015,1,209.2684861763,2.164,19.3187132389,1.576,-0.821
1354-152,2015,15,209.2968542497,0.284,-15.4579964414,0.366,0.041
1357+769,2015,36,209.4807150103,0.63,76.7225141168,0.171,0.0
1400-184,2015,1,210.7021016047,1.07,-18.6798592887,3.44,-0.668
1404+286,2015,5,211.7516434043,0.201,28.4540804316,0.206,0.118
1406-076,2015,37,212.2353383844,0.202,-7.8740740381,0.178,0.124
1406-267,2015,25,212.4590411485,0.42,-26.960272241,0.392,0.362
1413+135,2015,3,213.9950729463,0.152,13.3399202482,0.205,-0.003
1414+129,2015,1,214.1194019515,0.567,12.7037717695,0.726,0.224
1416+159,2015,1,214.7113380809,0.376,15.6850939999,0.599,-0.012
1417+385,2015,37,214.9442241195,0.154,38.3634653222,0.17,0.012
1418+546,2015,41,214.9441559011,0.18,54.3874408834,0.117,0.049
1420-679,2015,5,216.2314873791,0.901,-68.1328043787,0.349,-0.091
1423+146,2015,4,216.4542415387,0.223,14.4158062747,0.243,0.02
1424+240,2015,7,216.7516323943,0.161,23.800010366,0.141,0.069
1424+366,2015,9,216.6545313267,0.649,36.4193261331,0.368,-0.203
1424-418,2015,153,216.9845731856,0.189,-42.1053993747,0.176,0.003
1424-834,2015,3,218.3684666215,2.696,-83.6857543117,0.877,-0.23
1428+370,2015,7,217.6690991792,0.208,36.8177469252,0.174,0.232
1432+200,2015,13,218.6658054105,0.61,19.8668710656,0.387,0.189
1435-218,2015,1,219.5394560559,0.198,-22.0818745983,0.146,0.135
1437-153,2015,1,219.9869665201,0.109,-15.5307093252,0.237,-0.1
1438-151,2015,1,220.4392381827,0.175,-15.3934068226,0.372,-0.213
1441+252,2015,20,220.98705088,0.183,25.0290252458,0.192,-0.177
1443-162,2015,2,221.4724009813,0.39,-16.4837832134,0.4,-0.48
1448+762,2015,5,222.1199132373,0.418,76.0198882945,0.113,0.102
1448-648,2015,1,223.1653300087,1.74,-65.0342883812,2.555,-0.893
1451-375,2015,9,223.6142072484,0.375,-37.7925406188,0.488,0.1
1451-400,2015,3,223.6371346622,0.816,-40.2090322887,1.08,-0.016
1454-060,2015,1,224.1724694639,0.341,-6.2953346013,0.625,0.383
1456+044,2015,3,224.7473174671,0.649,4.2705053432,0.823,-0.248
1458+718,2015,4,224.7816021659,0.396,71.6721848898,0.143,-0.05
1459+480,2015,5,225.2027260584,0.197,47.8543163363,0.158,-0.1
1501-026,2015,1,226.0313289807,2.111,-2.8046175082,2.171,0.0
1502+036,2015,44,226.2769882862,0.162,3.4418923091,0.209,0.089
1502+106,2015,9,226.1040828367,0.207,10.4942216259,0.177,-0.237
1504+377,2015,15,226.5397083105,0.205,37.514203534,0.195,-0.03
1505-156,2015,2,227.1487567845,2.111,-15.8087581062,6.436,-0.913
1510-089,2015,54,228.2105538516,0.137,-9.0999528727,0.285,0.133
1511-100,2015,7,228.4370558785,0.152,-10.2000734552,0.145,-0.025
1514-241,2015,1,229.424220805,0.742,-24.372077806,0.702,0.149
1519-273,2015,118,230.6569833179,0.168,-27.5029959965,0.192,0.038
1519-294,2015,1,230.6061929351,0.184,-29.607008451,0.405,-0.178
1520+319,2015,21,230.5416326239,0.225,31.7373282445,0.244,0.069
1520+437,2015,43,230.456724942,0.194,43.6109078652,0.208,-0.132
1525+737,2015,1,231.1723941101,1.212,73.600223306,0.145,-0.104
1528-274,2015,1,232.8508329838,0.309,-27.5919509854,0.631,-0.24
1528-684,2015,3,233.3937006234,1.27,-68.6221278922,1.64,-0.371
1538+149,2015,32,235.2062153449,0.158,14.7960789756,0.199,-0.065
1540-077,2015,1,235.7570297234,0.981,-7.9518439478,2.66,0.341
1546+027,2015,22,237.372653562,0.114,2.6169898315,0.156,-0.038
1547-054,2015,1,237.6243811875,0.78,-5.6364073837,1.724,-0.601
1548+056,2015,6,237.6469552825,0.149,5.4529021651,0.194,-0.1
1550-242,2015,3,238.3817827763,0.272,-24.3683433911,0.559,-0.01
1554-643,2015,1,239.7095189437,1.941,-64.5415669966,2.359,-0.9
1555+001,2015,17,239.4643084601,0.219,-0.0306704965,0.177,-0.006
1555-140,2015,1,239.5914473135,1.988,-14.1664047246,3.304,-0.277
1557+032,2015,7,239.8790532431,0.135,3.0800711378,0.188,-0.04
1601+112,2015,6,240.9247135033,0.23,11.0968553216,0.234,-0.003
1602-115,2015,4,241.3230486031,0.16,-11.6574530564,0.345,-0.21
1604-333,2015,2,241.8948431283,1.06,-33.5191426153,0.561,0.258
1606+106,2015,10,242.1925133098,0.145,10.4854932579,0.218,-0.029
1608+243,2015,8,242.6751116247,0.214,24.246947687,0.214,-0.049
1610-771,2015,6,244.4553218151,1.982,-77.2884526782,0.615,-0.29
1611+343,2015,50,243.4211010365,0.316,34.2133080597,0.562,0.051
1611-710,2015,1,244.1276739924,2.65,-71.1420714384,1.694,-0.966
1614+051,2015,6,244.1564866554,0.165,4.9924265203,0.182,-0.113
1615+029,2015,7,244.4579510247,0.688,2.7786404424,0.859,-0.062
1616+063,2015,15,244.7653653678,0.187,6.21728975,0.338,-0.021
1617+229,2015,52,244.8117692553,0.202,22.7966253299,0.217,-0.087
1619-680,2015,3,246.0768204796,0.632,-68.1534713745,0.255,-0.408
1621-067,2015,1,246.1371949305,0.504,-6.8304516492,2.91,0.236
1622-253,2015,35,246.4453818721,0.237,-25.4606462172,0.245,0.11
1623+578,2015,26,246.1033645267,0.464,57.6878560292,0.195,-0.045
1624-617,2015,4,247.2278748002,0.469,-61.8767771829,0.247,-0.283
1629-458,2015,2,248.1948191526,3.879,-45.9671504844,5.451,0.429
1633+382,2015,47,248.8145540829,0.359,38.1345834449,0.681,0.011
1633-810,2015,1,250.7389358868,5.873,-81.1430760974,1.567,-0.145
1635-035,2015,1,249.5802169122,0.461,-3.6680799285,2.994,0.037
1636+473,2015,18,249.4380440793,0.194,47.2927308986,0.158,-0.009
1637+574,2015,7,249.5560681893,0.194,57.3399940313,0.108,-0.018
1637+826,2015,15,248.1332079974,1.565,82.537888912,0.177,0.1
1638+398,2015,68,250.1234699466,0.149,39.7794523025,0.137,0.084
1639+230,2015,29,250.3551152758,0.131,22.9511200073,0.179,0.009
1639-062,2015,51,250.5090739245,0.176,-6.3565818871,0.177,0.076
1641+399,2015,1,250.7450420564,0.228,39.8102759893,0.167,-0.183
1642+690,2015,5,250.5327021145,0.341,68.9443767769,0.111,0.345
1647-296,2015,1,252.6647690282,1.865,-29.7297176558,5.766,-0.91
1651+391,2015,7,253.2437899736,0.178,39.0471728126,0.166,-0.09
1652+398,2015,9,253.4675708574,0.168,39.7601685254,0.178,0.074
1655+077,2015,1,254.537533968,2.745,7.6910157921,6.774,-0.969
1656-075,2015,9,254.6835915528,0.38,-7.65491526,0.262,0.056
1657-261,2015,109,255.2214753625,0.216,-26.1810348292,0.198,-0.083
1657-562,2015,2,255.4369091531,0.414,-56.3655289122,0.234,-0.491
1659+399,2015,4,255.352645144,0.401,39.9103030792,0.438,-0.009
1659-621,2015,4,255.9022551872,0.693,-62.2111134977,0.432,-0.02
1705+018,2015,20,256.893396931,0.157,1.8126941575,0.169,0.064
1705+135,2015,2,256.9401555361,0.133,13.5181203722,0.15,0.45
1706-174,2015,29,257.3931057283,0.395,-17.4814903186,0.29,0.004
1707+779,2015,1,256.35516259,1.199,77.933692422,0.582,-0.254
1715-112,2015,1,259.562302606,1.331,-11.3458356224,3.882,-0.888
1717+178,2015,6,259.8043687178,0.189,17.751788133,0.164,0.099
1717-229,2015,1,260.1814874991,0.218,-22.9735663158,0.541,-0.213
1722+330,2015,16,261.0591575552,0.31,33.0510945602,0.296,-0.057
1725+123,2015,5,262.0293801883,0.246,12.2609681571,0.188,0.054
1725-795,2015,5,263.4195850901,2.276,-79.5988108114,0.559,-0.416
1726+455,2015,24,261.8652114371,0.211,45.511036549,0.159,-0.071
1730+604,2015,1,262.7196389184,1.609,60.4213120999,0.592,0.492
1730-130,2015,50,263.261274132,0.123,-13.0804300619,0.22,0.151
1732+389,2015,7,263.585743887,0.162,38.9642898374,0.145,-0.063
1734+363,2015,1,263.950361591,0.212,36.2793365379,0.22,0.438
1736+324,2015,7,264.668757467,0.19,32.4025068902,0.242,0.211
1737-081,2015,1,265.0065260841,0.474,-8.1874397507,3.292,0.057
1738+476,2015,4,264.9880379959,0.187,47.6328782767,0.154,0.118
1738+499,2015,16,264.8641270932,0.352,49.9176024946,0.255,0.141
1739+522,2015,2,265.1540743805,0.151,52.1953909771,0.1,-0.072
1740-517,2015,4,266.1060643954,1.307,-51.7454824924,0.859,0.011
1741+597,2015,1,265.6333337336,0.77,59.7518699587,0.302,0.032
1741-038,2015,150,265.9952340314,0.116,-3.8346157654,0.163,0.065
1743+173,2015,3,266.3967007708,0.136,17.3337288386,0.175,-0.105
1746+470,2015,2,266.8610303364,0.486,46.9808129234,0.5,-0.03
1749+096,2015,128,267.8867440994,0.118,9.650202354,0.147,0.082
1751+288,2015,111,268.4269736826,0.147,28.8013718691,0.146,0.102
1754+155,2015,5,269.2212589428,0.282,15.5891184533,0.265,-0.078
1754+159,2015,1,269.1405231189,0.422,15.8955092818,0.74,-0.113
1755+578,2015,1,269.0151186592,0.783,57.8133323324,0.284,0.298
1758+388,2015,15,270.103189146,0.181,38.8085270012,0.161,0.042
1758-651,2015,72,270.8479029128,0.609,-65.1268781532,0.275,0.116
1759-396,2015,46,270.677834162,0.468,-39.6688631621,0.468,0.029
1800+440,2015,5,270.3846453784,0.281,44.0727501148,0.196,-0.068
1803+784,2015,42,270.1903496203,0.532,78.4677828147,0.107,-0.033
1806+456,2015,27,272.0911914152,0.156,45.7057961068,0.132,0.043
1806-458,2015,1,272.4911325101,1.018,-45.8780613705,3.902,-0.949
1807+698,2015,45,271.7111695147,0.331,69.8244746276,0.115,0.034
1815+034,2015,1,274.4129597485,0.539,3.4826896796,0.815,-0.384
1815-553,2015,2,274.9391642872,0.58,-55.3557632093,0.822,-0.466
1816-029,2015,1,274.8225370835,0.403,-2.9688520567,0.493,0.298
1818+551,2015,1,274.7920240173,0.435,55.1857090096,0.202,-0.113
1820-274,2015,1,275.8318810878,45.807,-27.4406631459,109.835,-0.953
1823+568,2015,10,276.029451482,0.183,56.8504141789,0.127,0.06
1824-582,2015,2,277.3016754072,0.938,-58.2319894757,0.48,-0.183
1825-041,2015,1,276.9376689216,0.294,-4.0957154769,0.519,0.08
1826+796,2015,2,275.8087869132,1.772,79.6469453984,0.431,0.423
1829-207,2015,1,278.0460267938,0.251,-20.6633893606,0.487,0.286
1830-589,2015,3,278.6144682232,1.825,-58.9434099636,0.934,-0.275
1831-711,2015,3,279.3696453227,0.681,-71.1454312363,0.364,-0.111
1842+681,2015,10,280.6401736762,0.376,68.1570078391,0.146,0.027
1845-273,2015,1,282.1979338095,0.114,-27.3050202491,0.235,-0.266
1846+322,2015,64,282.0920358385,0.205,32.3173899183,0.204,-0.042
1849+670,2015,35,282.3169677488,0.246,67.0949110644,0.097,0.102
1852-534,2015,4,284.2518874854,1.407,-53.416772515,1.53,-0.086
1901+155,2015,1,286.0598383858,0.753,15.6106795105,1.593,-0.443
1901+319,2015,1,285.7330769578,1.469,31.9949165603,0.692,-0.318
1908+484,2015,5,287.4440108558,0.51,48.5755047665,0.438,0.293
1908-201,2015,60,287.7902204252,0.368,-20.1153080648,0.419,0.2
1909+161,2015,18,287.9927393985,0.143,16.1963515251,0.237,0.022
1914-154,2015,1,289.21879591,0.109,-15.3166866721,0.244,-0.167
1918-026,2015,1,290.180259094,0.279,-2.6032237064,0.445,0.338
1920-211,2015,31,290.8841241535,0.163,-21.0759258885,0.21,0.094
1921-293,2015,114,291.2127331148,0.195,-29.2417002443,0.211,0.258
1922-224,2015,3,291.4157912995,1.033,-22.326421674,2.094,0.116
1923+210,2015,29,291.4983556411,0.236,21.1072673094,0.166,0.188
1925-610,2015,2,292.5256670963,0.881,-60.935884526,0.431,-0.575
1928+738,2015,1,291.9520568921,2.128,73.9671039637,0.463,0.112
1929+226,2015,28,292.8538200171,0.16,22.72534964,0.177,-0.081
1933-400,2015,5,294.3175731851,0.433,-39.9670975091,0.69,-0.028
1935-692,2015,2,295.1063671954,0.58,-69.1324925965,0.446,-0.619
1936-155,2015,32,294.8610740141,0.188,-15.4286273048,0.229,0.002
1941-554,2015,3,296.3509602697,1.986,-55.3469004659,2.577,-0.092
1945-011,2015,1,296.9324492475,0.61,-1.0568275986,1.614,-0.67
1947+079,2015,1,297.5230834591,0.373,8.1205499325,0.341,-0.425
1954+282,2015,1,299.19183539,0.242,28.3494383907,0.324,0.247
1954+513,2015,6,298.9280763608,0.205,51.5301516688,0.142,-0.108
1954-388,2015,120,299.4992470158,0.207,-38.7517655423,0.209,0.1
1957-135,2015,2,300.1756054561,0.425,-13.4259809914,0.541,0.134
1958-179,2015,80,300.23787679,0.151,-17.8160201963,0.2,0.223
2000+148,2015,5,300.6749968694,0.136,15.0207151013,0.215,-0.015
2000+472,2015,43,300.5434094136,0.172,47.4246593017,0.133,0.033
2000-330,2015,1,300.85046929,4.309,-32.8625206831,6.393,-0.965
2002-375,2015,4,301.4794620932,0.302,-37.3948548806,0.499,-0.4
2005+403,2015,1,301.9372700631,0.771,40.4968340491,0.618,0.219
2008-159,2015,47,302.8154624221,0.134,-15.7778482172,0.16,0.097
2013+163,2015,35,304.057750408,0.223,16.54280929,0.206,0.009
2016-053,2015,1,304.7406838295,0.522,-5.1581656223,1.098,-0.294
2021+317,2015,1,305.8292231631,2.306,31.8839409403,4.801,0.775
2021+614,2015,1,305.5278214477,13.099,61.6163353426,1.704,0.716
2022-077,2015,1,306.419418385,0.124,-7.5979694922,0.289,-0.363
2023+335,2015,1,306.295165179,8.726,33.7167183537,6.552,0.921
2029+024,2015,4,307.94687958,0.332,2.6603564317,0.427,0.094
2029+121,2015,5,307.9791431742,0.079,12.3281502669,0.099,-0.147
2037+511,2015,95,309.6543114832,0.178,51.3201841119,0.12,-0.022
2046+429,2015,1,312.0813165269,16.046,43.1783502733,28.976,-0.592
2047-266,2015,1,312.6028908685,0.159,-26.4716836365,0.348,-0.218
2051+687,2015,1,313.0010281613,0.891,68.9710325167,0.175,0.155
2052+239,2015,1,313.6230538775,0.365,24.1260457985,0.462,0.334
2052-474,2015,135,314.0681659189,0.322,-47.2465632513,0.231,0.102
2053-044,2015,1,313.9594084974,0.319,-4.2797445744,0.507,0.165
2054-377,2015,1,314.4233481175,0.47,-37.5674970914,0.342,-0.357
2057+235,2015,1,315.02014447,0.32,23.7842794984,0.452,0.25
2059+034,2015,81,315.4118091404,0.168,3.6920334644,0.205,0.048
2106+143,2015,6,317.170967431,0.199,14.5075035936,0.149,0.032
2106-413,2015,2,317.3882860331,0.711,-41.1723900539,0.84,-0.378
2112+283,2015,1,318.7430567798,0.217,28.5492212882,0.276,-0.08
2113+293,2015,61,318.8725561812,0.188,29.5606574845,0.27,0.045
2121+053,2015,5,320.9354892315,0.101,5.5894701421,0.2,-0.077
2121+460,2015,1,320.8826184653,0.353,46.2397112173,0.316,0.137
2123-463,2015,2,321.6279349309,0.66,-46.0966375058,1.369,-0.174
2126-158,2015,56,322.3007329176,0.276,-15.6447338393,0.373,0.099
2127-096,2015,8,322.5795348261,0.206,-9.4603988467,0.241,-0.003
2128+048,2015,1,322.6369908842,1.76,5.0381866635,1.242,-0.728
2128-123,2015,28,322.8969240092,0.481,-12.1179988944,0.634,0.613
2131-021,2015,50,323.5429566233,0.137,-1.8881219312,0.274,0.116
2134+004,2015,3,324.1607769444,0.24,0.6983904956,0.333,-0.768
2135-184,2015,5,324.6746942847,2.389,-18.1789953877,3.035,-0.131
2136+141,2015,51,324.7554554256,0.378,14.3933310029,0.554,0.149
2141+175,2015,35,325.8981025592,0.151,17.7302187654,0.159,0.006
2141-334,2015,1,326.2132777988,1.654,-33.2153051494,7.773,0.089
2142+110,2015,6,326.3282296092,0.175,11.2575867858,0.252,-0.182
2142-758,2015,3,326.8030465569,1.847,-75.6036737392,0.308,-0.433
2143-156,2015,12,326.5957471184,0.478,-15.4288570615,0.374,0.183
2144+092,2015,13,326.792346049,0.184,9.4962978682,0.232,-0.151
2144-065,2015,1,326.8411749846,2.352,-6.3402223502,7.199,-0.94
2145+067,2015,50,327.0227444328,0.197,6.9607234106,0.344,0.204
2145+082,2015,8,326.9800806318,0.217,8.5033045236,0.435,0.197
2149+056,2015,22,327.9078149826,0.255,5.870265483,0.4,0.021
2149-307,2015,54,327.981349908,0.162,-30.464916163,0.189,0.112
2150+173,2015,7,328.1034141539,0.161,17.577165375,0.142,0.018
2152-699,2015,1,329.2749209474,2.146,-69.6899122777,0.538,0.285
2155+312,2015,17,329.370099659,0.192,31.4503754021,0.215,-0.086
2155-152,2015,1,329.5261746505,0.109,-15.0192578662,0.142,0.11
2155-304,2015,4,329.7169378808,0.206,-30.2255889202,0.421,-0.32
2200+420,2015,42,330.680380863,0.542,42.2777721178,0.956,-0.062
2201+315,2015,24,330.8123991566,0.989,31.76063062,1.312,0.056
2204-540,2015,5,331.9322221647,0.369,-53.7760614713,0.402,-0.052
2205+166,2015,3,331.9702737546,0.153,16.8716155442,0.229,-0.143
2208-137,2015,3,332.850414524,0.226,-13.4693680547,0.481,-0.063
2209+236,2015,21,333.024859775,0.149,23.9279287839,0.147,0.01
2214+350,2015,52,334.0833746056,0.204,35.3039388761,0.193,0.01
2215+150,2015,12,334.5454746499,0.134,15.3432548695,0.146,-0.006
2220-318,2015,4,335.8401324155,0.424,-31.6172523818,1.263,-0.017
2220-351,2015,3,335.7747106857,0.476,-34.9297719392,1.555,-0.404
2223-052,2015,93,336.4469138013,0.163,-4.9503862456,0.186,0.135
2223-114,2015,2,336.4321628838,5.82,-11.2279775168,15.645,-0.964
2227-088,2015,54,337.4170182026,0.112,-8.5484543667,0.138,0.014
2227-399,2015,1,337.6678272003,0.404,-39.7144631696,0.361,0.327
2229+695,2015,91,337.6519573519,0.335,69.774465833,0.118,-0.026
2230+114,2015,49,338.1517037885,0.15,11.7308067326,0.336,0.046
2232-488,2015,51,338.8051524021,0.236,-48.599665116,0.169,0.107
2234+282,2015,9,339.0936293992,0.143,28.4826152803,0.195,0.535
2235-556,2015,1,339.7751431383,2.188,-55.433169308,3.763,0.123
2236-572,2015,6,339.8003162835,0.373,-57.0168998101,0.257,-0.219
2237+121,2015,1,339.883183035,0.388,12.3734493309,0.596,0.289
2239+096,2015,8,340.4571556521,0.211,9.8979012176,0.184,0.015
2243+047,2015,2,341.4735588339,0.267,5.0158227689,0.518,0.192
2243-123,2015,37,341.5759663657,0.349,-12.1142441266,0.504,0.457
2244-372,2015,5,341.7663226396,0.363,-36.96286274,0.395,0.168
2245-091,2015,1,341.9674716163,2.264,-8.839415541,6.733,-0.921
2245-328,2015,3,342.1611905189,0.436,-32.5978298302,0.422,-0.232
2250+190,2015,9,343.2807048716,0.354,19.7096192066,0.51,0.037
2251+158,2015,3,343.4906163383,0.126,16.1482116475,0.187,0.065
2254+024,2015,2,344.3231791749,0.304,2.7215306512,0.382,-0.282
2254+074,2015,21,344.3220963532,0.139,7.7200840839,0.137,0.11
2255-282,2015,144,344.5248454188,0.283,-27.9725712586,0.294,0.451
2300-683,2015,26,345.9315193505,0.761,-68.1270676378,0.386,0.021
2305+187,2015,1,346.940108812,6.363,19.0223639053,8.108,-0.104
2307+106,2015,6,347.6188240671,0.362,10.9251935059,0.364,-0.166
2309+454,2015,39,347.9475375083,0.274,45.7322267935,0.202,-0.203
2312-505,2015,4,348.9347109784,0.355,-50.3110291385,0.591,-0.083
2314+038,2015,1,349.1466451007,0.871,4.0884166263,0.811,-0.163
2314-409,2015,8,349.1954993803,0.484,-40.6891907356,0.632,-0.018
2316+238,2015,1,349.6415323469,0.167,24.0777080853,0.261,-0.195
2317-372,2015,1,349.9731848707,0.666,-36.941184399,2.014,-0.452
2318+049,2015,36,350.1869027398,0.142,5.2305424267,0.154,0.004
2319+317,2015,57,350.4789833067,0.164,32.0687840326,0.155,0.001
2319+444,2015,4,350.584825415,0.242,44.7617646026,0.258,-0.011
2324+151,2015,1,351.8415252113,0.169,15.4103642374,0.264,-0.13
2325+093,2015,11,351.8899190448,0.177,9.6692951678,0.189,0.05
2326-477,2015,4,352.3237684706,0.313,-47.5053098412,0.449,0.276
2328+107,2015,1,352.6702178087,0.186,11.0051976709,0.177,0.101
2329+451,2015,1,352.954025916,0.405,45.3802783793,0.4,0.122
2329-384,2015,19,352.9978175199,0.395,-38.1965695921,0.413,0.253
2329-415,2015,6,353.0793676846,0.541,-41.3104399904,0.657,0.195
2331-240,2015,1,353.4801578826,0.627,-23.727960804,0.213,0.186
2333-415,2015,3,354.1416047747,0.448,-41.2561060478,0.631,-0.186
2335-027,2015,22,354.4889130793,0.211,-2.5160080489,0.207,0.068
2336+598,2015,1,354.838021865,0.589,60.1699582585,0.301,-0.135
2337+264,2015,1,355.1209566067,0.179,26.6991121116,0.173,-0.071
2344+092,2015,1,356.6534941721,0.088,9.5126431124,0.088,0.223
2344-514,2015,1,356.8327670804,0.422,-51.1766858541,2.444,0.513
2346-049,2015,1,357.2923750334,0.649,-4.6342778214,1.33,-0.465
2351-154,2015,7,358.625813163,0.173,-15.219781441,0.198,-0.158
2352+495,2015,2,358.7894093526,0.344,49.8356497719,0.365,0.115
2353+816,2015,9,359.0949743487,1.427,81.8811820163,0.23,0.086
2353-686,2015,8,359.0028392302,0.54,-68.3342978913,0.241,-0.003
2355+490,2015,1,359.5408896791,0.67,49.3621776002,0.421,0.156
2355-106,2015,52,359.5453435475,0.166,-10.3357253697,0.173,0.077
2355-534,2015,8,359.4719420736,0.471,-53.1871359051,0.285,0.087
2356+385,2015,35,359.8882534008,0.299,38.8450884474,0.338,-0.076
2357-318,2015,16,359.8978818009,0.573,-31.5621735489,0.409,-0.04
2358+189,2015,8,0.2859233576,0.146,19.2427225991,0.24,-0.007
