iers_name,year,num_ses,ra,ra_err,dec,dec_err,ra_dec_corr
0002-478,2016,4,1.1485642325,0.368,-47.6054455448,1.314,0.375
0003+158,2016,1,1.4968238268,0.23,16.1636169956,0.271,0.147
0003-066,2016,41,1.5578870735,0.163,-6.3931488563,0.187,-0.068
0006+061,2016,1,2.2663825466,0.201,6.4725666932,0.324,0.103
0007+106,2016,4,2.629191145,0.205,10.9748630483,0.319,0.014
0008-264,2016,39,2.7551947533,0.38,-26.2092715611,0.324,0.048
0009+081,2016,1,2.8969565008,0.177,8.3987739342,0.248,0.178
0010+405,2016,8,3.3797092022,0.144,40.860318008,0.167,-0.053
0010-401,2016,1,3.2496247275,0.512,-39.9072368231,1.043,0.736
0013-005,2016,2,4.0462031299,0.375,-0.2534570634,0.488,0.13
0014+813,2016,2,4.2853116653,0.998,81.5855932828,0.154,0.087
0015+145,2016,1,4.4037659601,0.291,14.8505222113,0.433,0.234
0015-054,2016,3,4.3992360662,0.861,-5.2115998591,0.582,0.182
0016+731,2016,49,4.9407768726,0.452,73.4583381765,0.149,0.002
0017+200,2016,64,4.9077270897,0.139,20.3626789639,0.177,0.022
0017+257,2016,1,4.915752452,0.103,26.0478548416,0.145,-0.102
0019+058,2016,35,5.6351715101,0.251,6.1345192563,0.3,0.083
0021+243,2016,1,6.1138771993,0.216,24.6572859829,0.36,0.21
0025+197,2016,2,7.1242441323,0.281,20.0074274544,0.688,-0.376
0026+346,2016,2,7.3093435739,0.366,34.9422909413,0.279,0.13
0035+413,2016,4,9.6035147496,0.313,41.6183332552,0.337,0.384
0035-252,2016,2,9.5613979065,0.122,-24.9839542553,0.246,-0.301
0038-020,2016,1,10.2400482748,0.176,-1.7755627651,0.346,0.31
0044+030,2016,1,11.7746613986,0.141,3.331884772,0.32,0.055
0047+023,2016,4,12.4301497584,0.118,2.6177163057,0.216,0.028
0048-097,2016,25,12.672156014,0.289,-9.4847806914,0.304,-0.016
0048-427,2016,11,12.7895907518,0.373,-42.4425819672,0.666,0.167
0054+161,2016,12,14.2303931272,0.191,16.4203726669,0.26,0.015
0055+300,2016,1,14.4536799932,0.316,30.3524475026,0.292,-0.178
0055-059,2016,20,14.5211096083,0.218,-5.6645216293,0.411,-0.085
0059+581,2016,78,15.6906766042,0.2,58.4030935075,0.115,0.07
0100-760,2016,2,15.5777550418,4.002,-75.7810386817,1.072,0.34
0103+057,2016,1,16.4965412441,0.641,6.0164757114,1.514,0.207
0104-408,2016,87,16.6879498659,0.307,-40.5722112204,0.28,0.02
0106+013,2016,7,17.1615465405,0.196,1.5834215481,0.331,0.131
0107-610,2016,3,17.3144800403,0.647,-60.8301278122,0.734,0.559
0108+388,2016,1,17.9054863438,0.402,39.107807408,0.376,0.086
0109+200,2016,1,18.0424617046,0.121,20.3393787207,0.213,0.106
0109+224,2016,5,18.0242684015,0.418,22.7441070082,0.491,0.289
0110+495,2016,6,18.3625278809,0.258,49.8066789604,0.233,-0.224
0111+021,2016,9,18.4297707795,0.425,2.3714773252,1.046,0.087
0112-017,2016,3,18.8212499703,0.575,-1.4512714428,0.662,0.01
0113-118,2016,3,19.0521747754,0.34,-11.6042876607,0.472,0.008
0115-214,2016,40,19.4532504367,0.268,-21.1851759459,0.393,-0.109
0116-219,2016,6,19.7385926521,0.181,-21.6917058726,0.248,0.117
0119+041,2016,39,20.4869236047,0.276,4.3735375239,0.478,0.068
0119+115,2016,52,20.4233127507,0.18,11.8306702361,0.371,0.126
0119+247,2016,1,20.6617332813,0.115,25.0421646252,0.187,0.086
0127+084,2016,1,22.6151434518,0.147,8.7128254579,0.271,-0.079
0130-083,2016,1,23.1713585548,0.236,-8.0680101241,0.423,-0.216
0131-522,2016,56,23.2740104615,0.463,-52.0010960155,0.312,0.009
0133+476,2016,49,24.2441450951,0.197,47.8580834384,0.178,-0.029
0134+311,2016,37,24.2863901369,0.262,31.376626497,0.298,0.194
0134+329,2016,1,24.4220816263,2.197,33.1597518601,8.316,-0.391
0137+012,2016,2,24.9887738918,0.529,1.5294827803,0.513,-0.485
0138-097,2016,7,25.3576341299,0.164,-9.4787979805,0.145,0.1
0145+210,2016,1,26.9742620038,0.294,21.2610350784,0.48,0.366
0149+218,2016,7,28.0752459794,0.189,22.1188054296,0.176,-0.011
0151+474,2016,24,28.7345414617,0.279,47.72403906,0.222,0.065
0155-549,2016,1,29.2071340464,1.724,-54.6634722095,1.07,0.666
0159+723,2016,4,30.8891033857,0.593,72.5482406978,0.17,-0.02
0201+113,2016,22,30.9444045312,0.298,11.5792803811,0.461,-0.138
0202+149,2016,4,31.2100575435,0.214,15.2364009158,0.175,-0.021
0202+319,2016,94,31.2705223964,0.133,32.2083598019,0.138,0.065
0202-172,2016,1,31.2403193372,2.457,-17.022184275,1.183,-0.393
0203-120,2016,1,31.6086864396,0.108,-11.8443678167,0.229,-0.149
0206+136,2016,7,32.3999930658,0.102,13.8668754582,0.134,-0.01
0208-512,2016,6,32.6925020257,0.407,-51.0171919624,0.21,-0.029
0211+171,2016,2,33.687136651,0.281,17.3804199295,0.428,0.114
0212+735,2016,7,34.3783886311,0.385,73.8257281101,0.103,-0.022
0212-620,2016,1,33.5675184311,0.831,-61.8260158058,0.335,0.162
0213-026,2016,1,33.9250720704,0.081,-2.3824311938,0.162,-0.04
0215+015,2016,16,34.4539782288,0.241,1.7471385998,0.298,0.13
0221+067,2016,9,36.1184508779,0.147,6.9898171817,0.221,-0.027
0224+671,2016,1,37.2085310148,3.904,67.3508477618,0.982,-0.275
0226-559,2016,4,37.0899930366,0.672,-55.76757768,0.404,0.007
0227-369,2016,7,37.3685378332,0.211,-36.7324503824,0.425,0.046
0229+131,2016,70,37.9412252071,0.148,13.3818655571,0.167,0.028
0229+200,2016,1,38.202562695,5.278,20.2881911669,10.193,-0.698
0230-790,2016,4,37.3956124242,1.852,-78.7960002689,0.249,0.381
0232-042,2016,1,38.7805906048,0.194,-4.0348102317,0.399,-0.157
0234+285,2016,11,39.4683573972,0.309,28.8024973393,0.445,0.081
0234-301,2016,3,39.129872755,0.348,-29.8987628722,0.278,-0.03
0235+164,2016,9,39.6622087377,0.195,16.6164652716,0.248,-0.068
0235+205,2016,1,39.4609529178,0.924,20.7717923007,1.572,0.409
0235-618,2016,2,39.2218568319,1.219,-61.6042168799,0.927,0.66
0237+040,2016,4,39.9635959659,0.16,4.2726138885,0.224,-0.082
0237-027,2016,60,39.939467775,0.152,-2.578031901,0.207,0.001
0238-084,2016,5,40.2699939905,0.305,-8.2557647511,0.325,0.063
0239+175,2016,3,40.6011177707,0.127,17.7163470697,0.211,0.15
0241+622,2016,7,41.2404030063,0.81,62.4684767995,0.269,-0.067
0241-564,2016,1,40.8605237192,3.431,-56.2117908518,1.361,0.389
0244-452,2016,1,41.4754621249,1.72,-44.9943389299,1.378,-0.158
0244-470,2016,1,41.5004918953,0.443,-46.8547859851,0.305,0.251
0245-167,2016,1,42.0322176248,0.152,-16.5295514963,0.37,-0.129
0250+320,2016,1,43.3902089095,0.215,32.2891366958,0.227,0.255
0250-122,2016,1,43.3486847942,0.312,-12.0077781157,0.67,-0.498
0254-334,2016,2,44.1775114589,0.824,-33.2559098681,1.003,0.384
0256+192,2016,1,44.8735664133,0.173,19.4289796827,0.294,-0.284
0256-005,2016,26,44.8688171829,0.239,-0.3333264872,0.299,-0.063
0259+121,2016,1,45.6272777662,1.061,12.3157643894,0.986,-0.459
0300+470,2016,4,45.8968423994,0.242,47.2711873922,0.199,-0.12
0302+625,2016,5,46.6777487001,0.558,62.7172290859,0.327,-0.211
0302-623,2016,5,45.9609643839,0.589,-62.1904305858,0.331,0.714
0306+102,2016,6,47.2650976472,0.154,10.4878727531,0.208,0.05
0307+380,2016,12,47.7078330731,0.192,38.2482881805,0.216,0.048
0308-611,2016,95,47.48374645,0.458,-60.9775156242,0.235,0.022
0309+411,2016,3,48.258175138,0.357,41.333662708,0.533,-0.489
0312+100,2016,4,48.8380821656,0.533,10.2119679511,0.481,-0.105
0316+413,2016,4,49.9506648648,0.662,41.5116970753,0.625,-0.266
0316-444,2016,1,49.4903304868,1.626,-44.2381017658,3.216,0.893
0317+188,2016,1,49.9635691602,0.416,19.0253591254,0.582,-0.726
0322+222,2016,59,51.4033931943,0.15,22.4001015234,0.185,0.024
0324-328,2016,1,51.5626901798,0.885,-32.7236214707,2.272,0.405
0325+395,2016,8,52.2096336017,0.245,39.6790462115,0.198,0.067
0332+078,2016,23,53.7221526707,0.328,8.0040052651,0.491,0.122
0332-403,2016,97,53.556893699,0.241,-40.1403883943,0.217,0.004
0333+321,2016,1,54.1254799476,4.273,32.3081330321,3.198,-0.742
0334-546,2016,3,53.9746870458,0.692,-54.5069768919,1.12,0.834
0335-364,2016,2,54.2250976503,0.82,-36.2683955474,0.476,-0.259
0336-019,2016,70,54.8789074975,0.158,-1.7766122956,0.214,0.079
0338-214,2016,26,55.1483661942,0.285,-21.3253255655,0.379,0.042
0340+362,2016,11,55.8706350959,0.303,36.3701192442,0.353,0.15
0341+158,2016,2,56.0965505002,0.132,15.9953800466,0.227,-0.262
0342+147,2016,5,56.2767354102,0.235,14.897099334,0.388,0.107
0345+460,2016,26,57.3280899602,0.165,46.1665715259,0.136,-0.029
0346+800,2016,1,58.69219205,1.184,80.1580131261,0.193,0.053
0346-279,2016,8,57.1589356519,0.376,-27.8204336281,0.289,-0.071
0347-211,2016,24,57.490944468,0.229,-21.0465949084,0.243,-0.067
0348-120,2016,3,57.7957309069,0.594,-11.8896288934,0.52,-0.045
0350+465,2016,1,58.6250485729,0.197,46.7218749534,0.138,0.057
0354+231,2016,1,59.340041251,0.139,23.3316180905,0.256,-0.259
0355+508,2016,65,59.873946905,0.894,50.9639337125,0.568,-0.035
0358+210,2016,5,60.438191912,0.181,21.1746074664,0.227,-0.511
0400+258,2016,1,60.7732806974,1.406,26.0004115535,1.829,0.081
0400-319,2016,2,60.5886073909,0.366,-31.7905404721,0.265,-0.483
0402-362,2016,19,60.9739576865,0.335,-36.0838645847,0.312,0.034
0403-132,2016,21,61.3916807471,0.248,-13.1371363045,0.326,0.169
0404+065,2016,1,61.9077905945,0.232,6.6345910432,0.47,-0.387
0405+304,2016,1,62.0849124415,7.421,30.5418083615,2.751,0.12
0405-331,2016,1,61.8913075229,0.373,-33.0628768104,0.8,0.701
0405-385,2016,11,61.7459806987,0.266,-38.4411218258,0.343,0.16
0406-127,2016,8,62.2740404641,0.206,-12.646706635,0.403,0.087
0409+229,2016,1,63.1819460917,0.379,23.0848467433,0.592,-0.066
0410+110,2016,4,63.4180869683,0.387,11.2041070533,0.566,-0.273
0414-189,2016,9,64.1522687553,0.288,-18.8523174512,0.351,-0.208
0415+398,2016,15,64.8439560923,0.317,39.9247160347,0.263,-0.206
0420+022,2016,19,65.7175610505,0.185,2.3241471363,0.262,-0.036
0420+417,2016,1,65.9833786054,3.612,41.834081631,1.823,0.251
0420-014,2016,51,65.8158363719,0.116,-1.3425183206,0.156,0.012
0422+004,2016,13,66.1951749606,0.236,0.6017587157,0.262,-0.162
0422-380,2016,8,66.1760154175,0.343,-37.9391066366,0.389,0.075
0423+233,2016,3,66.7322283462,0.134,23.4610092322,0.145,-0.231
0425+048,2016,1,66.9482104593,0.169,4.9523129663,0.359,-0.448
0426+181,2016,1,67.3714729668,1.054,18.2644940018,1.704,0.349
0426+273,2016,5,67.4706699273,0.158,27.4105209642,0.24,0.099
0430+052,2016,7,68.296231455,0.139,5.3543388444,0.159,0.035
0430+289,2016,27,68.4076244665,0.28,29.0987432608,0.374,-0.041
0430-332,2016,1,68.1856846544,0.515,-33.1533137319,1.209,0.733
0432-606,2016,1,68.3921185019,1.197,-60.5038249419,0.521,0.095
0434-188,2016,17,69.2561781171,0.364,-18.7468361433,1.049,-0.23
0436-129,2016,6,69.6459208184,0.235,-12.8509332304,0.393,0.492
0437-454,2016,10,69.7535611045,0.453,-45.3729344337,0.445,0.077
0438-436,2016,5,70.0715838439,0.741,-43.5523901125,0.515,-0.181
0440+345,2016,5,70.88181324,0.162,34.6851845199,0.175,0.071
0440-003,2016,9,70.6610863706,0.265,-0.2953945451,0.315,0.139
0442+389,2016,1,71.547887289,1.71,39.0047518422,1.321,0.381
0444+634,2016,3,72.3471270104,0.345,63.5359541063,0.136,0.031
0446+074,2016,1,72.3382109776,0.217,7.4863044087,0.343,0.182
0446+112,2016,23,72.2819631544,0.252,11.3579434962,0.304,-0.117
0447+227,2016,1,72.716436264,0.147,22.8183052006,0.274,-0.232
0447-010,2016,3,72.428768558,0.673,-0.9562086453,0.6,0.096
0450+013,2016,1,73.2593276132,0.148,1.4765635576,0.244,0.097
0451-282,2016,6,73.3110282667,0.179,-28.1270353331,0.217,-0.087
0454+844,2016,30,77.176512609,3.361,84.5345957034,0.397,-0.096
0454-234,2016,84,74.2632468149,0.166,-23.4144501105,0.195,0.019
0454-463,2016,21,73.9615519875,0.444,-46.2662998585,0.273,0.054
0454-810,2016,6,72.5226700985,1.764,-81.0172865855,0.286,0.591
0458+138,2016,1,75.4386305607,0.313,13.9353378382,0.449,-0.048
0458-020,2016,74,75.3033745928,0.147,-1.9872933867,0.198,-0.012
0459+060,2016,1,75.5643576901,0.517,6.1520813694,0.36,0.04
0459+135,2016,4,75.6384144955,0.188,13.6363776002,0.225,0.063
0459+252,2016,1,75.7436448671,0.148,25.2736879071,0.259,-0.074
0500+019,2016,1,75.8383215637,0.089,2.0512992782,0.177,-0.059
0506+101,2016,19,77.3644043495,0.272,10.1957224214,0.337,-0.278
0506-612,2016,6,76.6832860917,0.975,-61.1613870704,0.569,0.57
0507+179,2016,3,77.5098714157,0.223,18.0115510012,0.562,0.535
0508+138,2016,1,77.909665772,0.556,13.9553312267,0.316,0.539
0509+011,2016,3,77.9900487888,0.69,1.1803999624,0.591,0.033
0510+559,2016,1,78.5779148103,0.347,56.0364036286,0.198,0.234
0511-220,2016,4,78.4546429992,0.154,-21.9878032763,0.269,0.01
0515+208,2016,5,79.515935438,0.156,20.9145827207,0.345,-0.099
0516-621,2016,5,79.1871923563,0.835,-62.1181638171,0.514,0.875
0518+211,2016,1,80.4415340983,1.047,21.214273533,2.071,-0.259
0521+793,2016,1,82.5331152828,2.358,79.3483707843,0.457,0.282
0521-365,2016,6,80.7416029873,0.411,-36.4585694916,0.367,-0.207
0522-611,2016,7,80.6434395627,1.153,-61.1325369704,0.862,0.636
0524+034,2016,8,81.8862723044,0.205,3.5254228013,0.33,0.157
0524-485,2016,6,81.569463928,0.496,-48.5102196698,1.548,0.424
0527-053,2016,1,82.4730562643,0.141,-5.3282268014,0.296,-0.254
0528+134,2016,7,82.7350698304,0.459,13.5319859713,0.768,0.661
0528-250,2016,4,82.5331782554,0.4,-25.0583053219,0.534,-0.051
0529+075,2016,2,83.1624976723,2.556,7.5453723243,2.056,-0.486
0529+483,2016,52,83.316107416,0.202,48.3813354986,0.147,-0.055
0530-727,2016,20,82.3751760639,1.255,-72.7579183833,0.526,-0.015
0532+255,2016,1,83.9581116233,1.109,25.5373687857,1.327,0.127
0534-340,2016,9,84.118468166,0.371,-34.0198534131,0.649,0.519
0534-611,2016,3,83.6490522101,0.866,-61.1019651705,1.051,0.849
0536+145,2016,14,84.926524762,0.205,14.5626566281,0.325,0.066
0537-286,2016,39,84.9761730014,0.246,-28.6655412333,0.265,0.084
0537-441,2016,107,84.7098399059,0.275,-44.0858163309,0.218,0.069
0544+273,2016,21,86.8922870825,0.175,27.365789601,0.22,0.007
0548+377,2016,1,87.9945904464,0.212,37.8520651604,0.189,0.045
0548+378,2016,10,88.0747370137,0.333,37.9070229872,0.47,-0.335
0549-575,2016,4,87.5399177697,0.669,-57.5401103657,1.213,0.851
0550-453,2016,2,88.0418324307,2.655,-45.3735196606,1.425,0.323
0552+398,2016,59,88.8783567485,0.176,39.8136568371,0.163,-0.07
0556+238,2016,38,89.8834713799,0.213,23.8983127413,0.337,0.135
0600+177,2016,6,90.788042622,0.185,17.7046693381,0.333,0.169
0601+245,2016,1,91.2296734237,1.063,24.49862174,0.257,0.02
0602+673,2016,56,91.9694654218,0.4,67.3487250597,0.171,-0.169
0603+882,2016,1,100.5255620248,6.668,88.1986159714,0.326,-0.105
0605-085,2016,2,91.9987217568,24.504,-8.5805770088,42.178,0.484
0606-223,2016,24,92.2486950575,0.246,-22.339154815,0.313,-0.043
0607-157,2016,7,92.4206231848,0.183,-15.7112977668,0.219,0.157
0610+260,2016,3,93.4589138984,0.525,26.0768666641,1.558,0.652
0613+570,2016,20,94.3205109795,0.398,57.0212285557,0.197,-0.046
0615+820,2016,1,96.5125646346,37.355,82.0404336381,0.922,-0.589
0621+446,2016,1,96.3261055265,0.31,44.6671184002,0.246,0.275
0621-786,2016,1,94.625658954,5.053,-78.7172609017,1.189,-0.6
0622-645,2016,2,95.782067785,2.604,-64.6057537743,0.989,-0.13
0627-199,2016,29,97.3490077101,0.222,-19.9888120959,0.287,0.095
0632-235,2016,5,98.7458371612,0.537,-23.5866549463,0.386,0.06
0636+680,2016,5,100.5177384827,0.418,67.9765614226,0.223,-0.105
0637-752,2016,5,98.9437820345,1.041,-75.27133743,0.177,-0.077
0639+352,2016,1,100.7422483007,0.169,35.1551050869,0.197,-0.213
0639-032,2016,1,100.463053816,0.131,-3.3468283869,0.244,-0.341
0641+392,2016,37,101.2237899051,0.375,39.246537181,0.387,0.155
0642+214,2016,1,101.3504150007,0.238,21.3642224489,0.254,-0.023
0642+449,2016,35,101.6334415766,0.188,44.8546082671,0.154,-0.05
0646-306,2016,28,102.0587353233,0.253,-30.7387944331,0.23,-0.073
0648-165,2016,26,102.602424457,0.184,-16.6277014602,0.204,0.053
0650+239,2016,1,103.3524437425,2.722,23.8904861049,5.992,-0.673
0650+371,2016,1,103.4928453765,0.323,37.0946137092,0.481,-0.062
0656+082,2016,64,104.8249834186,0.231,8.225264734,0.475,-0.215
0657+172,2016,41,105.0063566262,0.134,17.1560280941,0.161,-0.052
0700-197,2016,31,105.6787529653,0.203,-19.8561209801,0.251,0.018
0707+476,2016,5,107.6921036103,0.223,47.5364286527,0.194,0.143
0711+356,2016,4,108.6034069573,0.652,35.5777203972,0.735,0.313
0714+457,2016,9,109.4660520952,0.675,45.6342388224,0.565,-0.221
0716+332,2016,1,109.8309152069,0.198,33.1193639876,0.366,-0.515
0716+714,2016,42,110.4727022532,0.499,71.3434342827,0.141,-0.073
0718+792,2016,41,111.5488968772,0.618,79.191948898,0.121,-0.061
0721-071,2016,1,111.0720525329,0.14,-7.2556534568,0.245,-0.242
0722+145,2016,7,111.3200325195,0.148,14.4204852088,0.185,0.099
0723+219,2016,22,111.5594197469,0.188,21.8889205395,0.263,0.145
0723-008,2016,8,111.4609997875,0.179,-0.9157062094,0.282,0.122
0725+219,2016,1,112.0858678172,0.198,21.8851083768,0.25,-0.272
0727-115,2016,102,112.5796352921,0.14,-11.686833548,0.193,0.005
0728+281,2016,1,112.9697057269,0.952,28.0758175533,1.73,-0.308
0729+259,2016,8,113.2344801582,0.192,25.8107765052,0.287,0.012
0731+050,2016,1,113.4894161837,0.126,4.937360138,0.228,-0.057
0732+237,2016,1,113.9996743005,12.303,23.6840981619,55.802,-0.862
0736+017,2016,23,114.8251413649,0.204,1.6179494876,0.31,0.299
0738+313,2016,8,115.2945968503,0.431,31.2000639611,0.788,0.357
0738+491,2016,17,115.5114539118,0.185,49.0043358144,0.139,-0.114
0742+263,2016,1,116.2746771652,0.15,26.2360474998,0.189,-0.122
0743+182,2016,1,116.5690647986,33.208,18.1223417629,89.897,-0.038
0743+259,2016,5,116.6078092323,0.223,25.8172591512,0.362,0.152
0743+277,2016,16,116.6684681889,0.146,27.5830685067,0.135,-0.066
0743-006,2016,6,116.4753435114,0.109,-0.7382057382,0.165,0.155
0745+241,2016,5,117.1504554041,0.146,24.006697208,0.173,-0.144
0746+483,2016,1,117.5851513992,0.226,48.2482102341,0.159,-0.119
0747+185,2016,5,117.501374917,0.262,18.3865011338,0.475,-0.026
0747+194,2016,1,117.6663761038,0.879,19.3298178502,1.49,-0.11
0748+126,2016,50,117.7168573699,0.116,12.5180077638,0.164,0.019
0749+540,2016,30,118.2557693057,0.304,53.8832323545,0.2,0.128
0751+393,2016,1,118.6544549301,1.822,39.1799442948,2.136,-0.732
0752+258,2016,1,118.9043029309,0.316,25.7108395503,0.62,0.002
0757+477,2016,1,120.3831903885,0.576,47.6044619018,0.388,-0.089
0758-737,2016,3,119.3086527969,2.14,-73.885936095,0.474,-0.165
0759+183,2016,11,120.700133191,0.192,18.1636797951,0.252,-0.006
0759+779,2016,1,121.6558612291,1.488,77.7686854482,0.14,-0.217
0800+618,2016,49,121.3257481077,0.39,61.7399168393,0.213,0.041
0804+499,2016,24,122.1652763834,0.245,49.843480704,0.178,-0.187
0805+046,2016,4,121.9897437771,0.168,4.5429252433,0.267,0.052
0805+410,2016,11,122.2360502423,0.23,40.879135578,0.254,-0.113
0805-077,2016,7,122.0647332355,0.337,-7.8527462135,0.446,0.175
0807+083,2016,1,122.672359691,0.445,8.1667542027,0.894,0.115
0808+019,2016,62,122.8612805747,0.146,1.7811722017,0.185,-0.055
0810+812,2016,1,124.8512599903,8.531,81.0925460402,0.651,0.072
0812+020,2016,7,123.845670025,0.172,1.9165225469,0.251,-0.09
0812+367,2016,6,123.8581032863,0.146,36.5875411875,0.151,0.01
0813+758,2016,1,124.9604956125,5.364,75.6443232496,0.483,-0.181
0814+425,2016,27,124.5666650674,0.196,42.3792819197,0.181,-0.066
0820-578,2016,1,125.3355310265,4.0,-58.0052085912,1.462,-0.21
0821+394,2016,41,126.2311828357,0.158,39.2783065849,0.146,-0.037
0821+621,2016,1,126.4108840962,0.263,61.957938454,0.112,0.059
0823+033,2016,43,126.4597431383,0.187,3.1568114452,0.399,0.266
0823-223,2016,9,126.5065535096,0.742,-22.5075568174,0.706,-0.237
0827+243,2016,25,127.717025814,0.171,24.1832834578,0.191,0.01
0828+065,2016,1,127.7339993373,0.39,6.4035761971,0.649,-0.183
0833+585,2016,3,129.3433732861,1.361,58.4171806817,0.905,0.022
0834+250,2016,4,129.4176900819,0.256,24.9064222686,0.311,-0.069
0834-201,2016,88,129.1633968859,0.243,-20.2831956077,0.299,0.113
0836+710,2016,2,130.3515205802,1.832,70.8950502555,0.948,0.434
0838+133,2016,1,130.1982850541,0.132,13.2065454687,0.206,0.087
0838+456,2016,1,130.5639657848,0.275,45.4289392373,0.211,-0.099
0838-090,2016,1,130.1986016461,0.404,-9.1804417171,0.745,0.447
0844+068,2016,1,131.7083677908,2.232,6.696939456,3.053,0.75
0844-652,2016,2,131.2972320238,2.306,-65.4564357907,1.168,0.222
0847-120,2016,22,132.540148443,0.201,-12.2264933229,0.231,0.055
0850+284,2016,1,133.3242850323,0.133,28.2305547465,0.227,-0.066
0851+202,2016,109,133.7036456187,0.121,20.1085113376,0.156,0.062
0854-108,2016,14,134.174183886,0.3,-11.0873416892,0.353,-0.1
0901+237,2016,1,136.1847395261,0.368,23.5650279956,0.52,0.308
0902+210,2016,1,136.3097382423,1.155,20.8703640319,1.882,0.015
0903+500,2016,1,136.7146084479,0.554,49.8766526187,0.374,-0.034
0906+015,2016,1,137.2920482484,0.117,1.3598938026,0.195,-0.175
0906+163,2016,1,137.2330267841,1.321,16.16519825,2.228,0.074
0907+230,2016,1,137.6755540462,0.948,22.8098850816,1.749,-0.098
0912+029,2016,68,138.6579726696,0.295,2.766457637,0.641,0.227
0912+297,2016,2,138.9683396865,0.853,29.556678778,1.192,0.076
0917+624,2016,2,140.4009620434,1.365,62.2644959677,1.301,0.19
0918-534,2016,1,139.9334961488,0.581,-53.668457439,0.36,-0.064
0919-260,2016,5,140.3723076713,0.246,-26.3120518191,0.316,0.077
0920+390,2016,9,140.8102203661,0.192,38.8277528434,0.232,-0.026
0920-397,2016,67,140.6934094556,0.361,-39.9930747592,0.528,0.013
0923+392,2016,7,141.7625583277,0.646,39.0391288347,1.261,0.122
0925-203,2016,29,141.965934756,0.283,-20.5808981258,0.398,-0.134
0933+503,2016,1,144.3013642002,0.187,50.1478048674,0.138,-0.191
0936-069,2016,1,144.7337677577,0.144,-7.1335048484,0.251,-0.042
0938-133,2016,1,145.260622722,0.169,-13.5974954273,0.307,-0.035
0943+105,2016,7,146.6461248152,0.147,10.2850373761,0.254,0.003
0946+181,2016,1,147.4156818207,2.265,17.8803742061,2.513,0.26
0948+658,2016,1,148.1341349897,5.665,65.633671633,1.65,0.105
0949+354,2016,2,148.1334430154,0.3,35.2145563765,0.364,-0.08
0950+326,2016,1,148.3664857645,0.118,32.4309780088,0.187,-0.13
0951+268,2016,14,148.6658189432,0.197,26.656817655,0.216,-0.178
0952+338,2016,1,148.9080792645,0.21,33.5844284366,0.375,0.079
0953+254,2016,5,149.2078140849,0.395,25.2544585447,0.381,0.39
0954+658,2016,9,149.6968545793,0.262,65.565227278,0.134,-0.097
0955+326,2016,5,149.5872894262,0.358,32.4006138236,0.432,-0.16
0955+476,2016,76,149.5819653214,0.246,47.4188451885,0.19,-0.035
0958+346,2016,11,150.29978851,0.236,34.4140166733,0.383,0.205
0959+684,2016,1,150.778192969,2.136,68.2213367598,0.634,-0.424
1004-217,2016,2,151.6933902806,0.165,-21.9890025935,0.334,-0.324
1004-500,2016,8,151.5583721633,0.393,-50.3037424589,0.65,-0.048
1005+073,2016,1,151.9575652345,0.706,7.1433173062,1.682,-0.078
1012+232,2016,2,153.6961064439,0.233,23.0212699531,0.653,-0.01
1013+054,2016,3,154.0130686883,0.144,5.2173186178,0.234,0.05
1013+127,2016,4,153.9334310387,0.217,12.4519637761,0.412,0.15
1014+615,2016,4,154.3578650423,0.399,61.2743047069,0.143,-0.15
1015+057,2016,9,154.6160346626,0.963,5.508322724,0.745,0.28
1015+359,2016,8,154.5457838148,0.266,35.7109558588,0.39,-0.063
1021-006,2016,3,156.1232780538,0.309,-0.8820821432,0.613,0.653
1022+194,2016,8,156.1867064893,0.284,19.2056711528,0.365,0.085
1022-665,2016,5,155.931388805,0.669,-66.780199056,0.398,0.159
1027-186,2016,15,157.3879072423,0.354,-18.8806356221,0.425,-0.221
1030+074,2016,4,158.3917677154,0.132,7.1905964406,0.264,-0.161
1030+415,2016,36,158.2654494014,0.13,41.2683979739,0.129,-0.06
1031+567,2016,2,158.7793331208,0.526,56.4796654091,0.286,0.359
1034-293,2016,55,159.3169992489,0.468,-29.56744807,0.359,-0.107
1034-374,2016,6,159.2226650158,0.332,-37.7375188139,0.582,0.066
1038+064,2016,1,160.321516786,3.265,6.1713775201,4.684,0.967
1038+528,2016,6,160.4449235032,0.181,52.5578422986,0.138,0.022
1038+529,2016,1,160.4537404974,1.137,52.5654466654,0.559,-0.646
1039+811,2016,24,161.096093321,0.849,80.9109564657,0.125,-0.084
1040+244,2016,21,160.7876488918,0.165,24.1431693177,0.226,0.025
1042+071,2016,3,161.2329632962,0.161,6.9272950834,0.301,-0.399
1044+719,2016,3,162.1150829144,0.4,71.7266498493,0.144,-0.129
1045+019,2016,3,162.0952851288,0.83,1.6967004294,0.629,-0.064
1045-188,2016,5,162.0275857321,0.21,-19.1599244026,0.351,0.114
1046-409,2016,2,162.1594628755,1.078,-41.2333648427,2.76,0.103
1047+048,2016,1,162.5419400735,0.886,4.5469636869,1.739,0.075
1049+215,2016,1,162.9532883031,0.586,21.3311981892,0.984,0.682
1052+023,2016,1,163.8219684445,0.265,2.0958063684,0.403,0.276
1053+704,2016,19,164.2234064175,0.843,70.1960877351,0.322,-0.157
1053+815,2016,8,164.5480694788,1.858,81.2424095799,0.283,0.246
1055+018,2016,11,164.6233546681,0.181,1.566340422,0.21,0.169
1057-797,2016,115,164.6804573618,1.097,-80.0650444019,0.195,0.01
1059+282,2016,7,165.5595354185,0.101,27.9524137543,0.121,-0.002
1100+122,2016,3,165.76470762,0.104,11.9712846271,0.194,0.583
1101+384,2016,28,166.1138081272,0.297,38.2088331196,0.271,0.028
1101-536,2016,3,165.9675904778,0.429,-53.9501935652,1.698,0.003
1104+728,2016,6,166.9238431399,0.771,72.5433348788,0.227,-0.022
1104-445,2016,70,166.7862256282,0.48,-44.8187829248,0.318,-0.032
1111+149,2016,26,168.4945626353,0.228,14.707486629,0.399,-0.054
1119-069,2016,1,170.4255122292,0.142,-7.1850950005,0.28,0.084
1121+518,2016,1,171.05486148,2.777,51.5637100681,0.923,-0.132
1123+002,2016,1,171.4262076736,0.876,0.0170554023,3.025,0.259
1123+264,2016,34,171.473799606,0.166,26.1722163417,0.195,0.041
1124-186,2016,83,171.7683019088,0.191,-18.9548450115,0.257,0.04
1125+366,2016,2,171.9952953118,0.45,36.3412096394,0.456,-0.079
1127+078,2016,1,172.5724264017,0.562,7.5369524764,1.044,-0.102
1127-023,2016,1,172.4705213636,9.083,-2.6688749541,22.96,-0.97
1128+385,2016,37,172.7220109945,0.161,38.2551519473,0.194,0.05
1128+517,2016,1,172.8562034563,1.394,51.4826253841,1.634,0.059
1128-047,2016,3,172.8771531363,0.351,-5.0054606136,0.345,0.013
1130+008,2016,1,173.1900764428,9.714,0.574400869,19.792,-0.884
1130+009,2016,4,173.3335660311,0.194,0.6813449153,0.266,0.147
1130+106,2016,1,173.2478699598,0.195,10.3950593369,0.299,0.118
1133+704,2016,1,174.1100351697,0.538,70.157585255,0.162,-0.573
1133-032,2016,40,174.1024038137,0.269,-3.508193727,0.323,0.204
1138+006,2016,1,175.3344651893,1.484,0.3824302451,1.628,0.211
1142+198,2016,1,176.2708709723,0.373,19.6063169513,0.649,0.342
1143-332,2016,5,176.6185482544,0.481,-33.4785089351,0.683,-0.135
1143-696,2016,6,176.4734346117,0.818,-69.9004992097,0.394,0.018
1144+402,2016,53,176.7429078494,0.181,39.9761956099,0.165,0.032
1144-379,2016,95,176.7557112831,0.248,-38.203062085,0.233,-0.01
1145+268,2016,15,176.9990158822,0.22,26.5950920402,0.291,0.063
1145-071,2016,5,176.9648090956,0.174,-7.4114271302,0.199,0.087
1147+245,2016,5,177.580050657,0.211,24.298287402,0.228,-0.055
1148-001,2016,3,177.6827952471,0.488,-0.3983905598,0.557,-0.039
1149-084,2016,38,178.0717065119,0.179,-8.6842538677,0.227,-0.02
1156+295,2016,46,179.8826412845,0.204,29.2455073861,0.239,0.093
1156-094,2016,3,179.8029653711,0.241,-9.6811248463,0.334,0.526
1156-663,2016,1,179.8262734614,1.307,-66.5942896119,1.936,-0.26
1157+014,2016,4,179.9367830922,0.295,1.2019413615,0.532,0.002
1158+007,2016,1,180.3468780114,0.142,0.4745325495,0.282,-0.342
1200+028,2016,1,180.7302966987,31.734,2.5906918417,69.197,-0.241
1201-068,2016,1,181.0694361205,0.189,-7.1691681265,0.354,0.132
1205-008,2016,1,181.9236565848,0.145,-1.1101914941,0.27,-0.259
1212+171,2016,2,183.7665797942,0.875,16.9105405614,1.457,0.657
1213-172,2016,45,183.944798918,0.219,-17.529278608,0.241,-0.04
1215+303,2016,6,184.4670079282,0.234,30.1168432097,0.269,0.148
1215-002,2016,1,184.494704154,0.137,-0.4961942314,0.25,-0.234
1219+044,2016,41,185.5939568147,0.165,4.2210491656,0.326,0.041
1221+809,2016,4,185.9187248393,0.997,80.6678723441,0.228,-0.197
1221-829,2016,6,186.2265953705,2.517,-83.2194727421,0.324,-0.031
1222+037,2016,2,186.2184247229,0.408,3.5139702501,0.364,-0.538
1226+023,2016,5,187.2779144198,0.544,2.0523875108,0.847,0.18
1226+373,2016,28,187.1975987049,0.203,37.1033599195,0.222,0.049
1228+126,2016,82,187.7059308323,0.154,12.3911232019,0.179,-0.007
1236+077,2016,5,189.8524511197,0.172,7.5047746213,0.275,-0.05
1239+376,2016,2,190.5408847917,0.314,37.3349139044,0.374,0.14
1240+381,2016,4,190.7140377696,0.245,37.8500073839,0.24,0.046
1243-072,2016,36,191.5176337788,0.224,-7.5129375749,0.269,-0.043
1243-160,2016,29,191.4739262707,0.165,-16.2793626726,0.188,-0.029
1244-255,2016,27,191.6950086213,0.266,-25.7970246343,0.275,0.091
1245-062,2016,1,192.0957319433,0.124,-6.5360605256,0.266,0.247
1245-457,2016,1,192.1187289103,0.743,-45.9964396459,1.551,0.724
1251-197,2016,3,193.6552314098,0.296,-20.0156685236,0.515,-0.148
1251-713,2016,4,193.749672469,0.856,-71.638454661,0.29,-0.597
1252+119,2016,9,193.6593983206,0.134,11.684970796,0.194,0.026
1253-055,2016,6,194.0465275306,0.164,-5.7893128575,0.271,0.191
1253-590,2016,1,194.020397037,7.614,-59.3288893742,4.288,-0.062
1255-177,2016,11,194.6595904373,0.138,-18.0008678296,0.248,-0.097
1255-316,2016,91,194.4960868215,0.28,-31.9213477139,0.286,0.142
1300+580,2016,44,195.7186051406,0.253,57.810446974,0.164,-0.028
1306+360,2016,2,197.0987880685,0.157,35.7769901041,0.134,0.39
1307+433,2016,1,197.3563598113,0.448,43.0848828054,0.338,0.102
1307-556,2016,2,197.6806518451,2.442,-55.8698686346,1.908,0.175
1308+326,2016,6,197.6194327074,0.149,32.3454953029,0.166,-0.153
1308+328,2016,39,197.7475113204,0.175,32.5595693379,0.18,0.007
1308+554,2016,5,197.7633788211,1.006,55.2317565699,0.556,0.328
1309+355,2016,1,198.0739693588,1.132,35.255857177,0.848,-0.291
1310-041,2016,1,198.2120885027,0.129,-4.4138589785,0.295,0.19
1313-333,2016,8,199.0332745445,0.437,-33.6497709416,0.485,-0.38
1317-005,2016,1,199.9115362771,0.657,-0.8277670733,1.103,-0.06
1318+225,2016,1,200.2966773711,0.099,22.2700301519,0.124,-0.123
1319-093,2016,1,200.653802637,0.146,-9.6271668349,0.324,0.233
1321-105,2016,1,201.1074712675,0.141,-10.8230928751,0.309,0.275
1323+321,2016,1,201.5688027693,2.388,31.9026452613,2.056,0.167
1323-165,2016,1,201.5366854301,0.911,-16.8511633172,2.097,-0.067
1324+224,2016,56,201.7535888857,0.183,22.1806006017,0.216,0.126
1325-558,2016,3,202.2547697922,0.52,-56.1340741738,1.473,-0.717
1327+504,2016,17,202.2741775977,0.224,50.1573335102,0.158,-0.004
1328+307,2016,1,202.7845386958,4.031,30.5091706575,12.977,0.976
1330+022,2016,7,203.2219607815,0.178,2.0126941959,0.259,0.116
1330+476,2016,5,203.1885269612,0.374,47.372963465,0.295,-0.105
1333-152,2016,4,204.1420381022,0.457,-15.4966865931,0.626,-0.434
1333-337,2016,2,204.1626352659,0.474,-33.9658539908,0.99,-0.076
1334-127,2016,57,204.4157617183,0.162,-12.9568591742,0.207,0.027
1336-180,2016,1,204.8231006517,1.483,-18.3180285604,1.824,-0.06
1338+381,2016,1,205.095632598,0.748,37.9121768074,1.073,0.757
1338-164,2016,1,205.2536545706,4.983,-16.7203875497,1.835,0.961
1339-287,2016,2,205.5639400582,0.214,-29.0116199309,0.486,0.175
1341-171,2016,1,206.0600101194,0.138,-17.394554388,0.288,0.171
1342+662,2016,16,205.9414978955,0.415,66.0404846795,0.22,-0.07
1342+663,2016,6,206.0361641034,0.429,66.1032341885,0.177,0.127
1344-180,2016,1,206.7690410578,1.65,-18.333255496,1.813,-0.064
1345+125,2016,1,206.8890085047,0.913,12.2900641495,1.22,-0.77
1345-164,2016,1,207.166293319,2.389,-16.6670843929,1.37,0.813
1348+308,2016,4,207.7197342734,0.306,30.5815531624,0.324,-0.022
1349-439,2016,6,208.2355618304,0.652,-44.2112209789,1.033,-0.204
1351-018,2016,65,208.5287304777,0.157,-2.1008862064,0.392,0.114
1352-104,2016,7,208.6938280188,0.496,-10.6840712136,0.33,0.306
1354+195,2016,1,209.2684931342,0.933,19.3187193608,2.029,-0.038
1354-152,2016,11,209.29685429,0.268,-15.4579953319,0.35,0.072
1357+769,2016,26,209.4807150131,0.807,76.722514201,0.186,-0.072
1400-181,2016,1,210.6906485285,1.124,-18.4323405674,0.569,0.671
1404+286,2016,6,211.7516434942,0.383,28.4540803046,0.339,0.163
1406-076,2016,33,212.2353382325,0.211,-7.8740740654,0.261,-0.022
1406-267,2016,45,212.4590410726,0.625,-26.9602723386,0.487,0.253
1407-188,2016,1,212.5820681377,1.141,-19.0528321598,0.607,0.708
1413+135,2016,18,213.9950727454,0.218,13.3399201695,0.188,0.007
1413+487,2016,1,213.9033337338,2.029,48.5084582854,3.62,0.553
1417+385,2016,29,214.9442241254,0.288,38.3634651357,0.298,-0.046
1418+546,2016,45,214.9441560981,0.215,54.3874408743,0.148,0.071
1418-198,2016,1,215.4308131971,1.766,-20.0288573591,1.792,-0.041
1420+044,2016,1,215.6770437647,0.291,4.244200062,0.599,-0.44
1420+326,2016,1,215.6265778865,0.877,32.3862328413,0.587,0.257
1420-679,2016,5,216.2314885691,0.573,-68.1328045331,0.395,-0.812
1423+146,2016,3,216.4542427167,0.444,14.4158061072,0.655,0.156
1424+240,2016,5,216.7516331882,0.174,23.8000109292,0.227,-0.041
1424-418,2016,118,216.9845732121,0.25,-42.1053994097,0.224,-0.007
1425-156,2016,1,217.1187837888,1.692,-15.8857895431,1.785,-0.07
1426-206,2016,1,217.3936111117,3.833,-20.9204395961,1.412,0.927
1428+370,2016,5,217.6690989026,0.535,36.8177474808,0.401,-0.383
1429+249,2016,1,217.8578530561,0.194,24.7057513116,0.297,-0.323
1430-178,2016,3,218.2403774858,1.111,-18.0264574442,1.365,-0.016
1432+200,2016,6,218.66580567,0.184,19.8668709344,0.329,0.258
1434-185,2016,1,219.2365337465,1.479,-18.7761483859,1.752,-0.133
1435-218,2016,3,219.5394559016,0.329,-22.081874576,0.37,0.212
1437+374,2016,1,219.8357408972,0.173,37.200787808,0.238,0.134
1440-220,2016,2,220.8038758259,1.366,-22.2546053599,3.278,-0.183
1441+252,2016,29,220.9870507819,0.182,25.0290249478,0.224,-0.002
1442-087,2016,1,221.2429691466,1.635,-8.9951648496,5.175,-0.41
1443-162,2016,6,221.4724007459,0.229,-16.4837838572,0.277,0.272
1445-161,2016,1,222.0627227102,2.437,-16.3401497025,3.704,-0.751
1448+762,2016,6,222.1199135044,0.767,76.0198882687,0.178,-0.01
1448-648,2016,3,223.1653296016,1.703,-65.0342868622,1.352,-0.306
1450-218,2016,1,223.2690724243,1.494,-22.0748015592,1.713,-0.198
1451+270,2016,1,223.4733361844,0.146,26.8092803234,0.228,-0.343
1451-375,2016,4,223.6142073472,0.286,-37.792540168,0.693,0.317
1451-400,2016,4,223.6371348973,0.648,-40.2090333897,1.152,-0.186
1454-060,2016,1,224.1724685243,1.267,-6.2953351344,1.681,-0.143
1456+044,2016,3,224.7473157923,0.377,4.2705088681,0.354,-0.188
1458+718,2016,4,224.7815995705,0.505,71.6721853784,0.2,0.019
1459+480,2016,5,225.2027259045,0.178,47.8543161181,0.131,0.075
1502+036,2016,46,226.2769882923,0.171,3.4418924084,0.193,0.033
1502+106,2016,8,226.1040822215,0.129,10.4942216901,0.144,-0.007
1504+377,2016,29,226.5397082801,0.194,37.5142034341,0.221,0.138
1505+428,2016,1,226.7210077037,0.155,42.6563987346,0.121,0.127
1505-496,2016,1,227.1622684161,2.378,-49.8839746203,1.43,-0.086
1508+572,2016,1,227.5121911661,0.83,57.0453863909,0.357,0.322
1510-089,2016,11,228.2105538958,0.213,-9.0999519369,0.325,0.213
1511-100,2016,8,228.4370558374,0.127,-10.2000735366,0.176,-0.07
1514+004,2016,1,229.1675794066,0.115,0.2505302684,0.274,0.235
1514+197,2016,30,229.2366508011,0.113,19.5369421597,0.148,0.073
1514-241,2016,1,229.4242215143,49.228,-24.3720062917,55.38,0.371
1519-273,2016,83,230.6569832763,0.205,-27.5029960044,0.223,-0.049
1519-294,2016,10,230.6061935246,0.996,-29.6070082762,0.691,0.404
1520+319,2016,20,230.5416323911,0.252,31.7373281663,0.314,0.013
1520+437,2016,32,230.4567244687,0.208,43.6109078177,0.19,-0.008
1522+155,2016,2,231.1733813866,0.215,15.3558473686,0.552,-0.223
1523-172,2016,1,231.6046566115,1.704,-17.4327464181,1.637,-0.115
1527-196,2016,1,232.6202659226,0.892,-19.8442197549,1.395,-0.19
1534-128,2016,1,234.32315835,1.075,-12.9952396714,1.551,0.26
1535+231,2016,1,234.3104203378,0.17,23.0112531247,0.353,-0.077
1538+149,2016,30,235.2062145338,0.156,14.7960787603,0.22,-0.019
1538+477,2016,1,234.8950432125,0.75,47.5920177865,0.544,0.043
1539-164,2016,1,235.5119920779,1.618,-16.5752024154,0.863,0.802
1546+027,2016,28,237.3726534337,0.165,2.6169898712,0.215,-0.011
1548+056,2016,8,237.6469551743,0.162,5.4529024261,0.243,-0.108
1548-199,2016,1,237.7355936039,3.574,-20.0709108561,1.267,0.916
1550-242,2016,1,238.381782526,0.178,-24.368343159,0.391,-0.071
1552-249,2016,1,238.9374317732,1.57,-25.1366325829,1.531,-0.262
1554-272,2016,1,239.2680756292,1.251,-27.4127105159,0.624,0.64
1554-643,2016,1,239.7095177184,1.502,-64.5415654159,1.466,-0.35
1555+001,2016,17,239.4643080943,0.18,-0.0306704591,0.243,-0.034
1555-140,2016,2,239.5914467206,0.862,-14.166398076,1.343,0.122
1557+032,2016,4,239.879050894,0.216,3.0800732465,0.286,-0.054
1601+112,2016,9,240.9247136131,0.141,11.0968553785,0.316,0.408
1602-115,2016,7,241.3230485819,0.269,-11.6574532437,0.319,-0.277
1604-333,2016,4,241.8948429958,0.827,-33.5191451602,0.516,-0.052
1605-205,2016,1,241.9871949066,1.622,-20.6617703159,1.515,-0.181
1606+106,2016,20,242.192513233,0.19,10.4854931554,0.282,-0.019
1606-398,2016,4,242.5911625516,0.365,-39.9828692707,0.381,0.039
1607+268,2016,1,242.3055028035,0.321,26.6913988746,0.306,-0.121
1608+243,2016,12,242.6751116493,0.241,24.2469477168,0.265,0.054
1610-277,2016,1,243.4313563683,2.896,-27.8491282543,1.405,0.882
1610-771,2016,5,244.4553197271,2.235,-77.2884631618,0.489,-0.247
1611+343,2016,10,243.4211011629,0.276,34.213307565,0.227,0.072
1611-710,2016,3,244.1276741513,1.493,-71.1420708075,0.729,-0.66
1612-243,2016,1,243.7983004278,0.339,-24.5165583406,0.956,-0.366
1614+051,2016,4,244.1564855282,0.203,4.9924274414,0.175,0.005
1614-195,2016,1,244.3628877986,0.168,-19.6922262063,0.389,0.006
1615+029,2016,15,244.4579505032,0.207,2.778639806,0.485,0.156
1616+063,2016,7,244.7653653025,0.142,6.2172894611,0.261,-0.274
1617+229,2016,28,244.8117691214,0.199,22.7966251909,0.25,-0.072
1619-680,2016,4,246.0768210591,1.079,-68.1534718721,0.603,-0.782
1622-253,2016,67,246.44538193,0.242,-25.4606463691,0.264,0.053
1623+578,2016,38,246.1033648573,0.625,57.6878557591,0.322,-0.059
1624-617,2016,4,247.2278742939,0.704,-61.8767776016,0.423,-0.851
1629-228,2016,1,248.1281724135,1.532,-22.9824070562,0.664,0.719
1632-188,2016,1,248.8780461921,116.524,-18.9937106414,142.985,-0.356
1633+382,2016,6,248.8145544963,0.714,38.1345826519,0.846,0.423
1633-810,2016,2,250.7389451514,3.534,-81.143075756,0.714,-0.187
1636+473,2016,18,249.438044108,0.238,47.2927307128,0.227,-0.166
1637+574,2016,5,249.5560678426,0.112,57.3399941629,0.065,0.13
1637+826,2016,14,248.1332072469,1.408,82.5378888058,0.151,-0.178
1638+398,2016,52,250.1234699949,0.159,39.779452323,0.149,-0.043
1639+230,2016,67,250.3551149204,0.141,22.9511201132,0.191,-0.055
1639-062,2016,40,250.5090737728,0.149,-6.3565820093,0.221,-0.034
1639-200,2016,1,250.5220455948,0.22,-20.1235693031,0.505,0.324
1641+399,2016,6,250.7450418628,0.295,39.8102759497,0.296,0.303
1642+690,2016,5,250.5327025271,0.481,68.9443768237,0.216,-0.116
1644-193,2016,1,251.9740736139,1.829,-19.4387329459,1.938,0.501
1644-291,2016,1,251.9911445059,1.674,-29.2123488996,1.327,-0.323
1646-506,2016,2,252.5692797416,0.876,-50.7467248539,1.917,-0.067
1651+391,2016,5,253.2437899401,0.186,39.0471728776,0.186,0.095
1652+398,2016,5,253.4675689662,0.188,39.76016902,0.172,0.06
1656+053,2016,1,254.6395107757,48.438,5.2550731299,141.088,0.636
1656-075,2016,16,254.6835915027,0.224,-7.6549151151,0.283,0.037
1657-261,2016,64,255.2214751628,0.276,-26.1810349237,0.264,-0.253
1657-562,2016,4,255.4369098906,0.682,-56.3655298349,0.796,-0.811
1659+399,2016,5,255.3526451532,0.197,39.91030316,0.278,-0.341
1659-241,2016,1,255.5593488305,3.591,-24.2524271977,1.36,0.867
1659-621,2016,4,255.9022554093,0.77,-62.2111127821,0.45,-0.657
1705+018,2016,23,256.8933968932,0.161,1.8126942605,0.194,-0.063
1705+135,2016,1,256.9401549021,0.258,13.5181198422,0.44,-0.03
1705+717,2016,1,256.195737128,2.256,71.6382240769,0.375,-0.375
1706-174,2016,16,257.3931058708,0.231,-17.4814903334,0.367,0.092
1711-208,2016,1,258.6354708462,0.245,-20.8984142867,0.504,0.07
1711-251,2016,1,258.6992711467,111.389,-25.2428386061,131.805,-0.458
1714+231,2016,1,259.223567925,0.446,23.098144205,0.509,-0.046
1717+178,2016,7,259.8043684836,0.121,17.751788175,0.152,0.097
1718-259,2016,1,260.4832466709,0.889,-25.9779706284,1.89,-0.059
1718-649,2016,1,260.9209558404,0.588,-65.0101698582,0.247,-0.244
1722+119,2016,1,261.2680870372,0.197,11.8709645285,0.367,-0.449
1722+330,2016,13,261.0591574146,0.26,33.0510939011,0.314,0.104
1722-554,2016,1,261.7067899401,4.084,-55.4945703597,2.665,0.198
1725+123,2016,6,262.0293800576,0.161,12.260968213,0.261,-0.002
1725-795,2016,3,263.4195874437,2.536,-79.5988103444,0.509,-0.406
1726+455,2016,28,261.8652115491,0.165,45.5110364249,0.133,-0.133
1728+774,2016,1,261.4610326787,3.234,77.439937337,0.815,-0.349
1730-130,2016,8,263.2612740431,0.101,-13.0804301072,0.145,-0.011
1732+389,2016,10,263.5857436652,0.286,38.9642898984,0.306,-0.211
1734+363,2016,1,263.9503611649,0.77,36.2793375648,0.702,-0.785
1736+324,2016,12,264.6687574564,0.269,32.4025069679,0.374,0.088
1738+476,2016,5,264.9880377124,0.314,47.6328779871,0.196,-0.03
1738+499,2016,4,264.8641274591,0.494,49.9176020422,0.258,0.007
1739+522,2016,5,265.1540744419,0.198,52.1953909791,0.124,-0.096
1739-152,2016,1,265.5485952498,0.214,-15.2914329995,0.49,0.365
1741-038,2016,100,265.9952339215,0.151,-3.8346157327,0.198,-0.009
1742+724,2016,1,265.3452400058,1.975,72.4144359611,0.269,-0.575
1742-078,2016,1,266.3629373035,0.157,-7.8844299947,0.338,0.185
1743+173,2016,3,266.3967014828,0.48,17.3337289564,0.318,0.034
1746+470,2016,1,266.8610316723,2.596,46.9808204939,5.871,0.092
1749+096,2016,87,267.886744067,0.114,9.6502023444,0.169,-0.005
1749+701,2016,1,267.1370494988,80.499,70.0974260457,24.452,-0.2
1750+472,2016,1,267.8818031943,2.358,47.2229179363,1.334,-0.511
1751+288,2016,87,268.4269734506,0.145,28.8013718779,0.163,-0.024
1752-225,2016,1,268.8595176521,4.82,-22.5362804749,5.432,-0.444
1754+155,2016,12,269.2212588421,0.227,15.5891184319,0.335,-0.026
1754+159,2016,1,269.140521578,0.634,15.8955085486,0.264,-0.02
1758+388,2016,8,270.1031891957,0.183,38.8085270031,0.203,0.034
1758-651,2016,22,270.8479026393,0.731,-65.1268783545,0.338,0.135
1759-396,2016,86,270.6778336532,0.418,-39.668863485,0.425,0.01
1800+440,2016,8,270.3846451373,0.249,44.0727500949,0.216,0.048
1803+784,2016,33,270.1903497181,0.667,78.4677828925,0.118,-0.018
1806+456,2016,44,272.0911911725,0.175,45.7057961928,0.158,-0.041
1806-458,2016,3,272.4911326021,0.526,-45.878060137,1.568,-0.67
1807+698,2016,39,271.7111695893,0.392,69.8244745643,0.139,0.003
1815-553,2016,3,274.9391646889,0.664,-55.3557624378,1.016,-0.534
1817-254,2016,4,275.2410362733,0.147,-25.4701622115,0.274,0.051
1821+107,2016,1,276.0119013336,1.715,10.7399335131,3.396,0.48
1823+568,2016,7,276.0294518124,0.294,56.850414159,0.201,0.117
1823+689,2016,6,275.886891245,0.387,68.9646149591,0.195,0.048
1824-582,2016,4,277.301677366,0.829,-58.2319900109,0.936,-0.729
1825-214,2016,1,277.0811932879,10.941,-21.3941017034,4.603,-0.751
1826+670,2016,1,276.65640926,4.055,67.1124205343,1.209,0.586
1826+796,2016,1,275.8087890506,1.922,79.6469449257,0.264,0.08
1831-711,2016,6,279.3696463043,1.035,-71.1454322762,0.413,-0.452
1835-293,2016,1,279.765012182,0.979,-29.3468398376,0.575,0.524
1838+575,2016,1,279.7440078178,0.52,57.5942454212,0.375,-0.04
1839+548,2016,1,280.2390697287,0.376,54.8710857866,0.352,-0.049
1841-205,2016,1,281.1879740251,2.619,-20.4956124909,3.936,-0.454
1842+681,2016,14,280.6401737981,0.387,68.1570077264,0.153,-0.098
1846+322,2016,56,282.0920358103,0.161,32.3173898147,0.181,-0.036
1847-259,2016,1,282.7129876311,6.984,-25.928536749,3.201,-0.856
1849+670,2016,35,282.3169678625,0.246,67.0949112633,0.106,-0.115
1851+488,2016,1,283.1189491685,0.283,48.9298558801,0.173,0.499
1852-534,2016,1,284.2518844392,1.113,-53.4167720681,0.65,0.252
1854-210,2016,1,284.3153144816,0.328,-20.9746690031,0.619,0.012
1858-177,2016,1,285.2751045959,3.602,-17.6447563465,5.343,0.06
1901+155,2016,3,286.0598380602,0.163,15.6106809631,0.257,0.255
1901+319,2016,1,285.7330780248,1.753,31.9949159567,1.446,0.131
1908+484,2016,3,287.4440113092,0.458,48.5755054875,0.288,-0.062
1908-201,2016,52,287.7902204205,0.229,-20.1153082125,0.292,0.109
1909+161,2016,15,287.9927392866,0.259,16.1963509678,0.352,0.563
1910-298,2016,1,288.5151486087,1.33,-29.7957672152,2.324,0.072
1910-451,2016,2,288.4437986072,2.658,-45.0532145206,1.002,-0.041
1919-166,2016,1,290.6448595597,1.899,-16.548206994,2.97,-0.42
1920-211,2016,18,290.8841245109,0.208,-21.0759258711,0.248,-0.11
1921-293,2016,76,291.212733224,0.262,-29.2417004086,0.279,0.067
1923+210,2016,43,291.4983558741,0.215,21.107267307,0.21,0.114
1925-610,2016,6,292.5256678121,0.591,-60.9358837646,0.476,-0.458
1927-209,2016,1,292.5435482287,0.988,-20.884857888,1.503,0.48
1928+154,2016,1,292.7198623845,0.097,15.5428964457,0.146,-0.059
1928+738,2016,1,291.9520832557,2.787,73.9670843633,1.569,0.055
1929+226,2016,29,292.8538199142,0.152,22.7253495647,0.202,-0.037
1929-457,2016,2,293.1870321232,0.837,-45.610535697,0.658,-0.326
1932+174,2016,1,293.7091847871,0.273,17.5372605331,0.369,0.243
1933-400,2016,7,294.3175721091,0.299,-39.9670988256,0.405,-0.153
1935-692,2016,3,295.1063682847,0.983,-69.1324921321,0.497,-0.435
1936+046,2016,1,294.6277897643,0.148,4.8032261633,0.292,0.17
1936-155,2016,39,294.8610740094,0.176,-15.4286274632,0.238,-0.056
1936-623,2016,1,295.340695498,3.401,-62.1891809406,0.955,-0.911
1941-554,2016,1,296.3509537356,0.982,-55.3469014616,1.094,0.691
1946-200,2016,1,297.4725841103,0.218,-19.953702739,0.461,0.436
1947+079,2016,1,297.5230769577,2.948,8.1205423955,5.413,0.903
1949-052,2016,1,297.9477852119,0.153,-5.1622118963,0.33,0.201
1950-207,2016,1,298.2591371075,1.677,-20.6090372246,1.031,0.199
1953-200,2016,1,299.0995723918,1.174,-19.9616960209,0.684,0.718
1953-325,2016,1,299.2477303957,0.165,-32.429446379,0.314,-0.193
1954+513,2016,7,298.9280762213,0.209,51.5301518401,0.157,0.009
1954-388,2016,80,299.4992471027,0.275,-38.7517657136,0.246,-0.028
1955-210,2016,1,299.703221637,0.312,-20.8797258064,0.696,-0.128
1958-179,2016,24,300.2378767465,0.241,-17.8160202174,0.294,0.078
2000+148,2016,2,300.6749971078,0.449,15.0207173545,1.165,0.787
2000+472,2016,35,300.54340945,0.23,47.4246592765,0.182,0.016
2002-375,2016,5,301.4794627411,0.378,-37.3948518766,0.336,-0.294
2005+403,2016,2,301.9372864985,8.004,40.4968392527,8.312,0.613
2007+777,2016,1,301.3791671484,4.214,77.8786779892,1.513,-0.697
2008-159,2016,74,302.8154622743,0.167,-15.7778483508,0.211,-0.03
2013+163,2016,47,304.0577500543,0.224,16.5428089836,0.284,-0.059
2016-053,2016,3,304.740665871,0.876,-5.1581589016,0.638,0.205
2019-202,2016,1,305.5753446583,1.183,-20.1172989814,0.788,0.721
2019-221,2016,1,305.5062622293,2.943,-22.0284080627,1.479,0.581
2021+614,2016,2,305.5278405944,3.743,61.6163388553,1.256,-0.467
2023+335,2016,2,306.2951756208,0.494,33.7167262054,0.358,0.21
2024-217,2016,1,306.768278854,1.618,-21.6052849909,1.142,0.152
2029+024,2016,1,307.9468868881,4.082,2.6603476086,5.462,-0.998
2029+121,2016,3,307.9791432866,0.221,12.3281501504,0.149,-0.037
2037+511,2016,102,309.6543113171,0.181,51.3201840556,0.133,-0.013
2047-266,2016,1,312.6028908874,0.165,-26.4716823763,0.401,-0.025
2048+196,2016,1,312.8027751013,0.654,19.8350838043,2.038,-0.363
2052-474,2016,109,314.0681659262,0.367,-47.2465633071,0.258,0.023
2054-377,2016,3,314.4233480358,0.231,-37.5674971028,0.358,-0.087
2059+034,2016,65,315.4118090124,0.174,3.6920334594,0.217,0.012
2101-490,2016,2,316.2548206218,1.452,-48.8129224967,0.873,0.18
2103+213,2016,1,316.5450756334,0.235,21.5933319543,0.401,0.298
2106+143,2016,3,317.1709677519,0.266,14.5075036469,0.48,0.056
2106-413,2016,7,317.3882860719,0.468,-41.1723919352,0.672,-0.16
2113+293,2016,82,318.8725561233,0.217,29.5606574593,0.271,0.002
2116-068,2016,1,319.6801757754,0.173,-6.6049996759,0.375,0.034
2121+053,2016,5,320.9354896592,0.182,5.5894702159,0.267,-0.092
2123-463,2016,4,321.6279341352,0.34,-46.0966377743,1.172,-0.225
2126-158,2016,63,322.3007328413,0.225,-15.64473395,0.394,-0.053
2127-096,2016,5,322.5795339566,1.155,-9.460399017,0.338,0.163
2128+048,2016,3,322.6369892949,0.793,5.0381873863,0.831,-0.307
2128-123,2016,7,322.8969244169,0.334,-12.1179988289,0.629,0.524
2128-208,2016,1,322.756147753,1.85,-20.6155939434,3.115,-0.244
2131-021,2016,8,323.5429569243,0.166,-1.8881220682,0.228,-0.111
2134+004,2016,7,324.1607759474,0.301,0.6983918574,0.461,-0.171
2135-184,2016,1,324.6746947545,2.956,-18.1789939672,3.605,-0.221
2136+141,2016,5,324.755455286,0.249,14.3933311792,0.224,0.239
2141+175,2016,27,325.8981023136,0.151,17.730218782,0.177,-0.032
2142+110,2016,6,326.3282294482,0.1,11.2575867487,0.171,-0.035
2142-048,2016,1,326.3891118274,2.806,-4.5775521968,4.432,0.523
2142-758,2016,7,326.8030456479,0.981,-75.603673671,0.225,0.007
2143-156,2016,10,326.5957472975,0.164,-15.4288571465,0.311,-0.149
2144+092,2016,27,326.7923456429,0.203,9.496297551,0.228,-0.035
2144-065,2016,3,326.8412068013,0.928,-6.3403716422,0.618,0.204
2145+067,2016,7,327.0227444232,0.215,6.9607231384,0.395,0.112
2145+082,2016,5,326.9800805551,0.311,8.5033043721,0.553,0.361
2149+056,2016,23,327.9078141147,0.248,5.8702649273,0.418,0.003
2149-307,2016,4,327.9813505685,0.294,-30.4649161733,0.373,0.241
2150+173,2016,5,328.1034142753,0.15,17.5771655173,0.21,-0.097
2154-135,2016,1,329.2623958485,6.646,-13.3174750524,15.582,-0.905
2155+312,2016,15,329.3700995081,0.279,31.4503752748,0.257,0.167
2155-152,2016,17,329.5261744465,0.239,-15.0192581333,0.29,0.1
2155-304,2016,2,329.7169383281,0.588,-30.2255871891,1.872,-0.047
2200+420,2016,3,330.680376629,0.78,42.2777679625,0.838,-0.212
2201+315,2016,4,330.8123990976,0.244,31.7606302216,0.224,0.076
2204-007,2016,1,331.6803441368,0.157,-0.5173598597,0.301,-0.114
2204-540,2016,4,331.9322222008,0.274,-53.7760615021,0.749,-0.197
2205+166,2016,2,331.9702739073,0.748,16.8716174995,1.674,0.409
2208-137,2016,3,332.8504143491,0.142,-13.4693676406,0.268,-0.581
2209+236,2016,42,333.0248594524,0.162,23.9279286768,0.199,0.087
2214+350,2016,51,334.0833746008,0.208,35.3039388394,0.254,-0.043
2215+006,2016,1,334.5278208981,0.199,0.8732277245,0.378,0.108
2215+150,2016,19,334.5454746278,0.14,15.3432547607,0.185,0.1
2220-351,2016,6,335.7747108478,0.34,-34.92976859,0.562,0.169
2223-052,2016,58,336.4469137412,0.137,-4.9503864163,0.173,-0.013
2227-088,2016,68,337.4170180587,0.144,-8.5484543781,0.212,-0.043
2227-399,2016,1,337.6678271338,0.489,-39.7144631011,0.461,0.362
2229+695,2016,88,337.6519572444,0.376,69.7744659107,0.135,0.012
2230+114,2016,8,338.1517040135,0.233,11.7308063787,0.458,0.068
2232-488,2016,9,338.8051522554,0.23,-48.599665207,0.312,-0.059
2233-148,2016,4,339.1420298624,0.16,-14.5561639215,0.329,-0.34
2234+282,2016,6,339.0936282572,0.209,28.4826142312,0.235,0.377
2236-572,2016,4,339.8003164641,0.265,-57.0168997917,0.593,-0.08
2239+096,2016,6,340.4571557216,0.23,9.8979013953,0.297,0.103
2243+047,2016,4,341.4735586435,0.258,5.0158236704,1.195,-0.561
2243-123,2016,5,341.5759666891,0.26,-12.1142437802,0.361,0.347
2244-372,2016,6,341.766322266,0.251,-36.9628588914,0.369,0.026
2245-128,2016,1,341.9693377117,0.122,-12.6221447131,0.281,-0.201
2245-328,2016,5,342.1611904103,0.289,-32.5978314722,0.346,0.276
2250+190,2016,7,343.2807047751,0.231,19.7096190959,0.51,-0.301
2251+158,2016,5,343.4906149184,0.1,16.1482117913,0.087,-0.34
2254+024,2016,3,344.3231793114,0.438,2.7215304551,0.448,-0.011
2254+074,2016,27,344.3220963223,0.176,7.720083982,0.233,0.126
2255-282,2016,107,344.5248455025,0.299,-27.9725712913,0.326,0.257
2300+345,2016,1,345.8401113803,0.382,34.7801314945,0.411,0.263
2300-683,2016,10,345.9315198403,0.653,-68.1270676604,0.433,-0.182
2302+232,2016,2,346.1518184215,0.358,23.5187802983,0.488,-0.613
2306-052,2016,1,347.3215296236,0.88,-4.9779104302,3.109,0.092
2306-312,2016,3,347.3097144463,0.229,-30.9868290028,0.436,-0.027
2307+106,2016,7,347.6188237228,0.171,10.9251935987,0.278,-0.2
2309+454,2016,54,347.9475374359,0.244,45.732226745,0.2,-0.13
2314-409,2016,4,349.195499564,0.527,-40.689190633,0.627,0.247
2315-172,2016,1,349.5473393037,0.185,-16.9914413095,0.454,-0.106
2318+049,2016,46,350.1869025467,0.146,5.2305423371,0.193,-0.021
2319+317,2016,49,350.4789834075,0.262,32.0687840088,0.294,-0.045
2319+444,2016,5,350.5848252388,0.681,44.7617655611,0.537,-0.061
2320+506,2016,1,350.6082694317,2.64,50.9644249863,1.666,-0.11
2320-078,2016,1,350.7170461635,0.67,-7.6182282794,1.608,0.083
2321-375,2016,3,351.0296314922,0.502,-37.2395714326,0.608,-0.04
2325+093,2016,6,351.8899187008,0.201,9.6692952589,0.204,-0.052
2326-477,2016,5,352.3237681138,0.251,-47.5053092789,0.325,0.432
2328+107,2016,1,352.67021723,0.833,11.0051978367,1.304,-0.472
2329-384,2016,5,352.9978172264,0.319,-38.1965696329,0.343,0.105
2329-415,2016,2,353.0793684267,0.864,-41.3104374941,1.2,0.778
2331-240,2016,3,353.4801571758,0.287,-23.7279608736,0.362,0.09
2333-415,2016,6,354.1416042785,0.276,-41.2561065429,1.298,-0.003
2333-528,2016,1,354.0506040753,0.532,-52.6060972373,0.363,0.01
2335-027,2016,28,354.4889130355,0.249,-2.5160080814,0.266,0.089
2337+264,2016,1,355.1209560568,0.223,26.6991123433,0.228,-0.01
2344+092,2016,1,356.6534991186,0.909,9.5126384289,1.683,0.014
2344-514,2016,5,356.8327666148,0.627,-51.1766856892,0.842,0.219
2345+061,2016,1,357.1323778115,0.131,6.4166062381,0.288,-0.017
2346+385,2016,1,357.3367772441,0.154,38.8215441033,0.164,0.137
2348+021,2016,1,357.7395119969,1.432,2.4612227276,2.322,0.457
2351-154,2016,6,358.6258130523,0.256,-15.2197808019,0.245,-0.056
2353+816,2016,7,359.0949754915,1.569,81.8811817768,0.183,0.215
2353-686,2016,9,359.0028396218,0.78,-68.3342979163,0.384,0.103
2355-106,2016,73,359.5453434155,0.17,-10.3357253863,0.222,-0.091
2355-534,2016,6,359.4719419227,0.323,-53.1871356322,0.318,0.518
2356+385,2016,33,359.888253182,0.234,38.8450886362,0.253,-0.122
2356-069,2016,1,359.8825620015,5.791,-6.6620137756,19.193,-0.949
2357-318,2016,19,359.8978811041,0.338,-31.5621737474,0.602,-0.083
2358+189,2016,9,0.2859232828,0.547,19.2427223316,0.608,0.135
