iers_name,year,num_ses,ra,ra_err,dec,dec_err,ra_dec_corr
0003-066,2020,44,1.5578871186,0.167,-6.3931488922,0.248,0.174
0007+106,2020,3,2.6291914097,1.173,10.9748624355,0.652,-0.122
0008-264,2020,16,2.7551947126,0.536,-26.2092714194,0.443,-0.026
0009-148,2020,2,2.91856607,0.833,-14.5679541758,0.271,-0.133
0010+405,2020,2,3.3797091847,0.126,40.8603178776,0.136,0.146
0013-005,2020,3,4.0462023,0.268,-0.2534571108,0.265,-0.528
0014+813,2020,4,4.2853117331,2.349,81.5855932589,0.327,0.095
0015-028,2020,1,4.4684297796,1.289,-2.6053384926,1.325,0.051
0016+731,2020,64,4.9407764438,0.378,73.4583382026,0.105,-0.005
0017+200,2020,45,4.9077270504,0.156,20.3626790529,0.179,0.025
0019+058,2020,73,5.6351717159,0.139,6.1345191307,0.186,0.08
0025+197,2020,20,7.1242437067,0.185,20.0074288538,0.199,0.077
0028-017,2020,1,7.7302855232,0.869,-1.4753476991,3.595,-0.443
0035-252,2020,3,9.5613979208,0.106,-24.9839542308,0.231,-0.492
0044-846,2020,1,11.1112053733,3.096,-84.3777744913,0.383,0.653
0045-000,2020,1,12.0796749805,0.809,0.2492042273,3.439,-0.39
0048-097,2020,32,12.6721557501,0.238,-9.4847806529,0.303,0.037
0048-427,2020,11,12.7895908562,0.197,-42.4425815727,0.274,0.137
0054+161,2020,5,14.2303930237,0.456,16.4203724973,0.405,0.281
0055-059,2020,5,14.5211096068,0.214,-5.6645217923,0.262,-0.032
0059+581,2020,60,15.6906765659,0.212,58.4030934855,0.118,0.052
0104-408,2020,88,16.6879498942,0.27,-40.5722112979,0.329,0.002
0107-610,2020,1,17.3144801652,0.571,-60.8301278356,0.443,-0.318
0109+224,2020,18,18.0242696834,0.178,22.7441073215,0.251,0.066
0110+495,2020,4,18.3625283849,0.234,49.8066786682,0.196,-0.081
0111+021,2020,26,18.4297706429,0.191,2.3714767019,0.263,-0.065
0114+074,2020,1,19.3590271121,2.037,7.7048432069,9.137,-0.829
0115-214,2020,3,19.4532505298,0.342,-21.1851758707,0.379,-0.052
0119+041,2020,18,20.4869237849,0.172,4.3735372252,0.42,0.277
0119+115,2020,22,20.4233127933,0.217,11.8306704029,0.435,0.297
0131-522,2020,74,23.2740104206,0.358,-52.0010959623,0.307,0.001
0133+476,2020,54,24.2441451363,0.18,47.8580833364,0.133,-0.025
0134+311,2020,11,24.2863901717,0.474,31.3766266728,0.663,0.11
0137+012,2020,4,24.9887745075,0.659,1.5294830448,0.663,0.156
0138-097,2020,2,25.3576341155,0.219,-9.4787983723,0.167,-0.022
0138-381,2020,1,25.1534188817,4.856,-37.9460603091,4.93,-0.464
0149+218,2020,1,28.0752461259,0.179,22.1188055372,0.201,-0.032
0151+474,2020,22,28.7345411765,0.28,47.7240387595,0.216,0.143
0159+723,2020,3,30.8891016429,1.88,72.5482420442,0.767,-0.413
0201+113,2020,12,30.9444044145,0.193,11.5792803611,0.347,-0.123
0202+149,2020,1,31.210057708,0.271,15.2364010077,0.266,0.405
0202+319,2020,80,31.2705223782,0.129,32.2083598623,0.135,0.028
0202-172,2020,2,31.2403098516,0.111,-17.0221791265,0.217,-0.101
0205+080,2020,1,32.0094775194,1.918,8.2449608088,2.156,0.59
0206+136,2020,9,32.3999930149,0.179,13.8668755481,0.254,-0.015
0207+079,2020,1,32.654408342,1.936,8.206673097,2.183,0.568
0208-512,2020,2,32.6925043673,0.602,-51.0171963064,0.459,0.131
0211+091,2020,1,33.4328565882,2.01,9.4226998314,2.296,0.579
0211+171,2020,4,33.6871372572,0.773,17.3804198824,0.593,-0.116
0212+735,2020,1,34.3783912349,1.982,73.8257208527,0.442,-0.249
0215+015,2020,15,34.4539781475,0.197,1.7471385999,0.224,0.15
0216+011,2020,8,34.7792686988,0.372,1.3499628168,0.397,-0.056
0218-132,2020,1,35.3010518857,1.612,-13.0466181467,3.245,-0.005
0221+067,2020,11,36.1184506128,0.151,6.989817046,0.18,0.099
0222-262,2020,2,36.2953735876,1.637,-26.0552228993,2.809,-0.1
0227+403,2020,4,37.6904612849,0.194,40.548074568,0.317,-0.107
0227-369,2020,1,37.3685376861,0.257,-36.7324508725,0.59,-0.149
0229+072,2020,1,38.0200036775,17.772,7.4348514771,29.228,-0.913
0229+131,2020,17,37.9412254678,0.14,13.3818656133,0.167,0.019
0230-790,2020,2,37.3956107102,0.871,-78.7960004642,0.188,-0.107
0233-133,2020,2,39.0401289712,1.93,-13.1331637063,3.513,-0.308
0234+285,2020,1,39.468372179,0.526,28.8024843179,0.453,-0.014
0235+164,2020,7,39.6622087896,0.186,16.616465169,0.162,0.182
0235-618,2020,1,39.2218563263,1.275,-61.6042189448,2.425,-0.419
0237+040,2020,2,39.9635964041,0.506,4.2726139668,0.254,0.091
0237-027,2020,13,39.9394678049,0.112,-2.5780318594,0.212,0.171
0238-084,2020,3,40.2699939719,0.306,-8.2557643829,0.269,0.349
0239+175,2020,2,40.6011175802,0.959,17.7163470794,0.329,0.599
0241+622,2020,3,41.2404032701,2.648,62.4684767329,1.291,0.055
0247+16A,2020,1,42.5725313528,1.022,17.1356451792,3.079,-0.341
0254+155,2020,1,44.2288174656,0.801,15.7120014843,1.508,0.12
0256+148,2020,1,44.7835800263,0.788,15.0508041682,1.507,0.107
0256-005,2020,22,44.868817313,0.217,-0.3333264998,0.243,-0.081
0300+129,2020,1,45.7834786926,1.188,13.1496636231,3.938,-0.673
0300+470,2020,2,45.8968434059,0.25,47.2711862185,0.217,-0.147
0302+625,2020,2,46.6777478492,1.63,62.7172287081,2.783,0.059
0302-623,2020,2,45.9609627772,0.533,-62.1904305682,0.347,0.121
0305+039,2020,2,47.1092659044,0.11,4.1109169166,0.187,-0.077
0306+102,2020,2,47.2650978878,0.111,10.4878724271,0.154,0.064
0307+380,2020,32,47.7078330193,0.256,38.2482882244,0.244,0.09
0308-611,2020,100,47.483746446,0.439,-60.977515616,0.262,0.132
0312+100,2020,4,48.8380828759,0.67,10.211967674,0.588,-0.173
0316+413,2020,2,49.9506640013,2.728,41.5116956065,3.943,-0.072
0316-444,2020,1,49.490331375,3.179,-44.2381012842,2.75,-0.904
0322+222,2020,72,51.4033931782,0.136,22.4001015811,0.164,-0.012
0325+395,2020,1,52.2096336659,0.227,39.6790462382,0.206,0.014
0330+148,2020,1,53.3037717307,1.81,14.9753354374,20.091,-0.113
0332+078,2020,3,53.7221527878,0.239,8.0040054441,0.229,0.105
0332-403,2020,20,53.5568936927,0.286,-40.1403881779,0.344,0.035
0334-131,2020,4,54.1459826449,0.519,-13.0346277607,0.263,0.445
0336-019,2020,26,54.8789073645,0.187,-1.7766123155,0.254,0.11
0338-214,2020,8,55.1483659911,0.933,-21.3253256545,0.429,0.225
0340+362,2020,6,55.8706349403,0.461,36.3701193702,0.595,0.193
0340-330,2020,1,55.5087405277,19.953,-32.9370877805,25.739,0.974
0341+065,2020,1,55.9957472462,0.913,6.732276617,1.747,0.181
0342+147,2020,5,56.2767355247,0.175,14.8970994875,0.166,-0.003
0345+085,2020,1,57.0434010514,0.988,8.7024617044,1.683,0.225
0345+460,2020,1,57.3280897448,0.906,46.1665717682,0.352,-0.302
0346+800,2020,3,58.6921921379,1.348,80.1580131583,0.241,-0.207
0346-279,2020,2,57.1589356355,0.651,-27.8204348508,0.576,0.506
0347-211,2020,3,57.4909445057,0.151,-21.0465948936,0.326,-0.145
0352+123,2020,1,58.939999426,1.227,12.5294674784,1.584,0.243
0355+508,2020,41,59.8739470319,0.524,50.9639339492,0.466,-0.008
0358+210,2020,7,60.4381919654,0.276,21.1746074425,0.287,-0.008
0400-319,2020,9,60.5886082048,0.176,-31.79054056,0.284,-0.115
0402-362,2020,27,60.9739578621,0.202,-36.0838648031,0.278,0.12
0403-132,2020,9,61.3916807835,0.197,-13.1371363812,0.279,0.147
0405-385,2020,28,61.7459805688,0.243,-38.4411227551,0.333,-0.033
0410+110,2020,4,63.4180877303,0.683,11.2041071687,0.669,-0.284
0410+168,2020,1,63.3430325534,1.592,16.9975284817,1.496,0.183
0414-189,2020,10,64.1522684675,0.527,-18.8523166447,0.45,0.311
0415+398,2020,7,64.8439562771,0.215,39.9247160352,0.161,0.003
0418+532,2020,17,65.6849953541,0.458,53.4072952439,0.31,0.262
0420+022,2020,17,65.7175610816,0.178,2.3241474879,0.257,0.333
0420-014,2020,39,65.8158363612,0.16,-1.3425182308,0.225,0.141
0422+004,2020,3,66.1951752742,0.119,0.6017580266,0.183,0.039
0422-380,2020,4,66.1760154523,0.44,-37.9391068205,0.541,0.094
0423+233,2020,3,66.7322284393,0.199,23.4610093843,0.245,-0.129
0426+273,2020,1,67.470669714,0.365,27.4105208879,0.85,0.279
0430+052,2020,3,68.2962312793,0.124,5.3543386672,0.195,0.194
0430+289,2020,2,68.4076241856,0.849,29.0987436667,0.641,-0.333
0434-188,2020,13,69.2561779327,0.633,-18.7468376473,1.782,-0.303
0436-129,2020,3,69.6459208213,0.66,-12.8509330975,0.61,0.542
0437-454,2020,9,69.7535609361,0.356,-45.3729344051,0.364,0.154
0438-436,2020,1,70.0715832345,0.359,-43.5523899624,0.336,-0.465
0440+345,2020,5,70.8818133113,0.361,34.6851845061,0.342,-0.081
0440-003,2020,1,70.6610874859,0.169,-0.2953947076,0.184,-0.009
0442+389,2020,11,71.5478917435,0.373,39.0047498501,0.38,0.002
0446+112,2020,42,72.2819629217,0.153,11.3579434565,0.199,-0.035
0450-743,2020,1,72.2023246867,2.601,-74.2920135236,1.266,-0.7
0451-282,2020,2,73.3110283293,0.194,-28.1270350868,0.232,-0.011
0454+844,2020,21,77.1765146916,2.026,84.534595634,0.182,0.074
0454-234,2020,55,74.2632468067,0.153,-23.4144502661,0.252,0.011
0454-463,2020,14,73.9615522793,0.622,-46.2662999286,0.481,-0.14
0454-810,2020,3,72.5226677435,2.153,-81.0172864563,0.339,0.228
0458+138,2020,2,75.438628449,0.291,13.9353391907,0.386,0.154
0458-020,2020,73,75.3033745158,0.138,-1.9872934362,0.192,0.012
0506+101,2020,2,77.3644044784,0.492,10.1957222997,0.407,0.054
0506-612,2020,2,76.6832864023,0.832,-61.1613871311,0.524,0.3
0507+179,2020,1,77.509871385,0.096,18.0115504961,0.12,0.035
0508+138,2020,1,77.90966517,0.246,13.9553315251,0.253,-0.062
0510+559,2020,2,78.5779150573,0.235,56.0364037491,0.143,0.125
0515+208,2020,6,79.5159356498,0.298,20.9145826443,0.322,0.116
0516+276,2020,1,79.8876099583,4.58,27.7345280324,16.141,0.08
0516-340,2020,3,79.5144657817,2.443,-34.0415590316,2.568,-0.191
0516-621,2020,2,79.1871924402,0.533,-62.1181636396,0.33,0.018
0517-726,2020,1,79.1571621777,2.354,-72.6187412526,1.302,-0.749
0521-365,2020,1,80.7416207383,0.695,-36.4585768177,0.485,0.265
0522-611,2020,4,80.6434395125,1.827,-61.132537178,1.07,-0.204
0524+034,2020,1,81.8862727375,2.588,3.52542136,2.574,-0.75
0528+134,2020,6,82.7350697414,0.194,13.5319860238,0.377,0.379
0528-250,2020,4,82.5331782339,0.806,-25.0583054447,1.228,-0.173
0529+483,2020,38,83.3161074876,0.148,48.3813355242,0.12,-0.06
0529-355,2020,2,82.8767325993,2.163,-35.5591188332,2.871,-0.048
0530-727,2020,52,82.3751756995,0.793,-72.7579187568,0.258,-0.122
0534-340,2020,6,84.118468136,0.278,-34.0198525164,0.471,0.032
0536+145,2020,10,84.9265250885,0.188,14.5626560261,0.27,-0.098
0537-286,2020,40,84.9761727536,0.264,-28.6655410974,0.319,0.047
0537-441,2020,80,84.7098398008,0.298,-44.0858164304,0.318,0.108
0544+273,2020,21,86.8922871523,0.159,27.3657896938,0.165,0.047
0548+084,2020,2,87.796789088,0.262,8.4864504574,0.566,-0.235
0548+378,2020,5,88.0747372327,0.494,37.9070230275,0.533,0.011
0549-575,2020,2,87.5399173707,0.43,-57.5401101416,0.235,0.396
0552+398,2020,19,88.8783568484,0.292,39.8136567511,0.215,0.144
0556+238,2020,9,89.8834714009,0.387,23.898313019,0.546,-0.056
0600+177,2020,3,90.7880427063,0.168,17.7046695622,0.218,0.63
0601-172,2020,4,90.9905516358,1.891,-17.2745050706,0.472,0.712
0602+673,2020,32,91.9694649918,0.298,67.348725033,0.142,-0.104
0605-085,2020,4,91.9987571764,0.551,-8.5805560087,0.384,-0.203
0606-223,2020,47,92.2486951445,0.207,-22.3391546221,0.331,0.007
0607-157,2020,1,92.4206438384,1.057,-15.7112999376,0.629,0.671
0613+570,2020,60,94.3205106693,0.243,57.0212286612,0.157,-0.05
0615+820,2020,3,96.5125262724,0.574,82.0404355245,0.08,-0.124
0627-199,2020,7,97.3490078517,0.262,-19.9888122323,0.328,-0.008
0628-627,2020,1,97.2395326674,1.718,-62.8124301052,1.808,-0.658
0628-671,2020,1,97.1650321193,2.368,-67.2131688181,1.547,-0.606
0629+159,2020,1,98.1396499955,1.472,15.9062743295,2.521,-0.39
0632-235,2020,13,98.7458374416,0.192,-23.5866548934,0.283,0.018
0634-584,2020,1,98.9201253133,2.239,-58.4528554971,2.412,-0.117
0637-752,2020,1,98.94382618,1.768,-75.2713411976,0.406,-0.02
0639-032,2020,1,100.4630539281,0.406,-3.3468284016,0.443,-0.286
0641+392,2020,33,101.2237899564,0.181,39.2465372196,0.172,0.097
0642+449,2020,18,101.6334414863,0.161,44.8546083794,0.139,0.02
0642-349,2020,4,101.1053376118,2.175,-34.994985955,1.12,0.696
0646-306,2020,46,102.0587352896,0.239,-30.7387944251,0.316,0.019
0648-165,2020,35,102.6024244682,0.154,-16.6277016753,0.237,0.056
0653+139,2020,1,104.0340995799,0.843,13.9146676368,1.275,0.026
0656+082,2020,43,104.824983429,0.176,8.2252649888,0.436,-0.133
0657+172,2020,2,105.0063564968,0.367,17.1560282242,0.253,-0.05
0700-197,2020,30,105.6787527192,0.227,-19.8561209508,0.299,-0.043
0707+476,2020,1,107.692103717,0.149,47.5364285699,0.129,0.07
0714+457,2020,4,109.4660517351,0.644,45.6342390939,0.361,-0.502
0716+714,2020,47,110.4727019256,0.295,71.343434295,0.118,-0.074
0718+792,2020,30,111.5488967701,0.893,79.1919489833,0.153,-0.046
0722+145,2020,1,111.3200318806,0.279,14.4204851768,0.212,0.234
0723+219,2020,4,111.5594198228,0.138,21.8889205579,0.216,-0.146
0723-008,2020,1,111.4610023608,0.641,-0.9157116461,0.412,-0.074
0727-115,2020,87,112.5796353349,0.155,-11.6868335425,0.247,0.019
0729+259,2020,2,113.2344802783,0.113,25.8107765475,0.17,-0.077
0731+166,2020,1,113.498737554,4.765,16.5182715589,3.762,0.396
0734+175,2020,1,114.3886887056,3.527,17.4843959383,10.026,0.474
0736+017,2020,22,114.8251413895,0.114,1.6179493936,0.193,0.048
0738+313,2020,6,115.2945977855,0.367,31.2000635059,0.336,-0.086
0738+491,2020,16,115.5114539975,0.138,49.0043358935,0.13,-0.005
0743+259,2020,2,116.6078089918,0.176,25.81725963,0.17,0.098
0743+277,2020,36,116.6684679768,0.174,27.5830686827,0.182,-0.014
0743-006,2020,1,116.4753430156,0.077,-0.7382056331,0.155,0.116
0743-247,2020,1,116.2927633182,3.051,-24.8621571968,1.942,0.255
0745+241,2020,2,117.1504553935,0.154,24.0066971143,0.166,0.031
0747+185,2020,4,117.5013747551,0.29,18.3865020189,0.273,0.001
0748+126,2020,56,117.716857244,0.149,12.5180078907,0.216,-0.003
0749+540,2020,13,118.2557690114,0.313,53.8832325114,0.231,0.199
0759+183,2020,4,120.7001331595,0.094,18.1636804907,0.171,-0.255
0800+618,2020,30,121.3257480738,0.327,61.7399168543,0.179,-0.085
0802-010,2020,4,121.3037017683,0.321,-1.1871652534,0.289,0.038
0804+499,2020,12,122.165276202,0.241,49.8434807166,0.208,-0.318
0805+410,2020,27,122.2360501862,0.189,40.8791358542,0.173,0.1
0808+019,2020,38,122.8612804702,0.162,1.7811722713,0.226,0.019
0812+020,2020,2,123.8456717767,0.928,1.9165223685,0.399,0.377
0812+367,2020,1,123.8581037391,0.848,36.5875423801,0.467,0.121
0814+425,2020,13,124.5666649714,0.138,42.3792819311,0.125,0.04
0818-128,2020,5,125.2393650811,0.292,-12.9831024331,0.291,0.193
0821+394,2020,40,126.2311827615,0.16,39.2783067046,0.167,-0.101
0823+033,2020,33,126.4597433556,0.149,3.1568110688,0.352,0.229
0823-223,2020,2,126.5065527153,6.668,-22.5075552516,6.628,-0.972
0823-500,2020,1,126.36195333,6.782,-50.1773588653,3.036,0.098
0826-373,2020,2,127.0199173616,0.371,-37.5184149613,0.547,0.45
0827+243,2020,19,127.7170258141,0.173,24.1832833822,0.174,-0.042
0829+089,2020,3,127.9795478967,0.368,8.7954586885,0.508,0.308
0834+250,2020,2,129.4176905379,0.219,24.9064225147,0.178,0.266
0834-201,2020,47,129.1633969147,0.364,-20.2831957379,0.501,0.267
0836+710,2020,1,130.3515052652,1.375,70.8950480899,0.757,0.3
0847-120,2020,15,132.5401484284,0.22,-12.2264933467,0.284,0.19
0851+146,2020,1,133.4738600446,1.087,14.4889457908,1.496,-0.198
0851+202,2020,103,133.7036455743,0.131,20.108511368,0.165,0.026
0854-108,2020,16,134.1741839727,0.206,-11.0873417109,0.384,0.096
0855-716,2020,1,133.7990411846,2.177,-71.8184609667,0.853,-0.541
0903+154,2020,1,136.5812299862,3.434,15.2206368,4.768,0.452
0906+015,2020,1,137.2920604568,0.469,1.3598924862,0.369,0.328
0912+029,2020,14,138.6579726123,0.13,2.7664573184,0.248,-0.148
0914-160,2020,1,139.3160459625,15.064,-16.300917708,8.781,0.861
0917-354,2020,3,139.7787076598,3.353,-35.6408416749,2.948,0.28
0919-260,2020,1,140.3723065273,0.976,-26.3120515769,0.278,0.195
0920+390,2020,9,140.8102206966,0.324,38.8277527501,0.307,-0.002
0920-397,2020,69,140.6934093735,0.37,-39.9930745591,0.546,-0.053
0923+392,2020,5,141.762558431,0.166,39.0391254736,0.122,-0.101
0925-203,2020,8,141.9659346859,0.443,-20.5808980261,0.504,-0.304
0926-039,2020,1,142.1394555299,0.972,-4.1524573576,2.103,-0.302
0930-080,2020,2,143.3212308422,0.206,-8.3196806597,0.246,-0.015
0933+503,2020,2,144.3013640726,0.409,50.1478048399,0.438,0.048
0949+354,2020,2,148.1334424357,0.165,35.2145563896,0.174,0.021
0950-271,2020,2,148.0678907664,2.171,-27.3476228406,2.991,-0.295
0951+268,2020,1,148.6658188451,0.094,26.6568176274,0.127,0.019
0953+254,2020,2,149.2078140899,0.315,25.2544585491,0.37,0.503
0954+658,2020,2,149.6968542024,0.622,65.5652272941,0.187,-0.134
0955+326,2020,3,149.5872906257,0.299,32.4006143244,0.339,-0.249
0955+476,2020,56,149.5819651414,0.146,47.4188451591,0.13,0.027
0958+346,2020,4,150.2997885121,0.89,34.4140163343,1.061,0.565
0959-443,2020,1,150.4996255539,4.074,-44.633498344,3.381,0.113
1012+232,2020,1,153.6961059203,0.223,23.021269577,0.295,-0.051
1013+054,2020,3,154.0130686699,0.099,5.217317036,0.179,0.284
1013+127,2020,2,153.9334305255,0.617,12.4519639196,0.642,0.148
1014+615,2020,4,154.3578648398,0.34,61.2743046475,0.162,-0.062
1015+359,2020,5,154.5457836983,0.176,35.7109556741,0.226,-0.019
1016-311,2020,3,154.619806397,0.346,-31.3982916108,0.308,-0.357
1021-006,2020,1,156.1232780265,0.204,-0.8820824487,0.373,0.145
1022+194,2020,1,156.1867067259,0.354,19.2056711527,0.282,0.046
1027-186,2020,2,157.3879068685,1.006,-18.8806353908,3.973,0.336
1030+074,2020,1,158.391768292,0.447,7.190596496,0.414,-0.117
1030+415,2020,13,158.265449528,0.188,41.2683981146,0.167,0.021
1034+102,2020,1,159.4030843144,0.597,10.0026219191,1.278,-0.041
1034-293,2020,35,159.3169988917,1.091,-29.567448162,0.664,-0.504
1034-374,2020,2,159.2226648793,0.349,-37.7375182531,0.341,0.029
1036-529,2020,2,159.6694044437,0.779,-53.1953530751,0.472,-0.257
1038+528,2020,22,160.4449236719,0.456,52.5578424408,0.366,0.091
1039+811,2020,10,161.0960938064,0.514,80.910956416,0.088,0.106
1040+244,2020,27,160.7876491845,0.14,24.1431693536,0.179,0.056
1042+071,2020,1,161.2329755701,7.651,6.9272801894,10.488,-0.807
1044+719,2020,1,162.115084444,0.4,71.7266495131,0.169,-0.147
1045+063,2020,1,162.1236933674,0.739,6.0771934941,1.33,-0.089
1045-188,2020,3,162.0275857891,0.282,-19.1599242256,0.261,0.176
1046-409,2020,1,162.1594630287,3.824,-41.2333660986,2.258,-0.91
1047+038,2020,1,162.4062524596,2.055,3.6044184522,11.337,-0.942
1049+215,2020,1,162.953287573,0.987,21.3311984114,1.057,-0.299
1050+024,2020,1,163.2099083567,0.597,2.1570642412,1.322,-0.063
1053+704,2020,85,164.2234062077,0.368,70.1960876837,0.122,0.073
1053+815,2020,4,164.5480638053,2.886,81.2424097742,0.411,0.286
1055+018,2020,1,164.623367764,0.339,1.5663434344,0.289,0.198
1057-797,2020,88,164.6804574361,1.207,-80.0650443925,0.202,-0.005
1059+282,2020,24,165.5595352778,0.221,27.9524137708,0.222,0.05
1100+122,2020,1,165.7647076692,0.566,11.9712838911,1.705,0.733
1101+384,2020,7,166.1138081126,0.278,38.208833182,0.306,-0.294
1104+728,2020,4,166.923844096,1.902,72.543334514,0.565,-0.185
1104-445,2020,20,166.7862256284,0.839,-44.8187827558,0.678,-0.518
1111+149,2020,12,168.4945628238,0.216,14.7074869038,0.29,-0.087
1116-462,2020,2,169.6123235499,0.891,-46.5708335437,0.621,0.656
1123+264,2020,13,171.4737997123,0.141,26.1722163137,0.13,-0.039
1124-186,2020,71,171.7683018745,0.188,-18.9548449011,0.259,0.037
1125+366,2020,4,171.995295157,0.8,36.3412084094,0.667,-0.171
1127-045,2020,1,172.39796514,1.159,-4.7831913989,4.083,0.342
1128+385,2020,21,172.7220110536,0.156,38.2551518921,0.146,0.169
1130+009,2020,2,173.3335666243,1.48,0.6813438479,0.521,0.782
1133-032,2020,6,174.1024038633,0.122,-3.5081933886,0.222,-0.082
1142-225,2020,1,176.3418619214,0.357,-22.8420395693,0.315,0.04
1143-031,2020,1,176.6149564643,1.066,-3.3973526301,3.939,0.328
1143-245,2020,2,176.5337634319,5.952,-24.7924698763,5.438,0.671
1143-332,2020,4,176.6185492474,0.793,-33.478508362,2.094,0.609
1144+402,2020,42,176.7429079724,0.167,39.9761957377,0.154,0.056
1144-043,2020,1,176.7702666496,1.072,-4.5950578109,3.956,0.318
1144-379,2020,95,176.755711336,0.296,-38.2030620295,0.342,-0.008
1145+268,2020,4,176.9990161778,0.175,26.5950924171,0.274,-0.328
1145-071,2020,37,176.9648084346,0.337,-7.4114281243,0.299,-0.075
1147+245,2020,1,177.5800505984,0.169,24.2982877902,0.301,-0.114
1149-084,2020,49,178.0717062702,0.164,-8.6842538793,0.224,0.096
1150+497,2020,6,178.3519443493,0.345,49.5191194417,0.258,-0.099
1156+295,2020,18,179.8826413804,0.232,29.2455074786,0.301,0.107
1156-215,2020,1,179.7949309971,24.635,-21.8346378733,26.277,0.977
1157-011,2020,1,179.920712219,1.103,-1.4523359763,3.965,0.278
1204+399,2020,1,181.6543888924,0.455,39.684374018,0.289,0.349
1212+171,2020,4,183.7665797734,0.339,16.9105435637,0.378,-0.019
1213-172,2020,18,183.9447990504,0.213,-17.5292786509,0.267,0.162
1215+303,2020,4,184.467008122,0.633,30.1168430723,0.561,-0.159
1219+044,2020,20,185.5939567758,0.145,4.2210489368,0.355,0.204
1221+809,2020,5,185.9187238058,0.628,80.6678723476,0.114,-0.104
1221-055,2020,1,185.9419029688,3.304,-5.7827897759,4.954,-0.241
1226+023,2020,1,187.2779161042,1.118,2.0523885382,0.703,0.472
1226+373,2020,2,187.1975984437,0.958,37.103360541,1.707,0.085
1227+255,2020,3,187.5587057285,0.13,25.3019824324,0.195,0.351
1228+126,2020,60,187.7059308296,0.155,12.3911232568,0.186,0.028
1236+077,2020,1,189.8524513228,0.115,7.5047747583,0.144,0.072
1240+381,2020,2,190.7140376245,0.179,37.8500072096,0.141,0.06
1243-072,2020,48,191.517633815,0.233,-7.5129373355,0.243,0.061
1243-160,2020,36,191.4739261246,0.169,-16.2793625873,0.237,0.109
1244-255,2020,56,191.6950085549,0.206,-25.7970246473,0.288,-0.015
1249-116,2020,1,193.1101680352,1.698,-11.9687565099,2.884,0.682
1251-197,2020,4,193.6552314985,1.338,-20.01566885,0.9,0.482
1251-713,2020,12,193.7496725157,1.05,-71.6384546105,0.323,0.058
1252+119,2020,1,193.6593985466,0.203,11.6849708904,0.173,-0.061
1253-055,2020,1,194.0465409515,0.345,-5.7893060232,0.293,0.396
1255-177,2020,2,194.6595897572,0.706,-18.0008677105,0.541,0.223
1255-316,2020,68,194.4960867868,0.316,-31.921347629,0.403,0.299
1257-127,2020,1,195.0781204969,23.989,-13.0482054509,25.553,0.996
1300+580,2020,20,195.7186053575,0.246,57.8104470613,0.128,0.211
1306+360,2020,7,197.0987880386,0.169,35.7769900222,0.155,-0.089
1306-395,2020,3,197.4520344168,0.347,-39.8091904697,0.39,0.052
1308+326,2020,2,197.6194327858,0.294,32.3454953299,0.287,-0.004
1308+328,2020,12,197.7475114067,0.412,32.5595693042,0.352,0.446
1313-333,2020,4,199.0332748536,0.307,-33.6497701586,0.459,0.267
1324+224,2020,64,201.75358884,0.152,22.1806007865,0.168,0.042
1325+126,2020,3,201.9778457938,0.254,12.3858829337,0.256,-0.013
1327+504,2020,7,202.2741780196,0.606,50.1573335746,0.385,-0.024
1330+022,2020,4,203.2219605446,0.216,2.0126942395,0.192,0.045
1330+476,2020,4,203.1885266775,0.661,47.3729631,0.543,-0.065
1333-152,2020,3,204.1420385461,0.648,-15.4966866401,1.02,0.408
1334-127,2020,41,204.4157616161,0.157,-12.9568592279,0.244,0.022
1334-649,2020,1,204.468522034,3.641,-65.1569168161,2.04,0.07
1342+662,2020,9,205.9414981141,0.627,66.040484695,0.276,0.117
1349-439,2020,3,208.2355623739,0.971,-44.2112190419,1.14,0.136
1351-018,2020,30,208.5287305111,0.23,-2.100886214,0.656,0.329
1352-104,2020,1,208.6938280704,0.673,-10.6840709547,4.575,0.41
1354-152,2020,7,209.2968541033,0.352,-15.457996351,0.301,0.423
1404+286,2020,1,211.7516433133,0.329,28.4540805006,0.316,0.453
1406-076,2020,49,212.2353383992,0.137,-7.8740739863,0.197,0.029
1406-267,2020,6,212.4590406102,0.295,-26.960272424,0.462,0.193
1417+273,2020,6,214.9970710813,0.226,27.1070980127,0.238,-0.173
1417+385,2020,50,214.9442239919,0.193,38.3634652894,0.17,0.052
1418+546,2020,60,214.9441557899,0.252,54.3874408984,0.167,-0.059
1420-679,2020,3,216.2314894806,1.044,-68.1328040798,0.481,-0.182
1423+146,2020,3,216.4542418675,0.201,14.4158061592,0.198,-0.199
1424+240,2020,20,216.7516324263,0.262,23.8000103934,0.308,-0.018
1424-418,2020,101,216.9845731678,0.33,-42.1053992881,0.353,0.002
1428+370,2020,1,217.6690963596,1.649,36.8177469968,0.281,-0.269
1432+200,2020,2,218.6658057138,0.163,19.8668710962,0.218,0.409
1435-218,2020,3,219.5394558005,0.323,-22.0818746249,0.322,0.043
1441+252,2020,1,220.9870509479,0.363,25.0290252496,0.802,-0.496
1443-162,2020,2,221.4724012843,0.415,-16.4837830952,0.411,-0.804
1448+762,2020,2,222.1199129079,0.738,76.0198880888,0.19,0.225
1448-648,2020,1,223.165329907,1.239,-65.034287654,1.194,0.617
1451-375,2020,17,223.6142073777,0.259,-37.7925401898,0.356,0.163
1451-400,2020,1,223.6371334273,1.161,-40.2090344921,3.802,0.314
1453-109,2020,1,223.9786838625,0.948,-11.1453913961,2.423,-0.146
1456+044,2020,2,224.7473175549,0.286,4.270505136,0.86,-0.341
1458+718,2020,2,224.7815996102,0.348,71.6721853362,0.13,-0.129
1459+480,2020,2,225.2027263483,0.793,47.8543165217,0.448,0.161
1501+084,2020,1,226.1005443926,0.415,8.2276879189,1.068,0.114
1501+085,2020,1,226.1053591295,0.413,8.3163347499,1.068,0.116
1502+036,2020,23,226.2769882015,0.138,3.441892368,0.195,0.025
1502+106,2020,2,226.1040813557,0.56,10.4942212431,1.257,0.281
1503-127,2020,1,226.6163072129,1.653,-12.9066021343,2.776,0.307
1504+377,2020,33,226.5397082212,0.212,37.5142035367,0.215,0.106
1508+572,2020,3,227.5121765678,0.164,57.0453822163,0.109,-0.08
1508-055,2020,7,227.7232976329,0.258,-5.7187270911,0.273,0.21
1509-057,2020,1,228.0951555416,0.805,-5.9114775125,2.056,-0.046
1510-089,2020,5,228.2105620303,0.544,-9.0999458009,0.439,-0.032
1511-476,2020,1,228.6667675194,0.507,-47.8082930268,0.686,-0.169
1514+197,2020,34,229.2366506802,0.206,19.5369422026,0.236,0.098
1519-273,2020,39,230.6569830398,0.444,-27.5029958721,0.425,0.09
1519-294,2020,2,230.6061931297,0.451,-29.6070087159,0.337,0.562
1520+319,2020,14,230.5416320983,0.434,31.737328287,0.332,0.129
1520+437,2020,5,230.4567245288,0.186,43.6109078725,0.204,0.153
1535+013,2020,1,234.5530964851,0.374,1.13988134,1.073,0.088
1538+149,2020,13,235.2062146515,0.205,14.7960790308,0.204,-0.038
1540-828,2020,1,237.7464282188,4.424,-82.9685679845,0.398,0.03
1546+027,2020,38,237.3726535275,0.147,2.6169897496,0.209,0.132
1548+056,2020,1,237.6469551634,0.123,5.4529023437,0.125,-0.061
1555+001,2020,17,239.464308247,0.189,-0.0306705012,0.199,0.005
1556-245,2020,1,239.922538278,0.888,-24.7107866774,0.337,0.019
1557+043,2020,1,240.0105712788,0.36,4.2160630142,1.062,0.15
1601+112,2020,3,240.9247136173,0.273,11.096855341,0.264,0.092
1602-115,2020,6,241.3230485339,0.127,-11.6574530991,0.242,0.199
1603+064,2020,1,241.5286851971,0.384,6.3302046538,1.067,0.156
1604-037,2020,1,241.6867727898,0.747,-3.8945488304,1.629,-0.157
1606+106,2020,20,242.1925133437,0.216,10.4854934903,0.208,0.303
1606-398,2020,3,242.5911628651,0.288,-39.9828688744,0.584,0.36
1608+243,2020,4,242.6751116521,0.145,24.2469476959,0.157,-0.134
1610-771,2020,1,244.4553243428,1.807,-77.2884569335,0.403,-0.081
1611+343,2020,16,243.421101029,0.36,34.2133080627,0.297,0.083
1614+051,2020,4,244.1564867716,0.111,4.992426833,0.209,0.057
1615+029,2020,2,244.4579505532,0.7,2.7786400193,1.02,0.166
1616+063,2020,12,244.7653653407,0.125,6.217289594,0.214,0.382
1617+229,2020,24,244.8117692165,0.247,22.7966252523,0.222,0.019
1619-680,2020,2,246.0768210565,0.485,-68.1534714022,0.266,0.011
1622-253,2020,8,246.4453817762,0.558,-25.4606463938,0.39,0.122
1623+578,2020,27,246.1033649231,0.53,57.687855877,0.281,-0.093
1623-243,2020,1,246.7500174198,21.532,-24.4445850523,25.071,0.969
1633+382,2020,1,248.8145674142,0.82,38.1345845293,0.629,0.544
1636+473,2020,18,249.4380440419,0.205,47.2927308521,0.181,-0.016
1637+826,2020,23,248.1332080793,0.938,82.5378888796,0.12,-0.108
1637-771,2020,1,251.0671670488,3.303,-77.2635589684,1.062,0.098
1638+398,2020,44,250.1234698964,0.162,39.7794523378,0.153,-0.007
1639+230,2020,47,250.3551149129,0.159,22.951120191,0.209,-0.035
1639-062,2020,70,250.5090738369,0.168,-6.356581986,0.217,0.109
1641+173,2020,1,250.9524997515,1.488,17.2637300561,1.261,-0.337
1641+399,2020,3,250.7450426546,0.962,39.8102765704,0.765,0.296
1642+690,2020,1,250.5327206377,2.417,68.9443821759,0.662,0.21
1645+224,2020,4,252.0063980692,0.329,22.4092077548,0.318,-0.051
1647-296,2020,2,252.6647664195,1.354,-29.7297094874,0.383,-0.084
1651+391,2020,5,253.2437899113,0.25,39.0471728318,0.225,-0.162
1652+398,2020,2,253.4675694343,0.324,39.7601691933,0.323,-0.063
1656-075,2020,2,254.6835917252,1.628,-7.6549153924,0.62,-0.01
1657-261,2020,89,255.2214752622,0.222,-26.1810348094,0.306,-0.035
1657-562,2020,2,255.4369088518,0.454,-56.3655284423,0.394,0.092
1659+399,2020,1,255.3526451499,0.179,39.9103030629,0.252,0.166
1705+018,2020,23,256.8933968888,0.191,1.8126942861,0.234,0.114
1706-174,2020,2,257.3931057091,0.701,-17.4814922471,1.764,0.385
1713+218,2020,1,258.8286234933,1.745,21.7724917238,1.598,-0.522
1717+178,2020,7,259.8043687463,0.36,17.7517881074,0.388,0.041
1718-259,2020,1,260.4832462421,1.089,-25.9779707145,2.147,-0.324
1722+330,2020,8,261.0591575538,0.428,33.0510939887,0.513,-0.322
1725+044,2020,3,262.1039696516,0.172,4.4513649646,0.21,-0.009
1725+123,2020,11,262.0293800695,0.431,12.2609681909,0.42,0.252
1726+455,2020,11,261.8652117392,0.15,45.5110364755,0.173,0.171
1730-130,2020,9,263.2612751851,0.287,-13.0804292878,0.3,0.061
1732+389,2020,11,263.5857439734,0.146,38.9642897977,0.134,-0.013
1736+324,2020,1,264.6687578339,0.322,32.4025071094,0.413,0.36
1737-081,2020,5,265.0065258069,0.21,-8.1874392654,0.252,0.247
1738+476,2020,5,264.9880380982,0.269,47.6328781629,0.217,0.129
1739+522,2020,2,265.1540743513,0.179,52.1953910536,0.149,-0.213
1741-038,2020,92,265.9952339562,0.137,-3.8346157367,0.216,0.035
1743+173,2020,1,266.3967008003,0.102,17.3337288217,0.159,0.083
1745+624,2020,9,266.5584754012,0.347,62.4485384543,0.214,-0.022
1746+470,2020,3,266.8610305146,0.199,46.980812505,0.235,-0.2
1749+096,2020,45,267.8867441454,0.12,9.6502023698,0.167,0.117
1751+288,2020,48,268.4269735752,0.125,28.8013719448,0.141,0.038
1753+204,2020,2,268.8980041725,0.168,20.3992046311,0.241,-0.228
1754+155,2020,4,269.2212589159,0.138,15.5891184182,0.215,0.041
1758+388,2020,5,270.1031888763,0.472,38.8085271843,0.238,-0.108
1758-651,2020,31,270.8479027033,0.787,-65.1268782175,0.466,0.242
1759-396,2020,89,270.677833481,0.35,-39.6688633745,0.412,0.06
1800+440,2020,5,270.3846452057,0.274,44.0727501283,0.214,0.049
1800-278,2020,1,270.8207982246,26.254,-27.8038826489,31.633,0.993
1803+784,2020,18,270.1903497611,0.486,78.4677828782,0.117,0.045
1806+456,2020,58,272.091191227,0.181,45.7057962235,0.164,0.075
1807+698,2020,54,271.711169455,0.358,69.8244745962,0.126,-0.037
1814-637,2020,1,274.8958457084,2.279,-63.7633926319,1.821,0.333
1823+568,2020,1,276.0294516342,0.266,56.8504143446,0.192,-0.188
1823+689,2020,3,275.886891326,0.466,68.964614565,0.228,0.045
1824-582,2020,1,277.3016766282,0.564,-58.2319892686,0.328,-0.055
1831-711,2020,1,279.3696459816,0.553,-71.1454317449,0.384,0.095
1842+681,2020,4,280.640173649,0.253,68.1570077356,0.116,-0.062
1846+322,2020,44,282.092035805,0.174,32.3173899277,0.196,0.069
1849+670,2020,22,282.3169680727,0.252,67.0949112037,0.109,-0.002
1851+488,2020,5,283.1189492566,0.188,48.9298558421,0.164,0.203
1908+484,2020,1,287.4440112309,1.98,48.5755060575,3.076,-0.361
1908-201,2020,52,287.7902204214,0.249,-20.1153080542,0.444,0.199
1909+161,2020,20,287.9927391858,0.271,16.1963513512,0.331,0.174
1920-211,2020,5,290.8841244333,0.479,-21.075925828,0.541,0.484
1921-293,2020,37,291.2127332311,0.231,-29.2417002529,0.328,0.155
1923+210,2020,13,291.4983555218,0.152,21.1072672633,0.221,0.087
1928+154,2020,2,292.7198624337,0.324,15.5428963675,0.249,0.244
1928-698,2020,1,293.3798322262,1.898,-69.7163654622,1.457,0.786
1929+226,2020,23,292.85381996,0.21,22.7253495668,0.249,-0.006
1929-457,2020,1,293.1870299845,2.372,-45.6105383217,3.692,0.41
1933-400,2020,5,294.3175722675,0.337,-39.9670980706,0.406,-0.07
1936+046,2020,3,294.6277899424,0.488,4.8032261634,0.501,-0.328
1936-155,2020,61,294.8610740233,0.185,-15.428627392,0.277,0.037
1936-623,2020,1,295.3407017971,1.371,-62.1891831331,2.028,0.766
1937-101,2020,3,294.9885690672,0.246,-10.0448664094,0.461,-0.174
1949-052,2020,3,297.9477852654,0.24,-5.162211887,0.342,-0.005
1952+138,2020,1,298.7982141635,0.183,13.9711781112,0.223,-0.059
1954+513,2020,2,298.9280762402,0.272,51.5301518533,0.235,-0.079
1954-388,2020,81,299.4992469745,0.308,-38.7517655778,0.352,-0.005
1958-179,2020,8,300.2378768476,0.156,-17.8160202708,0.315,0.345
1959-150,2020,1,300.5389985887,1.147,-14.9254979072,3.698,-0.051
2000+148,2020,9,300.6749967677,0.333,15.0207148767,0.371,0.193
2000+472,2020,54,300.5434094816,0.162,47.4246593618,0.143,0.002
2007+150,2020,1,302.5341630042,0.833,15.2330040785,1.267,0.025
2008-159,2020,54,302.8154622978,0.174,-15.777848389,0.263,0.087
2009-169,2020,1,303.1257448505,1.172,-16.7806812624,1.161,0.154
2010-249,2020,2,303.3224762586,2.356,-24.8065065432,3.285,-0.235
2013+163,2020,6,304.0577502068,0.229,16.5428091863,0.241,-0.016
2022+542,2020,1,305.9826832432,0.457,54.4599524613,0.36,-0.218
2022-077,2020,2,306.4194184325,0.126,-7.5979690873,0.162,0.02
2024-223,2020,1,306.7786674395,1.905,-22.1365136804,2.835,0.424
2029+024,2020,4,307.9468800362,0.696,2.6603564678,0.575,0.007
2029+121,2020,5,307.9791428004,0.144,12.3281499494,0.214,0.013
2036-034,2020,1,309.7916044373,1.626,-3.2873382063,1.955,-0.337
2037+216,2020,4,309.8950346112,0.185,21.8693564358,0.259,-0.127
2037+511,2020,52,309.6543114491,0.179,51.320184049,0.139,0.014
2037-253,2020,2,310.0365535516,0.447,-25.1296286922,0.777,-0.409
2052-474,2020,65,314.0681658706,0.418,-47.2465632368,0.357,-0.038
2059+034,2020,56,315.4118088852,0.155,3.692033589,0.225,0.092
2104+248,2020,1,316.6656578034,1.255,25.0159671472,3.951,-0.301
2106+143,2020,4,317.170967256,0.17,14.5075035883,0.255,0.309
2106-413,2020,1,317.3882861544,0.425,-41.1723906208,0.31,-0.124
2109-811,2020,1,319.128521166,3.453,-80.8986731152,0.966,0.755
2111+400,2020,3,318.3728599548,0.827,40.2142740069,0.611,-0.154
2113+293,2020,79,318.8725560493,0.167,29.5606574672,0.176,0.018
2121+053,2020,2,320.9354897243,0.44,5.5894702709,0.372,0.11
2121+547,2020,2,320.7721396778,0.749,55.0075902021,0.471,0.104
2123-172,2020,1,321.6272370843,4.045,-16.9882255111,2.785,-0.334
2126-158,2020,46,322.3007328194,0.221,-15.644733922,0.401,0.21
2128-123,2020,24,322.8969240047,0.504,-12.1179988425,1.266,0.814
2131-021,2020,1,323.5429696683,0.413,-1.8881261434,0.343,0.135
2132-028,2020,1,323.8516074106,0.397,-2.5976204919,1.378,-0.175
2133-069,2020,1,324.0929509661,0.447,-6.731138224,1.418,-0.156
2134+004,2020,1,324.1607758427,1.875,0.6983920367,1.589,0.533
2135-147,2020,1,324.4383129336,3.312,-14.5488031897,2.645,-0.207
2136+141,2020,7,324.7554559272,0.215,14.3933307693,0.252,0.072
2141+175,2020,6,325.8981023646,0.46,17.7302187584,0.371,0.043
2142+110,2020,1,326.3282294921,1.173,11.2575868109,0.358,0.204
2142-758,2020,1,326.80304402,0.684,-75.6036735971,0.167,0.034
2144+092,2020,22,326.7923456269,0.14,9.4962978129,0.239,0.153
2145+067,2020,15,327.0227444085,0.18,6.9607233452,0.236,-0.07
2145+082,2020,4,326.9800811546,0.638,8.5033044834,0.493,-0.093
2149+056,2020,11,327.9078145967,0.261,5.8702650644,0.451,0.009
2149-307,2020,1,327.9813577106,0.328,-30.4649200579,0.366,0.09
2150+173,2020,1,328.1034147135,0.343,17.5771653646,0.201,0.35
2155+312,2020,8,329.3700995912,0.187,31.4503755275,0.24,0.111
2155-152,2020,1,329.5261854563,0.319,-15.0192624348,0.333,-0.034
2155-304,2020,4,329.7169384379,0.81,-30.2255885566,0.894,0.341
2159-090,2020,1,330.6548993136,0.488,-8.7937650295,1.448,-0.18
2200+420,2020,1,330.6804060398,1.099,42.2777712981,0.743,0.464
2201+171,2020,7,330.8620570828,0.177,17.4300688187,0.175,0.031
2201+315,2020,4,330.8123991313,0.142,31.760630496,0.149,-0.029
2204-540,2020,4,331.9322220841,0.527,-53.7760609581,0.509,0.167
2205+166,2020,2,331.9702736427,0.107,16.871615364,0.177,-0.28
2208-137,2020,4,332.8504144026,0.107,-13.4693677413,0.256,0.253
2209+236,2020,4,333.0248597095,0.459,23.9279286919,0.553,-0.136
2210-257,2020,1,333.2604083539,0.718,-25.4916891596,0.557,0.499
2214+241,2020,2,334.2534216079,0.173,24.3627662758,0.195,0.015
2214+350,2020,43,334.0833746075,0.3,35.3039389454,0.311,0.002
2215+020,2020,2,334.4509915016,0.102,2.3363088698,0.229,-0.035
2215+150,2020,18,334.5454746528,0.109,15.3432548775,0.149,0.024
2216-038,2020,4,334.7168230752,0.574,-3.593576954,1.263,-0.328
2220-351,2020,1,335.7747128659,6.58,-34.9297704395,2.859,0.969
2223-052,2020,59,336.4469136951,0.152,-4.9503863583,0.216,0.053
2227-088,2020,49,337.4170181248,0.162,-8.5484543569,0.25,0.15
2227-399,2020,1,337.6678273564,0.535,-39.7144621375,1.258,-0.66
2229+695,2020,45,337.6519572109,0.343,69.774465775,0.106,0.063
2230+114,2020,1,338.1517193365,0.408,11.7307993645,0.337,-0.204
2232-488,2020,1,338.8051523679,0.741,-48.599665115,0.743,0.529
2233-043,2020,1,339.0698933042,0.858,-4.1054647812,4.085,-0.451
2234+282,2020,1,339.0936440961,0.66,28.4826047028,0.47,0.19
2236-572,2020,3,339.800315755,0.431,-57.0169000299,0.294,0.106
2237-124,2020,1,340.1079213081,1.065,-12.1591664712,0.908,-0.632
2239+096,2020,1,340.4571555063,0.195,9.8979015863,0.292,0.207
2242-068,2020,1,341.4007412133,1.159,-6.5459659271,0.943,-0.423
2243-032,2020,1,341.5470448365,0.499,-3.01046937,1.409,-0.238
2243-123,2020,3,341.5759665394,0.137,-12.1142436885,0.37,0.379
2245-328,2020,3,342.1611905766,0.545,-32.5978306502,0.524,0.213
2249-028,2020,1,342.9815642778,8.421,-2.5670809777,62.319,-0.996
2249-035,2020,1,343.0938764867,3.075,-3.2648138212,22.397,-0.964
2249-204,2020,2,343.1393006885,1.989,-20.1441108316,3.832,0.15
2250+190,2020,15,343.2807049074,0.416,19.7096190594,0.627,0.2
2251+158,2020,2,343.490616945,0.661,16.1482112857,0.488,0.206
2254+024,2020,1,344.323180149,0.71,2.72153091,0.746,-0.64
2254+074,2020,8,344.3220964459,0.296,7.7200839779,0.245,0.052
2255-282,2020,99,344.5248453506,0.27,-27.9725712704,0.356,0.452
2307+106,2020,2,347.6188239589,0.211,10.9251934642,0.349,-0.239
2309+454,2020,32,347.9475373586,0.187,45.7322268611,0.158,-0.064
2314-409,2020,1,349.195499604,1.353,-40.6891904066,1.389,-0.72
2318+049,2020,32,350.1869024733,0.121,5.2305422952,0.189,0.083
2318-195,2020,1,350.2070488068,24.967,-19.3221656082,27.819,0.989
2319+317,2020,29,350.4789833065,0.146,32.068784037,0.16,-0.005
2319+444,2020,15,350.5848253285,0.421,44.7617649178,0.373,-0.021
2325+093,2020,11,351.8899189908,0.268,9.6692952365,0.269,0.02
2325-150,2020,2,351.9498511612,0.309,-14.7988195394,0.318,0.343
2326-068,2020,1,352.1633887953,1.925,-6.5744667337,8.435,-0.514
2326-477,2020,1,352.3237682824,0.822,-47.5053092798,0.815,0.763
2329-384,2020,10,352.997817238,0.381,-38.196569745,0.471,0.236
2329-415,2020,3,353.0793683391,1.025,-41.3104392946,1.007,0.232
2331-240,2020,2,353.4801576071,0.245,-23.7279607237,0.35,-0.374
2335-027,2020,34,354.4889128268,0.264,-2.5160081097,0.26,0.175
2336+598,2020,3,354.8380215619,0.527,60.1699582914,0.249,-0.353
2344-514,2020,1,356.8327667828,0.586,-51.1766843969,0.274,0.287
2351-154,2020,3,358.6258132731,0.419,-15.2197813624,0.452,0.406
2353+816,2020,8,359.0949746892,1.306,81.8811819952,0.158,-0.019
2353-686,2020,2,359.0028388555,0.401,-68.3342978737,0.157,-0.144
2355-106,2020,47,359.5453434415,0.157,-10.3357254784,0.247,0.075
2355-534,2020,1,359.4719498332,0.786,-53.1871416299,0.49,0.255
2356+196,2020,3,359.692021351,0.456,19.9223062042,0.339,-0.1
2356+385,2020,18,359.888253261,0.296,38.8450884651,0.247,-0.088
2357-318,2020,2,359.8978814937,0.441,-31.5621733203,0.754,0.598
2358+189,2020,2,0.2859232168,0.115,19.2427226917,0.199,0.111
