iers_name,year,num_ses,ra,ra_err,dec,dec_err,ra_dec_corr
0014+813,1994,19,4.2853120848,0.145,81.585593499,0.164,-0.018
0016+731,1994,52,4.9407766586,0.158,73.4583382491,0.147,-0.192
0048-097,1994,90,12.672155765,0.145,-9.4847806009,0.257,-0.225
0059+581,1994,123,15.6906765561,0.071,58.403093544,0.076,-0.037
0104-408,1994,12,16.6879498122,0.201,-40.5722112014,0.255,-0.176
0106+013,1994,10,17.1615462461,0.174,1.5834214482,0.254,-0.179
0119+041,1994,165,20.4869236857,0.17,4.3735373195,0.223,-0.037
0133+476,1994,18,24.2441449808,0.163,47.8580833387,0.2,-0.222
0201+113,1994,14,30.9444044,0.189,11.5792803868,0.353,-0.217
0202+149,1994,22,31.2100579303,0.154,15.2364009416,0.172,-0.135
0208-512,1994,26,32.692501612,0.243,-51.0171922115,0.33,0.002
0212+735,1994,8,34.3783889852,0.078,73.825728289,0.074,-0.116
0215+015,1994,3,34.4539780643,0.259,1.7471385798,0.357,-0.495
0229+131,1994,156,37.9412252052,0.142,13.3818656272,0.174,0.015
0234+285,1994,4,39.4683570024,0.098,28.8024972163,0.128,-0.134
0235+164,1994,12,39.6622087348,0.164,16.6164652062,0.185,-0.051
0248+430,1994,4,42.8939032366,0.218,43.2543968418,0.372,-0.379
0300+470,1994,3,45.8968425534,0.103,47.2711876377,0.124,0.105
0302-623,1994,5,45.9609636017,0.79,-62.1904304742,0.588,0.266
0308-611,1994,12,47.4837463718,0.256,-60.9775156203,0.341,0.073
0319+121,1994,3,50.4712646606,0.206,12.3538762372,0.349,-0.066
0420-014,1994,76,65.8158363247,0.227,-1.3425181956,0.369,-0.03
0434-188,1994,8,69.2561780912,0.171,-18.7468371279,0.354,-0.024
0438-436,1994,7,70.0715831773,0.491,-43.5523900029,0.701,-0.177
0454-234,1994,177,74.2632467709,0.22,-23.4144500485,0.332,-0.082
0457+024,1994,12,74.9668777593,0.387,2.491993446,0.471,-0.342
0458-020,1994,184,75.3033745456,0.134,-1.9872933904,0.193,-0.129
0528+134,1994,166,82.7350697788,0.099,13.5319859549,0.152,0.031
0528-250,1994,3,82.5331783388,0.43,-25.0583054431,0.302,-0.343
0530-727,1994,6,82.3751762668,1.019,-72.7579187367,1.848,-0.568
0537-286,1994,3,84.9761727279,1.411,-28.6655410458,0.742,0.112
0537-441,1994,75,84.7098397683,0.283,-44.0858164789,0.342,-0.282
0552+398,1994,189,88.8783567534,0.073,39.8136569491,0.09,-0.014
0605-085,1994,3,91.9987468997,0.301,-8.5805495165,0.35,-0.225
0615+820,1994,3,96.512525804,0.277,82.0404354321,0.523,0.167
0620+389,1994,6,96.0792554631,0.188,38.946871082,0.241,-0.23
0636+680,1994,3,100.517739286,0.439,67.9765613225,0.524,-0.251
0637-752,1994,33,98.9437827369,0.276,-75.271337574,0.249,0.063
0642+449,1994,15,101.6334416535,0.161,44.8546083843,0.174,0.083
0657+172,1994,9,105.0063564432,0.166,17.1560281341,0.25,-0.107
0727-115,1994,194,112.5796353007,0.153,-11.686833517,0.202,-0.149
0735+178,1994,112,114.5308072631,0.157,17.7052772692,0.181,0.25
0749+540,1994,4,118.2557691085,0.138,53.8832325127,0.169,-0.191
0804+499,1994,87,122.1652762134,0.073,49.8434806781,0.09,0.019
0805+410,1994,16,122.2360502316,0.171,40.8791358188,0.208,0.082
0814+425,1994,8,124.5666650536,0.166,42.3792818752,0.179,-0.054
0820+560,1994,34,126.1968181479,0.137,55.8785192638,0.119,-0.032
0823+033,1994,102,126.4597431794,0.12,3.1568111252,0.203,0.009
0834-201,1994,3,129.1633968033,0.453,-20.2831955968,0.698,-0.166
0850+581,1994,3,133.6749849822,0.196,57.9583164933,0.296,0.175
0919-260,1994,68,140.3723078578,0.329,-26.3120517314,0.758,0.333
0954+658,1994,37,149.6968547282,0.218,65.5652272332,0.265,-0.511
0955+476,1994,136,149.5819652841,0.113,47.4188450987,0.139,-0.011
1004+141,1994,6,151.9229086847,0.172,13.9415557799,0.248,-0.144
1031+567,1994,3,158.7793339978,1.104,56.4796658623,0.798,0.471
1034-293,1994,80,159.3169988592,0.281,-29.567448167,0.581,-0.395
1038+52A,1994,12,160.4449235577,0.221,52.5578420178,0.307,0.035
1038+52B,1994,3,160.4537403146,1.185,52.5654467265,1.141,-0.3
1039+811,1994,3,161.0960945068,0.246,80.9109563597,0.236,-0.024
1044+719,1994,55,162.1150830033,0.159,71.7266495526,0.155,-0.023
1053+704,1994,6,164.2234063145,0.255,70.1960877023,0.237,0.014
1053+815,1994,48,164.5480642574,0.299,81.2424097842,0.294,0.283
1057-797,1994,23,164.6804573816,0.293,-80.0650443569,0.286,0.001
1101-536,1994,8,165.9675903056,0.314,-53.9501936436,0.389,-0.036
1104-445,1994,40,166.7862256355,0.372,-44.8187829703,0.433,-0.437
1123+264,1994,13,171.4737996927,0.209,26.1722162459,0.254,-0.187
1128+385,1994,68,172.7220109367,0.095,38.255151944,0.127,0.001
1128-047,1994,3,172.877153001,0.502,-5.0054604453,0.462,-0.127
1144+402,1994,3,176.7429079397,0.172,39.9761957519,0.192,0.036
1144-379,1994,4,176.7557112265,0.304,-38.203062056,0.481,-0.16
1145-071,1994,13,176.9648085127,0.317,-7.4114281051,0.369,0.077
1150+812,1994,9,178.3020799365,0.158,80.9747651196,0.181,0.054
1156+295,1994,14,179.8826413865,0.193,29.2455075015,0.216,-0.649
1219+044,1994,134,185.5939567715,0.151,4.2210489233,0.26,-0.185
1226+373,1994,3,187.1975986074,0.238,37.1033599002,0.25,-0.231
1244-255,1994,16,191.6950085044,0.332,-25.7970247297,0.347,-0.137
1257+145,1994,3,195.0871616629,0.64,14.2884808974,0.724,-0.055
1300+580,1994,3,195.7186056375,0.213,57.8104469539,0.276,0.158
1302-102,1994,3,196.3875625704,0.392,-10.5553968214,0.359,0.074
1308+326,1994,195,197.6194327357,0.083,32.345495206,0.108,-0.04
1313-333,1994,4,199.0332747338,0.151,-33.6497702307,0.366,-0.077
1334-127,1994,170,204.4157615836,0.187,-12.9568592473,0.267,-0.173
1342+662,1994,3,205.9414979882,0.338,66.040484698,0.298,0.118
1351-018,1994,10,208.5287304907,0.23,-2.1008864016,0.415,-0.124
1354+195,1994,7,209.2684860525,0.284,19.318714529,0.351,-0.218
1357+769,1994,112,209.4807147963,0.073,76.7225141525,0.075,0.009
1402+044,1994,8,211.2546658985,0.253,4.2599496685,0.507,-0.253
1424-418,1994,22,216.9845732598,0.244,-42.105399374,0.294,0.9
1451-400,1994,5,223.6371348469,0.575,-40.2090319012,0.514,-0.217
1504+377,1994,3,226.5397081094,0.183,37.514203424,0.183,0.052
1508+572,1994,6,227.512176607,0.217,57.0453821746,0.314,-0.151
1510-089,1994,5,228.2105539892,0.27,-9.0999527721,0.287,-0.275
1519-273,1994,16,230.6569833423,0.264,-27.5029960043,0.297,-0.17
1548+056,1994,19,237.6469551822,0.18,5.4529022516,0.24,-0.183
1557+032,1994,4,239.8790526018,0.249,3.0800712714,0.416,-0.169
1606+106,1994,168,242.1925132474,0.112,10.4854932556,0.165,-0.117
1610-771,1994,30,244.4553178111,0.285,-77.2884631424,0.298,0.243
1611+343,1994,70,243.4211010569,0.114,34.2133080736,0.147,0.03
1614+051,1994,7,244.1564867594,0.187,4.9924268277,0.332,-0.306
1622-253,1994,139,246.4453818256,0.236,-25.4606463443,0.425,0.036
1637+574,1994,20,249.5560678927,0.157,57.3399941505,0.197,0.001
1642+690,1994,9,250.5327021617,0.206,68.9443767479,0.244,0.035
1705+018,1994,10,256.8933969744,0.249,1.812694303,0.374,-0.16
1726+455,1994,67,261.8652117034,0.13,45.5110364533,0.148,0.071
1739+522,1994,157,265.154074337,0.121,52.1953909394,0.15,-0.018
1741-038,1994,186,265.995233919,0.12,-3.8346157478,0.178,-0.098
1745+624,1994,12,266.5584756053,0.188,62.4485384395,0.191,0.022
1749+096,1994,184,267.886744045,0.11,9.6502022972,0.162,0.071
1803+784,1994,88,270.190349628,0.116,78.4677828817,0.122,0.074
1815-553,1994,8,274.9391650187,1.031,-55.355762584,0.782,-0.76
1823+568,1994,5,276.0294515416,0.139,56.8504140671,0.153,0.008
1831-711,1994,3,279.3696458676,0.314,-71.1454317384,0.335,-0.195
1921-293,1994,89,291.2127331265,0.188,-29.2417002494,0.284,-0.195
1947+079,1994,4,297.5230831691,0.346,8.1205502782,0.563,-0.1
1954+513,1994,4,298.9280760549,0.178,51.5301516693,0.189,-0.423
1958-179,1994,88,300.2378768832,0.351,-17.816020143,0.484,0.121
2007+777,1994,23,301.3791607873,0.204,77.8786798515,0.175,-0.06
2021+614,1994,4,305.5278405387,0.126,61.6163346772,0.139,-0.104
2121+053,1994,19,320.9354892211,0.261,5.5894702853,0.314,-0.216
2126-158,1994,3,322.3007328375,0.169,-15.6447333115,0.513,0.016
2128-123,1994,62,322.8969240158,0.252,-12.1179987904,0.377,-0.017
2145+067,1994,203,327.0227444585,0.115,6.9607233651,0.161,-0.003
2201+315,1994,69,330.8123991199,0.121,31.7606305678,0.159,0.16
2234+282,1994,112,339.0936285153,0.165,28.4826147812,0.188,0.113
2243-123,1994,7,341.5759665143,0.135,-12.1142437308,0.239,0.156
2255-282,1994,82,344.524845292,0.23,-27.9725713043,0.504,-0.271
2344+09A,1994,3,356.6534939156,0.445,9.5126431925,0.708,-0.435
2355-106,1994,12,359.5453433361,0.412,-10.3357253401,0.336,-0.017
