iers_name,year,num_ses,ra,ra_err,dec,dec_err,ra_dec_corr
0014+813,1995,59,4.285311954,0.113,81.5855934539,0.119,0.024
0016+731,1995,7,4.9407765998,0.112,73.4583381379,0.113,-0.033
0048-097,1995,127,12.6721557576,0.148,-9.4847805894,0.233,-0.141
0059+581,1995,125,15.6906765413,0.08,58.4030935524,0.084,-0.064
0104-408,1995,61,16.6879498129,0.406,-40.5722112689,0.521,0.752
0106+013,1995,13,17.1615462957,0.281,1.5834214821,0.328,-0.035
0119+041,1995,51,20.4869237296,0.094,4.3735373228,0.168,-0.242
0201+113,1995,29,30.9444043884,0.209,11.5792804911,0.339,-0.065
0202+149,1995,57,31.2100579064,0.104,15.2364009471,0.127,-0.055
0202-172,1995,4,31.2403097851,0.578,-17.0221778089,0.516,-0.088
0208-512,1995,29,32.6925017004,0.257,-51.0171921651,0.327,-0.013
0212+735,1995,4,34.3783892809,0.094,73.8257282609,0.114,0.098
0215+015,1995,3,34.4539781237,0.123,1.7471386431,0.272,-0.258
0220-349,1995,3,35.7350068247,0.343,-34.6913140245,0.397,0.085
0229+131,1995,88,37.9412252156,0.111,13.3818656363,0.157,-0.105
0234+285,1995,3,39.4683570249,0.169,28.8024972937,0.258,-0.452
0235+164,1995,14,39.6622087591,0.161,16.6164651568,0.209,-0.147
0302+625,1995,3,46.6777479951,0.313,62.7172289057,0.377,-0.156
0308-611,1995,7,47.4837464087,0.241,-60.9775157102,0.302,0.298
0402-362,1995,26,60.9739579365,0.308,-36.0838647449,0.42,0.694
0420-014,1995,12,65.8158363276,0.204,-1.342518167,0.331,-0.432
0434-188,1995,3,69.2561779417,0.333,-18.7468368052,1.148,-0.008
0437-454,1995,3,69.7535611378,0.33,-45.3729339691,0.818,0.22
0438-436,1995,3,70.0715832585,0.264,-43.5523899395,0.619,0.188
0440+345,1995,5,70.8818133404,0.096,34.6851844282,0.128,0.056
0454-234,1995,127,74.2632467812,0.208,-23.4144500487,0.322,-0.119
0457+024,1995,3,74.9668778111,0.389,2.4919933342,0.453,-0.559
0458-020,1995,127,75.3033745452,0.158,-1.9872933699,0.217,-0.153
0516-621,1995,6,79.1871922508,0.286,-62.1181636367,0.463,-0.067
0528+134,1995,116,82.7350697783,0.105,13.5319859429,0.153,-0.133
0530-727,1995,14,82.3751759234,0.645,-72.7579187861,0.99,-0.335
0537-441,1995,53,84.7098397551,0.136,-44.0858164556,0.178,0.201
0552+398,1995,141,88.8783567481,0.071,39.8136569483,0.084,-0.085
0556+238,1995,5,89.8834714689,0.151,23.8983130485,0.216,-0.118
0605-085,1995,3,91.9987467614,0.429,-8.5805496724,0.519,0.266
0607-157,1995,3,92.4206231495,0.398,-15.7112979688,0.233,-0.324
0636+680,1995,3,100.5177392899,0.192,67.976561314,0.204,-0.001
0637-752,1995,34,98.9437831724,0.164,-75.2713376181,0.182,-0.005
0642+449,1995,59,101.6334416512,0.127,44.8546083852,0.143,-0.081
0648-165,1995,3,102.6024242654,0.391,-16.6277020407,1.256,0.28
0716+714,1995,3,110.4727020519,0.164,71.3434342855,0.189,-0.011
0727-115,1995,146,112.5796352977,0.137,-11.6868335052,0.179,-0.1
0735+178,1995,10,114.5308072729,0.144,17.7052772941,0.163,0.058
0738-674,1995,3,114.7354010062,0.299,-67.5974516267,0.386,0.09
0742+103,1995,5,116.3877481093,0.127,10.186858822,0.224,-0.597
0749+540,1995,24,118.255769128,0.076,53.8832325238,0.076,-0.035
0804+499,1995,109,122.1652762414,0.095,49.8434806949,0.106,-0.033
0805+410,1995,22,122.2360501998,0.077,40.8791357912,0.086,0.069
0818-128,1995,3,125.2393650457,0.596,-12.9831027685,1.055,-0.561
0820+560,1995,4,126.1968180607,0.171,55.8785192804,0.154,0.031
0823+033,1995,63,126.4597431885,0.099,3.1568111275,0.175,-0.234
0919-260,1995,33,140.3723078896,0.249,-26.3120516908,0.647,-0.031
0920+390,1995,21,140.8102206277,0.245,38.8277528136,0.321,-0.012
0920-397,1995,10,140.6934092818,0.532,-39.9930743039,1.173,0.104
0954+658,1995,6,149.6968547502,0.128,65.5652272449,0.131,-0.1
0955+476,1995,103,149.581965261,0.102,47.4188451145,0.101,-0.075
1004+141,1995,6,151.9229087352,0.171,13.9415557069,0.322,0.009
1034-293,1995,59,159.3169989254,0.2,-29.567448187,0.259,-0.166
1038+064,1995,3,160.321510484,0.168,6.1713675475,0.332,-0.308
1038+52A,1995,10,160.4449234974,0.167,52.557841958,0.211,0.145
1044+719,1995,57,162.1150830767,0.085,71.726649543,0.082,-0.001
1053+704,1995,3,164.2234063698,0.231,70.1960877639,0.327,0.163
1053+815,1995,11,164.5480642134,0.218,81.2424097413,0.194,0.157
1057-797,1995,22,164.6804573482,0.315,-80.0650443998,0.244,0.211
1101-536,1995,7,165.9675903071,0.241,-53.9501934304,0.413,0.312
1104-445,1995,25,166.7862254673,0.385,-44.8187829194,0.384,-0.515
1124-186,1995,16,171.7683017874,0.204,-18.9548449652,0.246,-0.384
1128+385,1995,98,172.7220109375,0.107,38.2551519339,0.134,-0.05
1130+009,1995,3,173.3335659557,0.288,0.6813437638,0.633,-0.474
1144-379,1995,44,176.7557112972,0.217,-38.2030621046,0.241,0.394
1145-071,1995,7,176.9648085521,0.243,-7.4114280704,0.375,0.025
1156+295,1995,4,179.8826413831,0.093,29.2455074929,0.174,-0.193
1213-172,1995,3,183.9447990834,0.278,-17.529278682,0.43,0.237
1219+044,1995,110,185.5939567862,0.14,4.2210489053,0.218,-0.183
1219+285,1995,3,185.3820438352,0.347,28.2329166845,0.271,-0.27
1226+373,1995,3,187.1975987727,0.335,37.1033597976,0.399,-0.382
1244-255,1995,3,191.6950084988,0.351,-25.7970248061,1.4,0.244
1255-316,1995,11,194.4960867734,0.383,-31.9213477607,0.506,-0.551
1300+580,1995,19,195.7186054249,0.099,57.8104470109,0.107,-0.038
1308+326,1995,142,197.6194326983,0.081,32.3454952329,0.1,-0.094
1308+328,1995,3,197.7475114577,0.253,32.5595692612,0.352,-0.382
1313-333,1995,3,199.033274813,0.259,-33.6497701603,0.812,0.24
1334-127,1995,122,204.4157616208,0.147,-12.9568592783,0.202,-0.145
1342+663,1995,3,206.0361652172,0.181,66.1032343848,0.281,0.163
1351-018,1995,26,208.528730503,0.229,-2.1008863039,0.416,-0.004
1357+769,1995,118,209.4807148323,0.099,76.7225141536,0.099,-0.016
1402+044,1995,5,211.2546658801,0.125,4.2599497639,0.278,-0.243
1424-418,1995,16,216.9845732856,0.336,-42.1053992496,0.622,0.257
1451-400,1995,8,223.6371348609,0.425,-40.2090318221,0.62,-0.098
1504-166,1995,4,226.7699456165,0.302,-16.8750742523,0.633,-0.402
1508+572,1995,9,227.5121765508,0.163,57.0453821766,0.21,0.031
1510-089,1995,4,228.2105539218,0.142,-9.0999526451,0.328,-0.14
1514-241,1995,7,229.4242214163,0.239,-24.3720766103,0.399,-0.077
1519-273,1995,3,230.6569833064,0.309,-27.5029960785,1.404,0.447
1546+027,1995,4,237.3726534896,0.145,2.6169897967,0.264,-0.041
1557+032,1995,5,239.8790525645,0.307,3.0800715199,0.691,-0.198
1606+106,1995,130,242.1925132284,0.12,10.4854932599,0.158,-0.178
1610-771,1995,30,244.4553182522,0.202,-77.2884631551,0.215,0.042
1611+343,1995,49,243.4211010241,0.127,34.2133080626,0.169,-0.135
1614+051,1995,7,244.1564866946,0.23,4.992426848,0.442,-0.109
1622-253,1995,105,246.445381848,0.166,-25.4606463784,0.232,0.212
1622-297,1995,5,246.5250868737,0.367,-29.8574920823,0.619,0.418
1637+574,1995,3,249.5560677759,0.175,57.3399941004,0.119,-0.024
1642+690,1995,3,250.5327020542,0.121,68.9443768222,0.151,0.139
1657-261,1995,3,255.2214751707,0.713,-26.1810345086,2.36,-0.866
1705+018,1995,3,256.8933969644,0.127,1.8126941128,0.3,-0.187
1706-174,1995,4,257.3931058342,0.341,-17.4814902706,0.833,-0.187
1725+044,1995,3,262.1039696096,0.151,4.4513650096,0.301,-0.322
1726+455,1995,98,261.8652116764,0.129,45.511036425,0.143,-0.032
1739+522,1995,33,265.1540743169,0.103,52.1953909665,0.105,0.05
1741-038,1995,138,265.9952339083,0.111,-3.8346157553,0.147,-0.136
1745+624,1995,58,266.5584755261,0.136,62.448538407,0.153,0.102
1749+096,1995,130,267.8867440532,0.124,9.6502023129,0.171,-0.044
1749+701,1995,3,267.1368345646,0.248,70.0974357632,0.317,-0.317
1758+388,1995,3,270.1031890109,0.175,38.8085271266,0.194,-0.099
1758-651,1995,3,270.8479025813,0.353,-65.1268780986,0.673,0.015
1803+784,1995,22,270.1903495772,0.091,78.4677828997,0.098,-0.007
1815-553,1995,16,274.9391646384,1.238,-55.3557626667,0.843,-0.414
1823+568,1995,3,276.029451504,0.08,56.8504140403,0.088,-0.05
1908-201,1995,3,287.7902203825,0.301,-20.1153080737,0.247,-0.241
1921-293,1995,109,291.2127331397,0.164,-29.2417002847,0.246,-0.081
1935-692,1995,3,295.1063673236,0.626,-69.1324921287,1.187,0.337
1954-388,1995,29,299.499247025,0.174,-38.7517655348,0.186,-0.077
1958-179,1995,39,300.2378768457,0.116,-17.8160201799,0.304,-0.1
2000-330,1995,3,300.8504845172,0.507,-32.8625369238,0.99,0.078
2005+642,1995,3,301.5737273137,0.202,64.4126160983,0.234,0.071
2007+777,1995,5,301.3791606638,0.077,77.8786798609,0.072,-0.148
2029+121,1995,3,307.9791428423,0.158,12.3281500996,0.293,0.19
2052-474,1995,11,314.0681658075,0.403,-47.2465632334,0.335,-0.73
2106-413,1995,4,317.3882858423,0.413,-41.1723903782,0.642,0.174
2109-811,1995,4,319.1285241841,0.566,-80.8986729826,0.474,-0.219
2113+293,1995,3,318.8725559814,0.103,29.5606574531,0.143,-0.171
2121+053,1995,24,320.9354892007,0.124,5.5894703497,0.216,-0.12
2128-123,1995,66,322.8969240329,0.243,-12.1179988703,0.292,-0.112
2136+141,1995,3,324.7554551749,0.091,14.393331074,0.134,0.045
2145+067,1995,145,327.0227444732,0.117,6.9607233735,0.149,-0.011
2201+315,1995,6,330.8123991381,0.091,31.7606305671,0.134,-0.033
2232-488,1995,5,338.8051524757,0.429,-48.5996650931,0.68,0.507
2234+282,1995,126,339.0936285342,0.124,28.4826147867,0.153,0.007
2243-123,1995,54,341.5759664603,0.216,-12.1142435716,0.33,-0.082
2255-282,1995,51,344.5248453187,0.163,-27.9725713454,0.415,0.065
2337+264,1995,3,355.1209560428,0.282,26.6991124507,0.358,0.073
2355-106,1995,3,359.545343373,0.424,-10.3357257928,1.738,0.287
