iers_name,year,num_ses,ra,ra_err,dec,dec_err,ra_dec_corr
0003-066,1998,89,1.5578870602,0.132,-6.3931486641,0.267,0.168
0010+405,1998,3,3.3797091665,0.052,40.8603178078,0.079,-0.163
0013-005,1998,6,4.0462023379,0.105,-0.2534569926,0.223,-0.02
0014+813,1998,59,4.2853119988,0.065,81.5855934968,0.071,-0.055
0035+413,1998,3,9.6035149385,0.055,41.6183334799,0.059,-0.017
0048-097,1998,115,12.6721557516,0.175,-9.4847806117,0.242,0.058
0059+581,1998,120,15.6906765826,0.062,58.4030935104,0.069,-0.018
0104-408,1998,84,16.6879497608,0.32,-40.5722111805,0.576,0.688
0106+013,1998,30,17.1615463015,0.099,1.5834214353,0.211,0.878
0111+021,1998,23,18.4297706552,0.363,2.3714767444,0.593,-0.405
0119+041,1998,88,20.486923755,0.178,4.3735373443,0.294,-0.024
0119+115,1998,79,20.4233126611,0.114,11.8306703079,0.201,0.152
0133+476,1998,43,24.2441450535,0.056,47.8580833427,0.065,-0.051
0146+056,1998,9,27.3432120337,0.138,5.9315468646,0.28,-0.172
0201+113,1998,51,30.9444044043,0.183,11.5792804526,0.365,-0.456
0202+149,1998,37,31.2100579041,0.105,15.2364010052,0.174,-0.134
0208-512,1998,25,32.6925016642,0.373,-51.017192238,0.474,0.561
0215+015,1998,4,34.453978132,0.334,1.7471386138,0.541,-0.022
0229+131,1998,114,37.9412251875,0.188,13.3818656238,0.228,0.051
0234+285,1998,32,39.4683569904,0.063,28.8024972474,0.1,-0.375
0235+164,1998,18,39.6622087644,0.233,16.6164652019,0.339,-0.072
0239+108,1998,5,40.6215451963,0.295,11.0168688993,0.485,-0.356
0306+102,1998,5,47.2650978349,0.317,10.4878725446,0.49,0.013
0317+188,1998,3,49.9635697917,0.333,19.0253584031,0.574,-0.3
0338-214,1998,3,55.148366038,0.403,-21.3253257956,0.627,0.057
0400-319,1998,3,60.5886083987,0.148,-31.7905404632,0.392,-0.289
0402-362,1998,57,60.973957885,0.193,-36.0838648291,0.482,0.624
0405-385,1998,11,61.7459806297,0.134,-38.4411228355,0.532,0.644
0409+229,1998,3,63.1819452679,0.111,23.084847982,0.133,0.156
0420-014,1998,3,65.8158363007,0.034,-1.3425181091,0.098,-0.095
0426+273,1998,5,67.4706698378,0.188,27.4105211663,0.363,0.016
0430+289,1998,7,68.4076243457,0.293,29.0987436058,0.351,-0.077
0440+345,1998,4,70.881813362,0.076,34.6851844675,0.098,-0.085
0444+634,1998,3,72.3471273152,0.031,63.5359539005,0.036,-0.121
0454+844,1998,4,77.1765148892,0.588,84.5345954649,0.596,-0.381
0454-234,1998,98,74.2632468263,0.172,-23.4144500852,0.273,0.213
0457+024,1998,6,74.9668778172,0.652,2.4919932597,0.864,0.284
0458-020,1998,121,75.3033745226,0.208,-1.987293382,0.305,-0.174
0507+179,1998,5,77.509871342,0.281,18.0115504183,0.403,0.019
0521-365,1998,17,80.7416026045,0.365,-36.4585697297,1.001,0.579
0528+134,1998,125,82.7350697254,0.097,13.5319859421,0.145,0.052
0537-441,1998,9,84.7098397438,0.35,-44.0858164407,0.561,0.026
0544+273,1998,4,86.8922871603,0.124,27.3657896621,0.149,0.004
0552+398,1998,133,88.8783567393,0.064,39.8136569563,0.079,-0.002
0554+242,1998,5,89.269639894,0.392,24.2320273385,0.492,0.371
0556+238,1998,56,89.8834714203,0.254,23.8983129591,0.41,0.217
0637-752,1998,21,98.9437824527,0.35,-75.271337643,0.251,0.129
0642+449,1998,59,101.6334416367,0.066,44.8546083873,0.075,-0.051
0646-306,1998,3,102.0587353648,0.137,-30.7387942746,0.378,-0.063
0657+172,1998,6,105.0063563984,0.193,17.1560281637,0.245,-0.09
0727-115,1998,127,112.5796353179,0.138,-11.6868334576,0.211,-0.028
0735+178,1998,4,114.5308072983,0.253,17.7052773182,0.39,-0.362
0736+017,1998,4,114.8251411496,0.198,1.617949448,0.27,-0.307
0742+103,1998,3,116.3877480294,0.047,10.186858901,0.09,-0.262
0745+241,1998,6,117.1504554264,0.3,24.0066971616,0.391,-0.209
0749+540,1998,77,118.255769059,0.086,53.8832325263,0.098,0.012
0804+499,1998,87,122.1652762548,0.084,49.8434806715,0.099,-0.04
0805+410,1998,49,122.2360501741,0.115,40.8791357855,0.177,0.086
0823+033,1998,73,126.4597431557,0.137,3.1568110497,0.268,0.481
0827+243,1998,6,127.7170258241,0.148,24.1832833929,0.209,-0.096
0839+187,1998,5,130.5212256991,0.171,18.59471959,0.374,0.146
0917+624,1998,26,140.4009628873,0.151,62.264494556,0.151,-0.15
0919-260,1998,35,140.3723078483,0.176,-26.312051929,0.509,0.209
0920+390,1998,5,140.8102205558,0.097,38.8277528262,0.158,-0.123
0920-397,1998,7,140.6934094909,0.211,-39.9930748695,0.664,-0.314
0952+179,1998,8,148.7367650457,0.139,17.7253393828,0.222,-0.03
0954+658,1998,4,149.6968544977,0.2,65.5652272026,0.219,-0.341
0955+476,1998,123,149.5819652194,0.089,47.4188451054,0.106,-0.024
1004+141,1998,46,151.9229086181,0.294,13.9415558041,0.4,-0.207
1022+194,1998,5,156.1867066905,0.069,19.2056709521,0.125,-0.066
1030+074,1998,9,158.3917678578,0.3,7.1905965991,0.501,-0.164
1034-293,1998,92,159.3169989085,0.25,-29.5674481348,0.478,-0.022
1038+064,1998,7,160.321510433,0.153,6.1713674949,0.254,-0.276
1038+52A,1998,20,160.4449235357,0.315,52.5578420346,0.378,-0.045
1044+719,1998,77,162.1150832084,0.059,71.7266494796,0.061,-0.043
1053+704,1998,3,164.2234061369,0.169,70.1960876885,0.198,-0.06
1053+815,1998,6,164.5480642727,0.143,81.2424097093,0.137,0.011
1055+018,1998,8,164.6233550493,0.074,1.5663399446,0.171,-0.467
1057-797,1998,21,164.6804577424,0.266,-80.0650443507,0.24,0.162
1101+384,1998,31,166.1138081072,0.128,38.2088330572,0.158,-0.093
1104+728,1998,3,166.9238441501,0.267,72.5433347131,0.192,-0.392
1124-186,1998,56,171.7683018752,0.146,-18.9548449343,0.288,0.292
1128+385,1998,93,172.7220109117,0.117,38.255151915,0.144,-0.075
1143-245,1998,3,176.5337639033,0.116,-24.7924712901,0.409,-0.121
1144+402,1998,4,176.7429080044,0.18,39.9761956775,0.227,-0.081
1144-379,1998,56,176.7557113531,0.263,-38.2030620693,0.522,0.675
1145-071,1998,12,176.9648084584,0.093,-7.4114280898,0.222,-0.349
1156+295,1998,56,179.8826413214,0.098,29.2455074693,0.151,-0.132
1219+044,1998,100,185.5939567688,0.169,4.2210488742,0.324,-0.117
1222+037,1998,4,186.2184247689,0.199,3.5139701211,0.278,-0.207
1236+077,1998,3,189.8524513527,0.378,7.5047746572,0.555,-0.349
1237-101,1998,7,189.9294229448,0.207,-10.3913035177,0.395,-0.218
1255-316,1998,13,194.4960868532,0.916,-31.9213475157,0.717,0.744
1300+580,1998,39,195.7186054044,0.228,57.8104470095,0.268,-0.285
1302-102,1998,3,196.387562869,0.682,-10.5553967285,1.066,0.281
1307+121,1998,4,197.3913851081,0.415,11.9068202617,0.529,0.262
1308+326,1998,108,197.619432714,0.093,32.3454952811,0.116,-0.118
1308+328,1998,5,197.7475114408,0.285,32.5595693442,0.341,0.05
1313-333,1998,47,199.0332747711,0.25,-33.6497700607,0.676,0.482
1334-127,1998,116,204.4157616035,0.156,-12.9568593266,0.292,-0.16
1349-439,1998,3,208.2355619483,1.015,-44.211218679,0.777,-0.589
1351-018,1998,73,208.5287305032,0.401,-2.1008862996,0.69,0.377
1354+195,1998,3,209.2684860417,0.122,19.3187144967,0.189,-0.445
1357+769,1998,101,209.4807147771,0.078,76.7225141492,0.077,-0.018
1402+044,1998,3,211.2546659492,0.129,4.2599496826,0.265,-0.209
1406-076,1998,4,212.2353383445,0.305,-7.8740739987,0.451,-0.36
1413+135,1998,5,213.9950729341,0.051,13.3399201562,0.103,-0.344
1418+546,1998,53,214.9441558865,0.131,54.3874408338,0.144,-0.093
1424-418,1998,34,216.9845731645,0.291,-42.105399378,0.535,0.613
1428+422,1998,4,217.5989234937,0.15,42.0768030388,0.208,0.12
1451-375,1998,19,223.6142074899,0.234,-37.7925399553,0.718,0.746
1502+106,1998,3,226.1040824037,0.146,10.4942218498,0.208,-0.21
1508+572,1998,5,227.5121764734,0.193,57.0453821644,0.222,-0.006
1508-055,1998,3,227.723297651,0.387,-5.7187270305,0.637,0.254
1510-089,1998,3,228.2105538699,0.136,-9.0999525062,0.296,-0.565
1514-241,1998,31,229.4242213859,0.109,-24.3720767221,0.341,-0.244
1519-273,1998,27,230.6569832669,0.235,-27.5029959978,0.46,-0.021
1555+001,1998,49,239.4643082427,0.327,-0.0306705121,0.5,-0.342
1557+032,1998,3,239.8790525276,0.181,3.0800712948,0.393,0.095
1600+335,1998,3,240.5302644332,0.262,33.4480756108,0.312,-0.021
1606+106,1998,103,242.1925132853,0.112,10.4854932477,0.162,-0.051
1610-771,1998,20,244.4553188856,0.304,-77.2884632761,0.318,0.13
1611+343,1998,35,243.4211010332,0.058,34.2133080563,0.074,-0.168
1614+051,1998,19,244.1564867385,0.602,4.9924269244,1.115,-0.662
1622-253,1998,72,246.4453819117,0.181,-25.4606463781,0.37,-0.028
1622-297,1998,6,246.5250869059,0.437,-29.8574920752,0.642,0.233
1705+018,1998,4,256.8933971087,0.335,1.8126943187,0.563,-0.125
1706-174,1998,3,257.393105882,0.14,-17.4814904422,0.443,-0.239
1726+455,1998,104,261.8652116822,0.19,45.5110364481,0.219,0.11
1738+476,1998,3,264.9880377634,0.061,47.6328781675,0.062,0.131
1739+522,1998,75,265.1540743983,0.062,52.1953909218,0.07,-0.015
1741-038,1998,129,265.9952338807,0.101,-3.8346157361,0.151,-0.025
1745+624,1998,55,266.5584755293,0.122,62.4485384008,0.112,0.059
1749+096,1998,127,267.8867440198,0.09,9.6502023443,0.16,0.087
1758+388,1998,4,270.1031889956,0.196,38.8085270801,0.274,0.086
1803+784,1998,64,270.1903496445,0.073,78.4677829044,0.068,0.013
1806+456,1998,4,272.0911913372,0.412,45.7057961005,0.611,-0.151
1815-553,1998,3,274.9391645082,1.757,-55.3557626067,0.61,0.647
1823+568,1998,45,276.0294515349,0.142,56.8504141117,0.169,0.069
1849+670,1998,45,282.3169678694,0.179,67.0949111416,0.182,0.049
1908-201,1998,65,287.7902203699,0.11,-20.1153080674,0.301,0.32
1920-211,1998,7,290.8841242616,0.084,-21.0759258789,0.239,-0.641
1921-293,1998,82,291.2127331761,0.183,-29.2417003677,0.312,0.06
1928+738,1998,3,291.9520631437,0.032,73.967102797,0.038,-0.086
1936-155,1998,6,294.8610739387,0.255,-15.4286273306,0.484,-0.715
1954-388,1998,69,299.4992469984,0.23,-38.7517654668,0.432,0.509
1958-179,1998,55,300.237876861,0.267,-17.8160201492,0.292,0.349
2008-159,1998,6,302.8154621525,0.125,-15.7778483432,0.317,-0.558
2052-474,1998,5,314.0681659321,0.46,-47.2465637781,0.992,-0.619
2113+293,1998,27,318.8725560488,0.137,29.5606574426,0.159,-0.165
2121+053,1998,32,320.9354891841,0.226,5.5894703015,0.301,0.317
2126-158,1998,23,322.300732902,0.361,-15.6447336177,0.628,-0.086
2128-123,1998,53,322.8969238964,0.312,-12.1179989521,0.629,0.639
2136+141,1998,53,324.755455308,0.144,14.3933311239,0.219,-0.102
2145+067,1998,106,327.0227445017,0.095,6.9607233889,0.164,-0.155
2149+056,1998,4,327.9078144968,0.105,5.8702652422,0.283,-0.659
2150+173,1998,3,328.1034141605,0.074,17.5771653093,0.115,0.106
2155-152,1998,6,329.5261745979,0.146,-15.0192576465,0.335,-0.095
2201+315,1998,26,330.81239904,0.161,31.7606304879,0.204,0.181
2210-257,1998,3,333.2604082751,0.161,-25.4916888285,0.436,0.122
2216-038,1998,3,334.7168238718,0.19,-3.5935773921,0.543,0.379
2227-088,1998,5,337.4170180333,0.259,-8.5484542527,0.534,-0.357
2234+282,1998,100,339.0936283842,0.154,28.4826147273,0.198,0.416
2235+731,1998,7,339.1608207541,0.233,73.3812950532,0.234,0.158
2243-123,1998,56,341.5759665443,0.135,-12.1142438757,0.331,-0.177
2250+194,1998,5,343.2807048524,0.402,19.709619095,0.734,-0.453
2254+024,1998,3,344.323179571,0.08,2.7215310109,0.204,-0.2
2255-282,1998,58,344.5248453233,0.215,-27.9725712468,0.443,0.806
2318+049,1998,26,350.1869024551,0.259,5.230542445,0.523,-0.411
2319+272,1998,3,350.4994258712,0.067,27.5462343435,0.131,0.117
2320-035,1998,13,350.8831406396,0.229,-3.2847288274,0.518,-0.422
2335-027,1998,4,354.4889128772,0.35,-2.5160081154,0.46,-0.08
2355-106,1998,6,359.5453433517,0.424,-10.3357253266,0.633,-0.336
2356+385,1998,46,359.8882532446,0.173,38.8450884712,0.244,-0.115
