iers_name,year,num_ses,ra,ra_err,dec,dec_err,ra_dec_corr
0002-478,2017,6,1.1485646295,0.238,-47.6054455715,0.48,-0.288
0003-066,2017,41,1.5578870219,0.091,-6.3931486916,0.089,0.08
0005-239,2017,3,2.0015400333,0.125,-23.6550416728,0.294,-0.2
0007-325,2017,3,2.3981573249,0.192,-32.2769247585,0.451,-0.376
0008-264,2017,86,2.75519475,0.129,-26.2092714351,0.236,-0.21
0008-421,2017,4,2.7188235877,0.593,-41.886327201,1.636,-0.385
0010+405,2017,9,3.3797091596,0.088,40.8603178229,0.114,-0.139
0010-401,2017,5,3.2496243233,0.122,-39.9072375508,0.351,0.121
0013-005,2017,7,4.0462022973,0.148,-0.2534570853,0.311,-0.128
0014+813,2017,6,4.2853120718,0.087,81.5855933267,0.09,-0.029
0016+731,2017,88,4.9407766918,0.046,73.4583382314,0.047,-0.077
0016-223,2017,3,4.8451171121,0.105,-22.0910937475,0.266,-0.353
0017+200,2017,78,4.9077270516,0.065,20.3626790744,0.053,0.038
0019+058,2017,62,5.6351717272,0.094,6.1345191465,0.134,-0.041
0022-423,2017,4,6.1791241373,0.384,-42.0344302724,0.747,-0.519
0024+224,2017,3,6.8140480133,0.129,22.6994634351,0.206,-0.119
0025+197,2017,13,7.1242436785,0.197,20.0074288938,0.234,0.057
0025+449,2017,3,6.9260948755,0.328,45.2491876916,0.444,0.078
0035+413,2017,6,9.6035149647,0.128,41.6183334138,0.177,0.322
0042-373,2017,3,11.3002753628,0.181,-37.0967964747,0.464,-0.211
0044+030,2017,3,11.7746613592,0.184,3.3318848921,0.395,-0.45
0048-097,2017,65,12.6721557336,0.113,-9.4847806401,0.144,-0.138
0048-427,2017,27,12.7895909971,0.243,-42.4425814571,0.622,-0.189
0054+161,2017,14,14.2303930291,0.072,16.4203724893,0.138,-0.289
0055-059,2017,13,14.5211096465,0.364,-5.6645215455,0.359,-0.007
0055-340,2017,3,14.5651742397,0.177,-33.7993040176,0.423,-0.147
0059+581,2017,111,15.6906765365,0.044,58.4030935127,0.05,-0.015
0103+057,2017,3,16.4965418335,0.193,6.0164768695,0.396,0.671
0104-275,2017,5,16.6086751741,0.103,-27.303284813,0.251,0.248
0104-408,2017,111,16.687949861,0.113,-40.5722112009,0.169,0.012
0106+013,2017,12,17.161546305,0.123,1.5834215338,0.298,0.221
0107-610,2017,4,17.3144799658,0.192,-60.8301278853,0.427,-0.253
0109+200,2017,3,18.042461674,0.115,20.3393788043,0.206,-0.048
0109+224,2017,10,18.0242696425,0.096,22.7441073194,0.164,-0.27
0110+495,2017,4,18.3625283595,0.127,49.8066786926,0.143,0.397
0110-361,2017,3,18.3160682499,0.146,-35.8634352189,0.425,0.023
0111+021,2017,7,18.4297706277,0.103,2.3714767158,0.138,-0.221
0112-017,2017,3,18.8212498011,0.208,-1.4512714385,0.434,0.029
0113-118,2017,5,19.0521750743,0.235,-11.6042873194,0.653,0.265
0113-283,2017,4,18.849514991,0.187,-28.0820066512,0.396,0.066
0115-214,2017,33,19.4532505376,0.182,-21.1851758692,0.301,0.038
0116-219,2017,29,19.7385924139,0.102,-21.6917056108,0.097,-0.103
0119+041,2017,61,20.486923681,0.117,4.373537329,0.237,-0.054
0119+115,2017,59,20.4233127212,0.119,11.8306703334,0.273,0.222
0127+145,2017,3,22.4806131166,0.078,14.7799546052,0.146,-0.095
0131-522,2017,76,23.274010386,0.14,-52.001095908,0.199,0.119
0133+476,2017,80,24.2441450403,0.049,47.8580833826,0.066,-0.157
0134+311,2017,28,24.2863901222,0.206,31.3766265735,0.312,0.211
0137+012,2017,6,24.9887740742,0.152,1.5294830711,0.294,0.132
0138-097,2017,14,25.3576340355,0.129,-9.4787983883,0.237,-0.029
0149+218,2017,8,28.0752459994,0.203,22.1188055528,0.137,-0.156
0150-144,2017,5,28.1333852304,0.101,-14.2109428612,0.272,-0.13
0151+474,2017,36,28.7345412228,0.106,47.7240387887,0.144,-0.044
0153-410,2017,4,28.9044136763,0.254,-40.811765742,0.79,-0.095
0159+723,2017,7,30.8891040402,0.101,72.548240933,0.115,0.132
0201+113,2017,10,30.94440437,0.423,11.5792805777,0.53,0.276
0202+149,2017,3,31.2100578896,0.135,15.2364009572,0.187,-0.187
0202+319,2017,96,31.2705223493,0.05,32.2083598769,0.05,0.025
0202-172,2017,23,31.2403097314,0.105,-17.0221780436,0.091,0.101
0206+136,2017,18,32.3999930256,0.092,13.8668755299,0.164,-0.19
0208-512,2017,9,32.6925019175,0.167,-51.017192068,0.284,0.223
0211+171,2017,6,33.687136829,0.145,17.3804199812,0.289,-0.128
0212+735,2017,5,34.378389065,0.138,73.8257282187,0.129,-0.037
0215+015,2017,22,34.4539781047,0.136,1.7471386106,0.122,-0.105
0221+067,2017,20,36.1184507824,0.13,6.9898171488,0.103,-0.026
0222-234,2017,3,36.2617560953,0.232,-23.2134686028,0.607,-0.588
0227-369,2017,15,37.3685378155,0.225,-36.7324507048,0.458,-0.663
0229+131,2017,64,37.9412252488,0.096,13.3818656418,0.071,0.132
0230-790,2017,6,37.3956108283,0.135,-78.7960002992,0.165,0.133
0234+285,2017,21,39.4683570305,0.073,28.8024971948,0.124,-0.029
0234-301,2017,18,39.129872552,0.114,-29.8987612725,0.306,-0.234
0235+164,2017,11,39.6622087598,0.098,16.6164651748,0.055,0.107
0235+205,2017,3,39.4609539482,0.364,20.7717933535,0.682,0.183
0235-618,2017,3,39.221857282,0.295,-61.6042176282,0.419,0.398
0237+040,2017,3,39.9635960187,0.211,4.2726144184,0.181,-0.021
0237-027,2017,98,39.9394678113,0.092,-2.578031834,0.115,-0.029
0241+622,2017,9,41.2404031075,0.43,62.4684765251,0.373,-0.177
0244-452,2017,6,41.4754618733,0.276,-44.9943378228,0.568,-0.625
0250-122,2017,3,43.3486848736,0.391,-12.0077785296,1.022,-0.691
0252+818,2017,3,45.0464032932,0.68,82.0442644713,0.876,0.2
0256-005,2017,10,44.868817336,0.134,-0.333326473,0.174,-0.398
0300+470,2017,9,45.8968425592,0.099,47.2711876364,0.105,-0.114
0302+625,2017,9,46.6777480707,0.094,62.7172289453,0.118,0.012
0302-623,2017,6,45.9609639235,0.136,-62.1904306617,0.16,0.177
0306+102,2017,19,47.2650978721,0.094,10.4878724975,0.085,-0.026
0307+380,2017,56,47.7078329984,0.066,38.2482883003,0.092,-0.054
0308-611,2017,98,47.4837464067,0.166,-60.9775156699,0.241,0.259
0309+411,2017,8,48.2581754914,0.088,41.3336620798,0.095,-0.045
0312+100,2017,6,48.8380825737,0.144,10.2119677318,0.24,0.012
0315-282,2017,3,49.3904137192,0.223,-28.0551701435,0.525,-0.766
0316-444,2017,4,49.4903310977,0.336,-44.238101183,1.07,-0.293
0318-172,2017,3,50.07961335,0.166,-17.0442031225,0.397,-0.715
0322+222,2017,80,51.4033931551,0.067,22.4001015683,0.087,-0.075
0325+395,2017,4,52.209633736,0.166,39.6790463232,0.224,-0.348
0325-182,2017,3,51.9305900944,0.218,-18.0616741971,0.659,-0.71
0332+078,2017,32,53.7221528037,0.11,8.004005346,0.179,-0.215
0332-403,2017,102,53.5568936653,0.137,-40.1403883035,0.154,-0.195
0334-546,2017,4,53.9746867655,0.169,-54.5069763284,0.256,0.098
0335-364,2017,5,54.225097684,0.239,-36.268395476,0.427,0.035
0338-214,2017,15,55.1483660511,0.266,-21.3253255412,0.269,0.463
0340+362,2017,16,55.8706350959,0.113,36.3701193617,0.114,0.251
0342+147,2017,8,56.2767354921,0.089,14.8970995783,0.12,-0.147
0345+460,2017,22,57.3280898895,0.16,46.166571672,0.175,0.021
0346-279,2017,38,57.1589357241,0.135,-27.8204349147,0.281,-0.097
0347-211,2017,28,57.490944453,0.164,-21.0465948589,0.151,0.103
0352+825,2017,3,60.5528210238,1.78,82.6930912025,2.26,0.051
0358+210,2017,23,60.4381919972,0.138,21.1746075615,0.165,-0.054
0400-319,2017,9,60.5886084796,0.197,-31.790540541,0.393,0.326
0402-362,2017,57,60.9739579054,0.096,-36.0838647415,0.144,0.116
0403-132,2017,38,61.3916807969,0.082,-13.137136349,0.161,-0.33
0405-385,2017,21,61.7459805455,0.163,-38.4411227996,0.323,0.071
0406-127,2017,4,62.2740404413,0.55,-12.6467065792,0.633,0.451
0410+110,2017,8,63.4180874844,0.198,11.2041072933,0.345,-0.195
0414-189,2017,29,64.1522685183,0.15,-18.8523167213,0.16,0.117
0415+398,2017,18,64.8439562897,0.141,39.9247160126,0.116,-0.116
0420+022,2017,46,65.7175610394,0.058,2.324147453,0.084,-0.108
0420-014,2017,39,65.8158363309,0.09,-1.3425182034,0.076,-0.103
0422+004,2017,10,66.1951752452,0.113,0.6017581585,0.241,0.041
0422-380,2017,13,66.1760154339,0.16,-37.9391067311,0.299,-0.148
0422-389,2017,3,66.1404842254,0.181,-38.811567438,0.547,-0.916
0426+181,2017,4,67.371473618,0.185,18.2644939056,0.294,-0.011
0426+273,2017,5,67.4706698879,0.135,27.4105211963,0.263,-0.086
0430+289,2017,13,68.4076244311,0.201,29.0987436675,0.299,-0.274
0432-606,2017,3,68.3921186161,0.324,-60.503824784,0.455,-0.304
0434-188,2017,11,69.2561782589,0.923,-18.7468373758,1.964,0.074
0436-129,2017,9,69.6459208693,0.448,-12.8509330895,0.473,0.189
0437-454,2017,47,69.753561127,0.138,-45.3729342214,0.244,0.066
0438-436,2017,7,70.0715832892,0.119,-43.5523900807,0.335,0.28
0440+345,2017,5,70.8818133561,0.157,34.6851845236,0.231,-0.097
0442+389,2017,10,71.5478917801,0.117,39.0047499639,0.206,-0.118
0446+112,2017,53,72.2819629269,0.083,11.3579434491,0.105,0.025
0450-743,2017,4,72.2023253091,0.218,-74.2920127011,0.241,-0.025
0451-282,2017,7,73.3110282884,0.117,-28.1270353816,0.276,0.09
0451-398,2017,3,73.3192465578,0.243,-39.818314448,0.583,-0.952
0454+844,2017,41,77.1765147936,0.087,84.5345956319,0.099,0.167
0454-234,2017,118,74.2632467301,0.073,-23.4144500895,0.079,-0.044
0454-463,2017,9,73.961552187,0.171,-46.2662998613,0.253,0.167
0454-810,2017,27,72.5226676432,0.07,-81.0172865256,0.078,-0.026
0456-317,2017,3,74.5868477144,3.387,-31.6556204681,6.404,-0.915
0458+138,2017,5,75.4386284171,0.189,13.9353390269,0.368,-0.013
0458-020,2017,117,75.303374544,0.061,-1.987293452,0.063,-0.04
0506+101,2017,13,77.3644045121,0.498,10.1957222365,0.329,-0.114
0506-332,2017,3,77.1586885371,0.297,-33.1483226036,0.676,-0.799
0506-612,2017,5,76.6832865908,0.33,-61.1613872262,0.311,0.142
0507+179,2017,5,77.5098713479,0.07,18.011550438,0.092,-0.314
0510+559,2017,3,78.5779150373,0.116,56.0364036011,0.138,-0.079
0511-220,2017,3,78.4546429783,0.322,-21.9878033732,0.393,-0.002
0514-161,2017,3,79.0663722603,0.102,-16.0521204401,0.284,0.291
0514-459,2017,4,78.9385422391,0.205,-45.9453329465,0.496,0.136
0515+208,2017,8,79.5159354642,0.104,20.9145826177,0.157,-0.179
0516-621,2017,6,79.1871923019,0.118,-62.1181637405,0.172,0.149
0521-365,2017,15,80.7416025667,0.081,-36.4585697683,0.218,0.033
0522-314,2017,3,81.0412727893,3.017,-31.4395105202,5.958,0.81
0522-611,2017,7,80.643439374,0.384,-61.1325372444,0.834,-0.057
0524+034,2017,11,81.8862726839,0.118,3.5254212993,0.295,-0.177
0524-485,2017,4,81.5694637768,0.123,-48.5102199387,0.277,0.339
0527-253,2017,3,82.4877807338,0.149,-25.2663699378,0.378,0.222
0528+134,2017,6,82.7350697931,0.202,13.5319859806,0.366,0.367
0528-250,2017,6,82.533178243,0.151,-25.0583053439,0.271,0.061
0529+483,2017,77,83.3161074795,0.05,48.3813355132,0.062,-0.038
0530-727,2017,46,82.3751757278,0.219,-72.7579187727,0.247,0.103
0532+255,2017,4,83.9581126802,0.201,25.5373685521,0.335,-0.069
0532-378,2017,3,83.5728604887,0.144,-37.790443041,0.362,-0.875
0534-340,2017,23,84.1184681784,0.151,-34.0198522729,0.444,0.177
0534-611,2017,3,83.6490520593,0.171,-61.1019647357,0.217,0.145
0536+145,2017,44,84.9265249692,0.089,14.5626560232,0.172,-0.071
0537-286,2017,50,84.9761728063,0.156,-28.6655411204,0.267,-0.162
0537-441,2017,141,84.7098399362,0.113,-44.0858163017,0.151,0.091
0540-270,2017,3,85.5529729266,0.168,-26.9784830873,0.467,-0.849
0544+273,2017,47,86.8922871723,0.063,27.3657896338,0.11,-0.004
0549-575,2017,7,87.539917365,0.15,-57.5401102262,0.224,0.399
0552+398,2017,68,88.8783567526,0.069,39.8136569548,0.066,-0.083
0556+238,2017,14,89.8834713886,0.13,23.8983129967,0.279,-0.073
0557-454,2017,3,89.7981016047,0.11,-45.4945302087,0.361,-0.761
0558-396,2017,3,90.1309062592,0.157,-39.6172766348,0.413,-0.011
0600+177,2017,5,90.788042785,0.106,17.7046696007,0.227,-0.212
0602+673,2017,61,91.9694650595,0.073,67.3487250458,0.107,-0.074
0604+728,2017,3,92.7036388058,0.152,72.814773232,0.126,-0.078
0605-085,2017,12,91.9987469196,0.16,-8.5805495676,0.162,0.002
0606-223,2017,28,92.2486951522,0.068,-22.3391546524,0.13,-0.292
0607-157,2017,11,92.4206230304,0.126,-15.7112979191,0.241,0.198
0609-284,2017,3,92.9640224881,0.139,-28.4666254482,0.364,-0.274
0613+570,2017,37,94.3205107261,0.058,57.0212286765,0.061,-0.057
0627-199,2017,33,97.349007741,0.159,-19.9888121234,0.167,0.085
0628-627,2017,3,97.2395327203,0.403,-62.8124289075,0.231,-0.327
0630-261,2017,3,98.0270907551,0.129,-26.2372316418,0.325,-0.461
0632-235,2017,7,98.7458374988,0.359,-23.586654823,0.249,0.133
0636+680,2017,5,100.5177390136,0.182,67.9765613422,0.19,-0.207
0637-752,2017,13,98.9437834136,0.102,-75.2713376681,0.089,0.096
0639+098,2017,3,100.4383241286,1.792,9.78453614,1.855,0.135
0639-032,2017,16,100.4630539181,0.118,-3.3468284016,0.133,0.166
0641+392,2017,39,101.2237899888,0.133,39.2465372437,0.196,0.149
0642+449,2017,48,101.6334416042,0.072,44.8546083638,0.063,0.028
0646-306,2017,77,102.0587352833,0.116,-30.7387944004,0.226,0.015
0648-165,2017,61,102.6024244069,0.078,-16.6277015517,0.143,-0.124
0650+239,2017,4,103.3524445214,0.216,23.8904892879,0.266,-0.157
0656+082,2017,70,104.8249834377,0.124,8.2252649535,0.294,-0.341
0657+172,2017,49,105.0063564358,0.124,17.1560281581,0.112,-0.073
0700-197,2017,19,105.6787527563,0.096,-19.8561209639,0.109,0.112
0707+476,2017,19,107.6921036712,0.092,47.5364285122,0.106,-0.017
0714+457,2017,6,109.4660515476,0.638,45.6342391353,0.51,-0.013
0716+714,2017,57,110.4727019911,0.056,71.343434279,0.059,-0.014
0721-071,2017,4,111.0720526249,0.097,-7.2556534147,0.219,0.186
0722+145,2017,23,111.3200323711,0.135,14.4204851723,0.122,-0.175
0723+219,2017,16,111.5594197727,0.168,21.8889205649,0.243,0.098
0723-008,2017,10,111.4609995803,0.143,-0.9157063617,0.422,0.124
0727-115,2017,141,112.5796353037,0.063,-11.6868335122,0.063,0.024
0729+259,2017,9,113.2344803294,0.136,25.8107765945,0.141,-0.109
0733-187,2017,3,114.0099068406,0.744,-18.8860902487,1.281,-0.149
0736+017,2017,58,114.8251412406,0.06,1.6179493846,0.096,-0.112
0738+313,2017,9,115.2945970767,0.237,31.2000640946,0.484,0.119
0738+491,2017,31,115.5114539558,0.048,49.0043358149,0.069,-0.056
0743+259,2017,8,116.6078090873,0.121,25.8172595761,0.214,0.066
0743+277,2017,31,116.6684679624,0.056,27.5830686153,0.099,-0.184
0743-006,2017,10,116.4753430762,0.191,-0.7382055912,0.342,-0.028
0745+241,2017,17,117.150455365,0.103,24.0066971985,0.109,-0.113
0747+185,2017,8,117.5013747764,0.117,18.3865020203,0.161,-0.047
0748+126,2017,58,117.716857286,0.048,12.5180078818,0.066,-0.062
0749+540,2017,29,118.2557690658,0.109,53.8832324989,0.123,0.419
0752+258,2017,3,118.9043028185,0.428,25.7108398186,0.728,-0.135
0752-385,2017,3,118.6731860595,0.963,-38.7102930108,4.006,-0.121
0758+120,2017,3,120.2520124722,1.5,11.8898851069,1.659,-0.797
0759+183,2017,16,120.7001332306,0.126,18.1636803583,0.202,-0.147
0800+618,2017,51,121.3257481459,0.081,61.7399168216,0.093,-0.078
0802+596,2017,3,121.6081195121,0.656,59.5185860867,0.704,-0.581
0804+499,2017,25,122.1652762613,0.111,49.8434806719,0.132,-0.289
0805+046,2017,3,121.9897434693,0.152,4.5429254698,0.302,0.042
0805+410,2017,19,122.2360502118,0.068,40.8791358225,0.078,0.115
0805-077,2017,4,122.0647334483,0.145,-7.852746318,0.367,0.164
0806-153,2017,3,122.280799727,0.327,-15.5463539641,0.787,-0.754
0808+019,2017,57,122.8612804859,0.095,1.7811722669,0.08,-0.047
0808-132,2017,3,122.7392507772,1.032,-13.3656810878,2.576,-0.817
0812+020,2017,3,123.8456701048,0.378,1.9165224735,0.32,0.021
0812+367,2017,6,123.8581035954,0.087,36.5875413437,0.115,0.081
0814+425,2017,27,124.5666650897,0.08,42.3792818978,0.081,-0.024
0821+394,2017,54,126.2311827428,0.051,39.2783066807,0.072,-0.045
0823+033,2017,56,126.4597431262,0.089,3.1568111211,0.15,0.206
0823-223,2017,9,126.5065538399,0.123,-22.5075563191,0.293,-0.266
0826-373,2017,17,127.0199175975,0.16,-37.5184115862,0.208,0.208
0827+243,2017,36,127.7170257982,0.116,24.1832834164,0.097,-0.041
0834+250,2017,5,129.4176903998,0.127,24.9064226288,0.139,0.02
0834-201,2017,93,129.1633968817,0.145,-20.2831956385,0.24,0.137
0843-336,2017,3,131.2839352281,0.189,-33.7947401084,0.491,-0.857
0847-120,2017,26,132.5401484757,0.079,-12.2264933635,0.116,0.059
0854-108,2017,16,134.1741840347,0.149,-11.0873417656,0.225,-0.096
0855-716,2017,3,133.7990405998,0.351,-71.8184602103,0.297,-0.559
0858-279,2017,5,135.166828264,0.187,-28.1389843563,0.551,-0.02
0902+210,2017,4,136.3097388238,0.215,20.8703630154,0.287,-0.011
0902-350,2017,3,136.1765783236,0.166,-35.2400973511,0.401,-0.851
0903-573,2017,6,136.2215798586,0.132,-57.5849395566,0.251,-0.079
0906+015,2017,7,137.2920482954,0.261,1.3598937708,0.452,0.091
0907+230,2017,3,137.6755546826,0.144,22.809883771,0.215,-0.439
0910-414,2017,3,138.0531276348,0.236,-41.6211542708,0.626,-0.884
0912+029,2017,52,138.6579726474,0.135,2.7664572164,0.311,-0.101
0912+297,2017,4,138.9683402203,0.223,29.5566785279,0.452,0.555
0918-297,2017,4,140.1799742587,0.209,-29.9417484179,0.605,-0.346
0919-260,2017,7,140.372307823,0.249,-26.312051829,0.273,0.318
0920+390,2017,25,140.8102205733,0.06,38.8277528109,0.091,-0.005
0920-397,2017,90,140.6934094949,0.155,-39.9930744455,0.475,-0.019
0925-203,2017,63,141.9659347081,0.107,-20.5808979535,0.202,-0.209
0933+503,2017,3,144.3013639353,0.368,50.1478048272,0.357,0.332
0943+105,2017,14,146.6461248692,0.14,10.2850373124,0.212,0.252
0949+354,2017,6,148.1334424261,0.094,35.2145563841,0.161,0.149
0950+326,2017,3,148.3664857882,0.112,32.4309780003,0.199,-0.403
0951+268,2017,19,148.6658188664,0.125,26.6568176065,0.188,-0.372
0954+658,2017,14,149.696854641,0.081,65.5652272006,0.098,-0.13
0955+326,2017,8,149.5872901858,0.119,32.4006137752,0.184,-0.42
0955+476,2017,99,149.5819652345,0.05,47.4188451018,0.06,-0.027
0958+346,2017,8,150.2997885128,0.138,34.4140164574,0.228,0.307
0959-443,2017,3,150.4996175117,0.984,-44.6335006917,1.648,-0.819
1002+483,2017,3,151.3166135424,1.26,48.0925904393,1.363,0.419
1004-217,2017,4,151.6933903735,0.139,-21.9890028356,0.286,-0.434
1004-500,2017,13,151.5583721216,0.257,-50.3037418027,0.468,0.597
1005+073,2017,4,151.957565623,0.183,7.1433161371,0.336,-0.044
1005-333,2017,3,151.8807810278,0.122,-33.5518658504,0.314,-0.293
1005-739,2017,4,151.5172719668,0.18,-74.1622466707,0.214,-0.078
1012+232,2017,6,153.6961060463,0.253,23.0212698654,0.363,0.141
1013+054,2017,10,154.0130686161,0.136,5.2173170671,0.307,-0.339
1013+127,2017,14,153.9334308035,0.091,12.4519639987,0.271,-0.399
1015+057,2017,5,154.6160346796,0.407,5.5083227002,1.284,0.134
1015+359,2017,11,154.545783749,0.133,35.7109558115,0.172,0.043
1020+191,2017,3,155.7298198062,0.178,18.8928506929,0.357,-0.164
1022+194,2017,8,156.1867066533,0.125,19.2056709706,0.146,-0.223
1022-665,2017,5,155.9313881595,0.216,-66.7801993309,0.261,0.402
1027-186,2017,15,157.3879070384,0.205,-18.8806357844,0.37,-0.233
1030+074,2017,7,158.3917678916,0.195,7.1905965119,0.288,-0.014
1030+415,2017,47,158.2654494389,0.063,41.2683980427,0.062,0.014
1034-293,2017,106,159.3169989382,0.177,-29.5674481411,0.255,-0.177
1034-374,2017,18,159.2226649977,0.161,-37.7375182668,0.438,0.007
1038+52A,2017,7,160.4449236793,0.088,52.5578423614,0.113,0.18
1039+811,2017,30,161.0960943839,0.059,80.9109563909,0.058,-0.034
1039-474,2017,5,160.4360413253,0.118,-47.6666851329,0.3,0.273
1040+244,2017,52,160.7876491038,0.059,24.1431693099,0.065,-0.058
1044+719,2017,6,162.11508302,0.066,71.7266495515,0.069,0.026
1045-188,2017,11,162.0275858642,0.137,-19.1599241778,0.328,-0.314
1045-620,2017,7,161.9289679061,0.199,-62.2873983026,0.308,0.072
1046-409,2017,5,162.1594630692,0.212,-41.2333652357,0.55,-0.446
1048-526,2017,3,162.6584516793,0.38,-52.8300911287,0.578,0.426
1049+215,2017,7,162.9532878915,0.111,21.3311983167,0.16,-0.196
1050+341,2017,3,163.2085841912,1.69,33.9180627177,4.28,-0.311
1053+704,2017,33,164.2234062422,0.045,70.1960876346,0.042,0.06
1053+815,2017,12,164.5480639714,0.115,81.2424097578,0.116,0.027
1055+018,2017,32,164.6233550225,0.06,1.5663399255,0.044,0.023
1057-797,2017,119,164.6804574483,0.101,-80.0650444104,0.093,0.133
1059+282,2017,7,165.5595352611,0.307,27.9524137502,0.248,-0.224
1101+384,2017,23,166.1138080946,0.091,38.2088330629,0.126,-0.12
1101-536,2017,3,165.96759034,0.276,-53.9501935021,0.741,0.115
1104+728,2017,7,166.9238441316,0.305,72.5433347291,0.283,-0.259
1104-445,2017,61,166.7862255354,0.304,-44.8187828269,0.285,-0.241
1105-680,2017,3,166.8028965094,0.203,-68.3474240476,0.3,-0.225
1109-567,2017,3,168.0302901814,1.314,-57.0610415316,1.394,0.146
1111+149,2017,32,168.49456284,0.165,14.7074868713,0.254,-0.368
1117-248,2017,3,170.0380145096,2.095,-25.1354899845,2.845,-0.527
1117-270,2017,4,170.0674654608,0.151,-27.318435102,0.34,0.254
1123+002,2017,5,171.4262080182,0.24,0.0170549876,0.341,0.09
1123+264,2017,32,171.473799624,0.077,26.1722163071,0.069,-0.015
1124+571,2017,3,171.9172301708,0.166,56.8374431773,0.148,-0.027
1124-186,2017,101,171.7683018815,0.092,-18.954844961,0.101,-0.103
1125+366,2017,6,171.9952953274,0.387,36.3412087738,0.3,0.117
1126+237,2017,3,172.2153957062,0.418,23.4381511443,0.513,-0.374
1128+385,2017,34,172.7220108938,0.087,38.2551518939,0.096,-0.028
1130+009,2017,5,173.3335657414,0.246,0.6813436715,0.519,-0.371
1133-032,2017,76,174.1024038902,0.095,-3.5081935602,0.176,-0.054
1138+006,2017,4,175.3344548601,0.22,0.3824389635,0.225,-0.16
1140+190,2017,3,175.7751198623,0.421,18.7285763783,0.84,-0.486
1142-225,2017,5,176.3418617855,0.209,-22.8420397403,0.408,0.405
1143-332,2017,8,176.6185490357,0.228,-33.4785090606,0.577,0.179
1143-696,2017,5,176.4734338082,0.181,-69.9004993234,0.288,0.101
1144+402,2017,70,176.7429079905,0.063,39.9761956537,0.061,0.004
1144-379,2017,124,176.7557112969,0.102,-38.2030620842,0.14,0.004
1145+268,2017,25,176.999016298,0.094,26.5950923745,0.165,-0.232
1145-071,2017,11,176.9648084129,0.21,-7.4114280618,0.168,-0.063
1147+245,2017,7,177.5800507572,0.142,24.2982875522,0.131,-0.07
1148-001,2017,4,177.6827950962,0.372,-0.3983901435,0.916,0.439
1148-671,2017,3,177.8059437796,0.15,-67.4697484691,0.269,-0.223
1149-084,2017,42,178.0717063243,0.1,-8.6842538901,0.089,-0.014
1156+295,2017,61,179.882641291,0.05,29.2455074197,0.046,0.016
1156-214,2017,5,179.8393022334,0.138,-21.7124757709,0.343,0.318
1200+028,2017,4,180.7303177489,0.275,2.5907339366,0.37,-0.24
1200+068,2017,3,180.7542193271,0.17,6.5782049748,0.314,-0.107
1201-068,2017,3,181.06943624,0.122,-7.1691681636,0.235,0.092
1202+492,2017,3,181.1507477315,0.475,48.9483211214,0.697,-0.203
1206-238,2017,4,182.2601879307,0.15,-24.1057664109,0.347,0.252
1212+171,2017,4,183.766579812,0.152,16.9105435534,0.274,-0.177
1213-172,2017,56,183.9447990209,0.081,-17.5292786632,0.127,-0.126
1214-609,2017,3,184.2734517639,0.572,-61.2237300682,0.826,-0.678
1215+303,2017,9,184.4670082489,0.158,30.1168432587,0.178,0.242
1219+044,2017,52,185.5939567713,0.132,4.2210488971,0.281,0.009
1221+809,2017,22,185.918723912,0.074,80.6678723268,0.085,-0.025
1221-829,2017,15,186.2265942326,0.145,-83.2194727901,0.14,0.115
1222+216,2017,4,186.2269100189,0.074,21.3795523504,0.13,-0.268
1226+373,2017,28,187.1975986841,0.137,37.1033599192,0.161,0.116
1226-028,2017,3,187.1538221013,0.112,-3.0775866335,0.237,-0.226
1236+077,2017,7,189.8524513902,0.089,7.5047747745,0.14,0.005
1240+381,2017,5,190.714037742,0.107,37.8500071,0.138,0.053
1243-072,2017,60,191.5176338041,0.081,-7.5129373995,0.124,0.041
1243-160,2017,35,191.4739261261,0.183,-16.2793625628,0.136,0.066
1244-255,2017,43,191.6950084445,0.154,-25.7970247824,0.306,-0.092
1251-197,2017,9,193.6552318212,0.187,-20.0156685034,0.407,-0.029
1251-713,2017,6,193.7496731376,0.164,-71.6384546319,0.216,0.269
1252+119,2017,11,193.6593984531,0.091,11.6849708483,0.15,-0.046
1255-177,2017,6,194.6595904265,0.397,-18.0008679393,0.213,0.15
1255-316,2017,86,194.4960868545,0.157,-31.9213476398,0.227,0.315
1256-220,2017,7,194.7269949,0.106,-22.3253125133,0.205,0.062
1300+580,2017,59,195.7186053911,0.08,57.8104470481,0.092,0.109
1306+360,2017,23,197.0987880563,0.053,35.7769899722,0.083,-0.294
1308+326,2017,4,197.6194327426,0.366,32.3454951466,0.375,-0.043
1308+328,2017,19,197.747511435,0.127,32.559569294,0.211,0.022
1308+554,2017,10,197.7633784323,0.167,55.2317561772,0.257,-0.217
1313-333,2017,31,199.0332748276,0.138,-33.6497702703,0.366,-0.195
1318-263,2017,5,200.3084872046,0.171,-26.6029067756,0.384,0.144
1323-165,2017,4,201.5366858719,0.389,-16.8511639469,0.373,-0.341
1323-527,2017,8,201.7051213156,0.132,-52.9398981042,0.248,-0.071
1324+224,2017,74,201.7535888093,0.067,22.1806007672,0.118,-0.08
1325+126,2017,3,201.977845852,0.103,12.3858828322,0.192,-0.301
1325-558,2017,4,202.2547705561,0.295,-56.1340736148,0.269,0.47
1327+504,2017,24,202.2741780005,0.134,50.1573335578,0.151,-0.157
1330+022,2017,6,203.2219605057,0.183,2.0126941783,0.158,-0.069
1330+476,2017,7,203.1885267629,0.167,47.372963248,0.202,0.165
1331-109,2017,3,203.4593091977,0.115,-11.214354107,0.195,0.144
1333-152,2017,6,204.1420382285,0.225,-15.496686436,0.428,-0.186
1333-337,2017,7,204.162635537,0.244,-33.9658536601,0.531,-0.265
1334-127,2017,58,204.4157615505,0.083,-12.9568592776,0.084,-0.018
1336-260,2017,4,204.8328782544,0.134,-26.34180437,0.305,0.18
1342+662,2017,34,205.9414981878,0.074,66.040484741,0.075,0.036
1342+663,2017,17,206.0361649386,0.095,66.1032343862,0.092,0.075
1348+308,2017,7,207.7197342929,0.22,30.5815529888,0.175,0.066
1349-439,2017,9,208.2355622147,0.368,-44.2112186682,0.937,0.5
1351-018,2017,75,208.5287305463,0.091,-2.1008862077,0.248,-0.057
1352-104,2017,9,208.6938278762,0.087,-10.6840711299,0.161,-0.095
1354-152,2017,52,209.2968541077,0.115,-15.4579963623,0.215,0.056
1357+769,2017,18,209.4807147183,0.152,76.7225141475,0.154,0.164
1406-076,2017,41,212.2353383527,0.166,-7.8740740333,0.134,0.025
1406-267,2017,30,212.4590407131,0.196,-26.960272397,0.427,0.257
1412-368,2017,5,213.8584013841,0.155,-37.0908252253,0.473,-0.168
1413+135,2017,31,213.9950729605,0.072,13.3399201971,0.179,-0.077
1417+385,2017,49,214.9442240174,0.061,38.3634652692,0.111,-0.143
1418+546,2017,67,214.944155913,0.052,54.3874408335,0.055,-0.104
1420-679,2017,6,216.2314891528,0.149,-68.1328040432,0.248,0.294
1423+146,2017,9,216.4542417253,0.087,14.4158060893,0.173,-0.08
1424+240,2017,4,216.7516323566,0.106,23.8000104582,0.119,0.013
1424-418,2017,146,216.9845732029,0.084,-42.1053993313,0.125,0.058
1428+370,2017,4,217.6690986994,0.138,36.817746874,0.178,-0.077
1430-178,2017,5,218.2403776502,0.447,-18.0264581084,0.67,0.167
1432+200,2017,4,218.6658056535,0.169,19.8668709362,0.313,-0.381
1435-218,2017,4,219.539455828,0.193,-22.0818745689,0.282,0.447
1437+374,2017,3,219.8357410721,0.137,37.2007878372,0.214,-0.104
1441+252,2017,34,220.9870508693,0.052,25.0290251998,0.091,-0.149
1442+117,2017,3,221.2113990075,0.184,11.5323305393,0.388,-0.294
1442-087,2017,4,221.242950077,0.21,-8.9951446902,0.288,-0.3
1443-162,2017,15,221.4724012545,0.171,-16.4837831098,0.342,-0.149
1445-161,2017,4,222.0627255151,0.277,-16.3401522822,0.599,0.044
1448+762,2017,4,222.1199132338,0.105,76.0198881194,0.107,-0.113
1448-648,2017,5,223.1653300167,0.473,-65.0342871224,0.499,0.582
1451-375,2017,6,223.614207357,0.138,-37.7925401798,0.377,-0.11
1451-400,2017,15,223.6371349828,0.213,-40.2090318165,0.571,-0.063
1456+044,2017,17,224.7473175455,0.185,4.2705056687,0.309,-0.383
1459+480,2017,5,225.2027259631,0.116,47.8543160955,0.125,-0.014
1502+036,2017,60,226.2769881641,0.125,3.4418923668,0.105,0.003
1502+106,2017,11,226.1040824189,0.156,10.4942217958,0.126,-0.07
1504+377,2017,41,226.5397082249,0.102,37.5142034701,0.107,0.0
1505-496,2017,4,227.1622697894,0.372,-49.8839754292,0.416,-0.681
1508+572,2017,5,227.5121766631,0.17,57.0453822432,0.2,0.089
1508-111,2017,4,227.685140223,0.379,-11.3610280621,0.686,-0.587
1510-089,2017,23,228.2105538323,0.121,-9.0999526228,0.253,0.004
1511-100,2017,18,228.4370560021,0.11,-10.2000735634,0.147,-0.083
1514+004,2017,5,229.167579404,0.237,0.2505302432,0.238,-0.347
1514+197,2017,50,229.2366506926,0.129,19.5369421789,0.136,-0.143
1519-273,2017,123,230.6569833296,0.094,-27.5029959823,0.122,-0.09
1519-294,2017,3,230.6061938443,1.386,-29.6070083352,0.587,0.852
1520+319,2017,31,230.5416322264,0.066,31.737328311,0.085,-0.149
1520+437,2017,40,230.4567245077,0.063,43.6109078252,0.098,-0.171
1526+670,2017,3,231.6786426457,0.114,66.8485116864,0.12,0.112
1527-196,2017,4,232.6202664804,0.185,-19.844220063,0.45,-0.173
1534-128,2017,4,234.3231476218,0.176,-12.9952377022,0.285,-0.261
1535+004,2017,3,234.5664712441,0.164,0.3181455153,0.224,0.222
1535+231,2017,3,234.310420285,0.2,23.0112532141,0.365,0.285
1538+149,2017,38,235.2062146628,0.061,14.7960790687,0.105,-0.186
1540-828,2017,4,237.7464268077,0.209,-82.9685681764,0.398,-0.047
1544-638,2017,3,237.1266504494,0.301,-64.0263338312,0.408,0.558
1546+027,2017,49,237.3726535347,0.054,2.6169897766,0.067,-0.048
1548+056,2017,10,237.6469552154,0.194,5.452902196,0.216,0.09
1548-199,2017,3,237.7355822054,0.2,-20.0709145751,0.473,-0.059
1550-269,2017,4,238.5102907356,0.133,-27.0778426227,0.334,0.051
1554-643,2017,4,239.7095180242,0.239,-64.5415658672,0.64,-0.194
1555+001,2017,38,239.4643082079,0.099,-0.0306704823,0.086,-0.017
1557+032,2017,4,239.879052607,0.098,3.0800713851,0.198,-0.183
1601+112,2017,6,240.924713618,0.206,11.0968553096,0.176,0.311
1602-115,2017,3,241.3230486236,0.499,-11.6574530998,0.326,-0.399
1604-333,2017,20,241.8948431626,0.218,-33.5191427794,0.59,-0.268
1605-205,2017,3,241.9871954137,0.275,-20.6617697496,0.665,-0.462
1606+106,2017,17,242.1925132817,0.111,10.4854932644,0.125,-0.246
1606-398,2017,3,242.5911628257,0.267,-39.982869412,0.491,0.08
1608+243,2017,12,242.6751115547,0.132,24.2469476567,0.155,0.008
1610-771,2017,8,244.4553189585,0.096,-77.2884632362,0.116,0.062
1611+343,2017,10,243.421101056,0.195,34.2133079636,0.196,0.105
1611-710,2017,3,244.127672885,0.184,-71.1420705676,0.26,0.127
1614+051,2017,7,244.1564867588,0.076,4.9924267701,0.157,-0.048
1615+029,2017,9,244.4579504586,0.159,2.7786402608,0.261,-0.005
1616+063,2017,13,244.765365375,0.193,6.2172895823,0.209,-0.226
1616+851,2017,3,241.8473441569,0.125,85.0308339403,0.115,-0.027
1617+229,2017,40,244.8117691882,0.073,22.7966251906,0.109,-0.129
1619-680,2017,7,246.0768208983,0.103,-68.1534713095,0.138,0.117
1622-253,2017,81,246.4453818721,0.123,-25.4606463601,0.137,-0.06
1623+578,2017,23,246.1033649228,0.106,57.6878558279,0.093,-0.017
1624-617,2017,4,247.2278743645,0.163,-61.8767773132,0.223,0.299
1629-228,2017,3,248.1281711265,0.321,-22.9824074555,0.803,-0.748
1636+473,2017,27,249.4380439495,0.117,47.2927308676,0.15,-0.171
1637+574,2017,14,249.5560679372,0.079,57.3399941667,0.099,-0.106
1639+230,2017,69,250.3551148585,0.109,22.9511202129,0.119,-0.109
1639-062,2017,83,250.5090738067,0.085,-6.3565819545,0.069,0.036
1642+670,2017,3,250.5913641672,1.056,66.9304142157,0.456,0.163
1642+690,2017,9,250.5327021465,0.081,68.9443768203,0.081,0.02
1645-329,2017,4,252.1764630817,0.274,-33.0302588642,0.554,0.138
1646-506,2017,4,252.5692794635,0.719,-50.746725212,0.586,-0.193
1651+391,2017,3,253.2437899154,0.123,39.0471728534,0.206,0.105
1656-075,2017,28,254.6835914766,0.091,-7.6549151184,0.174,-0.171
1657-261,2017,99,255.221475297,0.125,-26.181034859,0.155,-0.228
1657-562,2017,5,255.4369087779,0.105,-56.3655286305,0.264,0.096
1659+399,2017,4,255.3526450326,0.389,39.9103032919,0.458,-0.26
1659-621,2017,5,255.9022551443,0.113,-62.2111135339,0.2,0.106
1705+018,2017,48,256.8933969584,0.083,1.8126942634,0.073,-0.035
1706-174,2017,15,257.393105709,0.204,-17.4814902342,0.323,-0.238
1710-323,2017,4,258.461626008,0.258,-32.4367247472,0.662,-0.338
1717+178,2017,9,259.8043686715,0.1,17.7517881046,0.12,0.209
1718-649,2017,5,260.9209549227,0.194,-65.0101695595,0.215,-0.269
1722+330,2017,4,261.0591576049,0.162,33.0510940828,0.173,-0.469
1725+123,2017,24,262.0293800571,0.053,12.2609682121,0.119,-0.276
1725-795,2017,6,263.4195843696,0.148,-79.5988101014,0.177,0.211
1726+455,2017,45,261.8652116509,0.049,45.5110364515,0.064,0.074
1732+389,2017,29,263.5857438841,0.073,38.9642897489,0.076,-0.073
1736+324,2017,5,264.6687576326,0.16,32.4025070977,0.231,0.198
1738+476,2017,4,264.9880378682,0.135,47.6328781782,0.133,-0.017
1738+499,2017,6,264.8641271395,0.155,49.9176023325,0.224,-0.278
1739+522,2017,7,265.1540744416,0.109,52.1953909882,0.12,-0.126
1741-038,2017,127,265.9952339206,0.067,-3.8346157411,0.059,-0.024
1742-078,2017,3,266.3629373005,0.263,-7.8844300237,0.744,0.323
1743+173,2017,16,266.3967007559,0.078,17.3337286462,0.079,-0.078
1745+624,2017,5,266.5584754502,0.138,62.4485383017,0.192,-0.35
1749+096,2017,89,267.8867440655,0.071,9.6502023162,0.062,0.052
1751+288,2017,105,268.4269734845,0.057,28.8013718877,0.058,0.04
1754+155,2017,11,269.2212590098,0.217,15.5891184721,0.369,-0.119
1758+388,2017,9,270.103188969,0.084,38.8085270777,0.099,0.013
1758-651,2017,58,270.8479026902,0.191,-65.1268781512,0.225,0.2
1759-396,2017,122,270.6778335656,0.221,-39.6688634012,0.265,-0.004
1800+440,2017,6,270.3846450834,0.076,44.0727500626,0.095,0.159
1801+010,2017,3,271.066602024,0.228,1.0256687162,0.515,-0.353
1803+784,2017,68,270.1903496535,0.045,78.4677829,0.046,-0.013
1803-642,2017,4,271.9751363973,0.242,-64.2305872291,0.477,0.211
1806+456,2017,50,272.0911911815,0.077,45.7057962087,0.092,0.05
1806-458,2017,6,272.4911323176,0.156,-45.8780594089,0.334,-0.026
1814-637,2017,4,274.8958461183,0.507,-63.7633921342,0.767,-0.605
1815-553,2017,7,274.9391646885,0.595,-55.3557626014,0.489,0.501
1823+568,2017,21,276.0294515157,0.069,56.8504141171,0.074,0.038
1823+689,2017,4,275.8868912705,0.176,68.9646146554,0.273,0.121
1824-582,2017,4,277.3016764044,0.24,-58.2319893889,0.273,0.493
1825-214,2017,3,277.0811957638,0.724,-21.3941025969,1.115,-0.056
1831-711,2017,13,279.3696457117,0.094,-71.1454318223,0.141,0.245
1832+208,2017,3,278.5505971451,0.463,20.8613439582,0.671,-0.6
1833+250,2017,3,278.9932302091,0.49,25.1126130173,0.611,-0.515
1836+807,2017,3,278.0208676579,0.593,80.8282722399,0.476,0.339
1842+681,2017,7,280.6401736211,0.084,68.1570077765,0.091,-0.059
1846+322,2017,74,282.0920357399,0.078,32.3173899169,0.1,-0.005
1849+670,2017,60,282.3169678425,0.046,67.0949111801,0.05,-0.029
1852-534,2017,4,284.2518843512,1.245,-53.4167721608,1.357,-0.06
1908+484,2017,7,287.4440112234,0.25,48.57550561,0.303,0.227
1908-201,2017,55,287.7902204058,0.096,-20.1153080565,0.238,0.02
1909+161,2017,30,287.9927391613,0.172,16.1963514621,0.222,0.263
1920-211,2017,29,290.8841242409,0.13,-21.0759258429,0.208,-0.192
1921-293,2017,110,291.2127331546,0.135,-29.2417002796,0.203,0.365
1923+210,2017,32,291.4983557817,0.303,21.1072672884,0.199,0.249
1925-610,2017,6,292.5256670759,0.159,-60.9358845151,0.245,-0.006
1929+226,2017,51,292.8538198485,0.077,22.725349578,0.1,-0.135
1929-457,2017,4,293.1870318537,0.23,-45.6105358251,0.428,-0.033
1933-400,2017,11,294.3175722987,0.171,-39.9670980642,0.347,0.236
1934-638,2017,3,294.8542612757,0.981,-63.7126736637,1.088,-0.423
1935-692,2017,5,295.1063673278,0.133,-69.1324922373,0.206,0.221
1936+714,2017,3,294.0148366347,0.086,71.5254958062,0.086,0.253
1936-155,2017,57,294.8610739962,0.104,-15.4286273535,0.11,-0.027
1948+505,2017,3,297.431217807,0.101,50.6922146943,0.131,0.01
1953-325,2017,3,299.2477304247,0.143,-32.42944645,0.368,-0.366
1954+187,2017,3,299.1284012946,2.807,18.9339258682,2.225,-0.077
1954+513,2017,14,298.9280761863,0.096,51.5301516738,0.118,-0.121
1954-388,2017,76,299.4992470493,0.225,-38.7517655917,0.323,-0.247
1958-179,2017,52,300.237876815,0.077,-17.8160201671,0.087,-0.075
2000+148,2017,4,300.6749967944,0.087,15.0207150106,0.138,-0.114
2000+472,2017,66,300.5434094034,0.066,47.4246593494,0.081,-0.008
2002-375,2017,18,301.4794620481,0.155,-37.3948549577,0.404,-0.206
2008-159,2017,78,302.815462209,0.112,-15.7778482761,0.101,-0.005
2013+163,2017,49,304.0577501211,0.076,16.5428091799,0.125,-0.161
2019-221,2017,3,305.5062620992,1.515,-22.0284085665,3.191,0.698
2029+024,2017,6,307.9468796671,0.162,2.6603565221,0.235,-0.091
2029+121,2017,10,307.9791427594,0.074,12.3281500138,0.133,-0.147
2032+107,2017,5,308.8430554184,0.099,10.9352188835,0.179,-0.095
2044-168,2017,3,311.83194593,0.169,-16.6516231344,0.41,-0.327
2052-474,2017,122,314.068165826,0.185,-47.2465632597,0.204,0.207
2054-377,2017,3,314.4233477997,0.269,-37.5674973481,0.426,0.131
2058-425,2017,4,315.4963078289,0.414,-42.3211573521,1.016,-0.014
2059+034,2017,90,315.4118089614,0.078,3.6920335594,0.121,-0.005
2106+143,2017,7,317.1709673088,0.093,14.5075035159,0.094,-0.215
2106-413,2017,16,317.3882858805,0.348,-41.172390509,0.555,0.3
2113+293,2017,88,318.8725560258,0.072,29.5606575009,0.153,0.041
2121+053,2017,7,320.935489216,0.198,5.5894703202,0.121,0.237
2123-463,2017,5,321.6279344811,0.099,-46.0966367137,0.282,0.251
2126-158,2017,96,322.3007328986,0.092,-15.6447338928,0.162,-0.05
2127-096,2017,7,322.5795344112,0.16,-9.460398631,0.177,0.338
2128-123,2017,5,322.8969239863,0.271,-12.117998832,0.182,0.484
2128-208,2017,4,322.7561509392,0.559,-20.615599476,1.044,-0.622
2131-021,2017,22,323.5429565964,0.158,-1.8881218791,0.242,-0.071
2135-184,2017,3,324.6746931937,2.753,-18.178993798,3.689,0.087
2136+141,2017,13,324.7554553357,0.164,14.393331152,0.128,0.073
2141+175,2017,42,325.8981023501,0.087,17.7302188087,0.081,-0.068
2142-758,2017,15,326.8030447829,0.095,-75.6036735399,0.094,0.059
2143-156,2017,4,326.5957472481,0.355,-15.4288571165,0.169,0.258
2144+092,2017,12,326.7923456996,0.191,9.4962978193,0.14,0.053
2145+067,2017,6,327.0227444256,0.174,6.9607234138,0.105,-0.122
2145+082,2017,9,326.9800807395,0.156,8.5033046412,0.313,-0.045
2149+056,2017,18,327.9078145415,0.083,5.8702651667,0.18,-0.338
2150+173,2017,8,328.1034140888,0.125,17.5771653043,0.177,-0.113
2151-118,2017,3,328.4593427386,0.238,-11.6039195384,0.147,-0.013
2152-699,2017,4,329.2749195475,0.654,-69.6899123535,0.542,0.595
2155+312,2017,15,329.3700995769,0.111,31.4503754954,0.107,-0.045
2155-152,2017,14,329.5261744553,0.122,-15.0192579811,0.202,0.13
2155-304,2017,6,329.7169380316,0.356,-30.2255883737,0.309,0.058
2201+315,2017,6,330.8123991196,0.174,31.7606305322,0.205,0.09
2204-540,2017,7,331.9322220875,0.155,-53.7760610887,0.285,0.176
2207+356,2017,3,332.438893062,0.104,35.93364728,0.169,0.15
2208-137,2017,5,332.8504144479,0.343,-13.46936778,0.311,0.259
2209+236,2017,37,333.0248596622,0.101,23.9279288352,0.112,0.025
2212-299,2017,3,333.8168106583,0.117,-29.7398143541,0.305,0.485
2214+350,2017,62,334.0833745934,0.062,35.3039388539,0.136,-0.013
2215+150,2017,49,334.5454745978,0.057,15.3432548433,0.074,-0.067
2220-351,2017,21,335.7747106875,0.171,-34.9297716651,0.496,0.022
2227-088,2017,70,337.4170180572,0.075,-8.5484542769,0.061,0.009
2227-399,2017,4,337.6678275192,0.223,-39.7144632218,0.569,0.16
2229+695,2017,79,337.6519569316,0.082,69.7744658163,0.077,-0.005
2229-172,2017,3,338.0940189356,0.108,-16.9838588348,0.282,0.371
2232-488,2017,9,338.8051523836,0.173,-48.5996651402,0.285,0.361
2233-148,2017,4,339.1420297644,0.297,-14.5561638318,0.241,0.021
2234+282,2017,8,339.0936284234,0.119,28.4826147099,0.128,0.418
2236-572,2017,7,339.8003162111,0.148,-57.0168998487,0.224,0.147
2239+096,2017,6,340.4571554876,0.189,9.8979014649,0.125,0.001
2243-123,2017,6,341.5759665826,0.121,-12.1142437934,0.2,0.629
2244-372,2017,14,341.7663222103,0.155,-36.9628622292,0.414,-0.145
2245-328,2017,16,342.161190597,0.132,-32.5978301247,0.331,-0.097
2250+194,2017,23,343.2807048561,0.134,19.709619062,0.276,-0.185
2254+024,2017,4,344.3231795299,0.525,2.7215309066,0.414,-0.103
2254+074,2017,21,344.3220963482,0.12,7.7200840518,0.122,0.088
2255-282,2017,133,344.5248453335,0.141,-27.9725712509,0.215,0.505
2300-683,2017,16,345.931519078,0.183,-68.1270676045,0.353,-0.175
2307+106,2017,16,347.6188239592,0.136,10.9251935229,0.141,-0.153
2309+454,2017,88,347.9475374138,0.063,45.7322267925,0.087,-0.124
2311-477,2017,3,348.4662500054,0.495,-47.4865922115,1.14,-0.166
2314-340,2017,5,349.1807764209,1.135,-33.8201350667,1.042,0.277
2314-409,2017,6,349.1954997409,0.425,-40.6891906419,0.571,0.365
2318+049,2017,86,350.1869024507,0.068,5.2305424335,0.069,-0.056
2319+317,2017,31,350.478983298,0.195,32.068784144,0.154,0.022
2319+444,2017,3,350.5848253446,0.169,44.7617648441,0.218,-0.429
2320-078,2017,3,350.7170465628,0.189,-7.6182272755,0.353,0.086
2321-375,2017,3,351.0296324026,0.152,-37.2395719877,0.305,0.322
2322-411,2017,3,351.2640799051,1.97,-40.8583572543,8.638,0.461
2323+790,2017,3,351.2630504663,0.31,79.2876889586,0.621,0.197
2325+093,2017,4,351.889918961,0.126,9.6692951835,0.116,-0.001
2325+293,2017,3,352.0444210175,1.278,29.6194096099,1.461,-0.459
2326-477,2017,13,352.3237680904,0.148,-47.5053095942,0.26,0.448
2329-384,2017,17,352.9978172788,0.162,-38.196569706,0.258,0.193
2329-415,2017,9,353.079367787,0.271,-41.310439526,0.531,0.109
2331-240,2017,4,353.4801576272,0.162,-23.727960609,0.38,0.064
2333-415,2017,11,354.1416044524,0.204,-41.2561066642,0.483,-0.305
2335+148,2017,3,354.5965112763,0.775,15.0792445622,1.899,-0.653
2335-027,2017,30,354.4889128108,0.141,-2.5160081254,0.117,0.073
2340-036,2017,4,355.7358344652,0.222,-3.3739636255,0.275,-0.08
2344-514,2017,5,356.8327670199,0.213,-51.1766847719,0.269,0.209
2351-154,2017,13,358.6258132052,0.115,-15.2197813699,0.228,-0.199
2351-309,2017,4,358.4477452129,0.165,-30.6301395529,0.829,0.305
2353+816,2017,6,359.0949746257,0.134,81.8811819813,0.123,-0.107
2353-686,2017,20,359.0028394687,0.183,-68.3342978691,0.213,-0.121
2355-106,2017,97,359.5453433089,0.088,-10.3357253778,0.098,-0.023
2355-534,2017,17,359.4719417714,0.123,-53.1871359701,0.214,0.249
2356+385,2017,43,359.8882532733,0.091,38.845088484,0.139,-0.149
2356-069,2017,4,359.8825671306,0.218,-6.662039768,0.288,-0.329
2357-318,2017,29,359.8978814803,0.148,-31.5621735826,0.376,-0.336
2358+189,2017,14,0.285923191,0.155,19.2427227144,0.229,-0.264
