iers_name,year,num_ses,ra,ra_err,dec,dec_err,ra_dec_corr
0002-478,2018,5,1.1485643997,0.489,-47.6054455632,0.759,0.018
0003-066,2018,51,1.5578870212,0.099,-6.3931486886,0.073,0.02
0007+016,2018,3,2.4944071988,0.212,1.9653192685,0.405,0.077
0008-264,2018,51,2.7551947579,0.15,-26.2092714224,0.248,0.056
0009+081,2018,3,2.8969567311,0.076,8.3987739441,0.127,0.072
0010+405,2018,13,3.3797091654,0.102,40.8603177975,0.136,-0.274
0010-401,2018,6,3.2496243195,0.17,-39.9072376488,0.313,-0.123
0013-005,2018,6,4.0462022877,0.127,-0.2534570009,0.277,-0.05
0016+731,2018,76,4.9407765631,0.058,73.458338254,0.057,-0.055
0017+200,2018,56,4.907727049,0.088,20.3626790631,0.06,0.056
0019+058,2018,44,5.635171719,0.15,6.1345191477,0.127,0.1
0023-354,2018,4,6.568279707,0.623,-35.2135536087,0.282,0.436
0025+197,2018,13,7.1242436656,0.125,20.0074288921,0.13,-0.085
0035-252,2018,3,9.5613979037,0.154,-24.9839544167,0.364,0.51
0037-593,2018,5,10.0327048215,0.398,-59.0646568354,0.708,0.199
0047+023,2018,4,12.4301495387,0.424,2.6177164535,0.5,-0.663
0048-097,2018,37,12.6721557235,0.124,-9.4847806251,0.171,0.093
0048-427,2018,13,12.7895907619,0.395,-42.4425813582,0.862,0.035
0054+161,2018,18,14.230393019,0.163,16.4203725007,0.166,0.231
0054-006,2018,3,14.3208425796,0.092,-0.4092159265,0.197,-0.31
0055-016,2018,3,14.3954358282,0.181,-1.3909863975,0.489,-0.541
0055-059,2018,7,14.5211095822,0.159,-5.664521758,0.134,0.5
0059+581,2018,95,15.6906765321,0.055,58.4030934857,0.06,-0.025
0104-275,2018,3,16.6086751202,0.092,-27.3032847746,0.194,-0.202
0104-408,2018,113,16.6879498556,0.127,-40.5722112292,0.201,-0.129
0106+013,2018,3,17.161546323,0.238,1.583421476,0.057,0.177
0107-610,2018,5,17.314480101,0.237,-60.8301277978,0.461,0.413
0109+224,2018,31,18.0242696214,0.089,22.7441073051,0.124,-0.19
0110+495,2018,4,18.3625283458,0.127,49.8066786983,0.187,-0.013
0111+021,2018,6,18.4297706117,0.086,2.3714767453,0.132,-0.091
0113-118,2018,5,19.0521750505,0.133,-11.6042873216,0.08,0.289
0115+027,2018,4,19.5770072419,0.087,2.968274697,0.155,-0.146
0115-214,2018,8,19.4532505959,0.453,-21.1851758295,0.267,0.448
0116-219,2018,16,19.7385924134,0.093,-21.691705584,0.229,-0.189
0119+041,2018,31,20.4869237368,0.2,4.3735373121,0.446,0.045
0119+115,2018,59,20.4233127874,0.111,11.8306706179,0.229,0.092
0119-005,2018,3,20.5579602858,0.126,-0.3002919008,0.271,-0.084
0130-171,2018,4,23.1811977376,0.111,-16.9134783473,0.114,0.288
0131-522,2018,87,23.2740103862,0.152,-52.0010959092,0.231,0.023
0133+476,2018,63,24.2441450546,0.065,47.8580833831,0.077,-0.238
0133-410,2018,3,24.0119019203,0.396,-40.7473051796,0.197,0.634
0134+311,2018,25,24.2863901237,0.171,31.3766266211,0.28,0.173
0137+012,2018,4,24.9887740911,0.244,1.5294829756,0.298,0.042
0138-097,2018,14,25.357634016,0.108,-9.4787984043,0.13,-0.066
0142-278,2018,5,26.2641441669,0.127,-27.5595356425,0.254,-0.193
0149+218,2018,6,28.075245994,0.105,22.1188055404,0.119,0.395
0150+015,2018,3,28.1650455347,0.169,1.7881621674,0.363,0.057
0151+474,2018,24,28.73454119,0.087,47.7240387984,0.113,-0.052
0158-404,2018,3,30.0493293754,0.42,-40.1828625341,0.216,0.578
0159+723,2018,10,30.8891040295,0.193,72.5482409944,0.18,-0.022
0201+113,2018,15,30.9444043326,0.197,11.5792805677,0.34,-0.475
0202+149,2018,7,31.210057825,0.151,15.2364009969,0.19,-0.07
0202+319,2018,94,31.2705223623,0.065,32.2083598789,0.056,0.025
0202-172,2018,6,31.2403096962,0.137,-17.0221779548,0.068,0.311
0206-689,2018,4,31.9622148215,0.275,-68.631989216,0.622,-0.171
0208-512,2018,5,32.692501845,0.169,-51.0171921792,0.202,0.413
0212+735,2018,8,34.3783888751,0.1,73.8257282893,0.099,-0.004
0212-620,2018,3,33.5675177631,0.218,-61.8260165926,0.324,0.439
0215+015,2018,33,34.4539781138,0.142,1.7471385883,0.125,0.079
0216+011,2018,3,34.7792687319,0.104,1.3499628456,0.197,-0.3
0221+067,2018,8,36.118450813,0.197,6.9898171747,0.257,0.643
0227-369,2018,7,37.3685375936,0.167,-36.7324505803,0.436,-0.072
0229+131,2018,70,37.9412253023,0.115,13.3818656639,0.08,0.14
0229-479,2018,4,37.7991834501,0.168,-47.7698841532,0.339,0.334
0230-790,2018,5,37.3956109683,0.153,-78.7960003171,0.12,0.148
0234+285,2018,11,39.4683569781,0.074,28.8024972436,0.103,-0.131
0234-301,2018,16,39.129872538,0.121,-29.8987612808,0.326,-0.048
0235+164,2018,5,39.6622087178,0.079,16.6164651339,0.083,0.277
0237-027,2018,51,39.9394677993,0.103,-2.5780318258,0.126,0.161
0241+622,2018,5,41.240403592,1.489,62.4684764677,1.712,-0.075
0252-549,2018,3,43.3715850234,0.131,-54.6976211282,0.272,0.263
0256-005,2018,11,44.8688173061,0.164,-0.3333264858,0.24,-0.113
0256-393,2018,4,44.5585204784,0.163,-39.1613011602,0.112,0.442
0258+011,2018,3,45.3483623387,0.08,1.3099989799,0.184,0.54
0300+470,2018,13,45.8968425728,0.094,47.2711876307,0.111,-0.026
0302+625,2018,7,46.6777480801,0.123,62.7172289739,0.155,0.201
0302-437,2018,4,46.1216759129,0.29,-43.5544522306,0.174,0.461
0302-623,2018,7,45.9609636285,0.311,-62.1904306328,0.367,0.534
0306+102,2018,8,47.2650978816,0.076,10.4878724827,0.144,-0.163
0307+380,2018,41,47.7078329895,0.108,38.2482883176,0.119,0.051
0308-611,2018,102,47.4837464055,0.149,-60.9775156207,0.205,0.058
0312+100,2018,5,48.8380825745,0.237,10.2119678028,0.267,0.199
0312-770,2018,3,47.9802089346,0.152,-76.864124588,0.099,0.085
0322+222,2018,56,51.4033931574,0.099,22.4001015669,0.097,0.023
0325+395,2018,3,52.2096337054,0.168,39.6790461352,0.181,-0.052
0327-241,2018,3,52.4753149104,0.187,-23.9524370824,0.439,-0.661
0332+078,2018,12,53.7221528285,0.12,8.0040052893,0.135,-0.106
0332-403,2018,30,53.5568937081,0.221,-40.1403883534,0.384,-0.141
0334-546,2018,8,53.9746867189,0.164,-54.5069763213,0.347,0.1
0338-214,2018,14,55.1483660735,0.186,-21.325325587,0.188,0.294
0340+362,2018,17,55.8706350448,0.328,36.3701193885,0.192,0.478
0342+147,2018,4,56.2767354932,0.121,14.8970995261,0.128,0.167
0343+485,2018,3,56.7983889892,0.14,48.7104091819,0.201,-0.004
0345+460,2018,14,57.3280899261,0.101,46.1665716504,0.121,-0.154
0346-279,2018,25,57.1589356946,0.154,-27.8204349511,0.196,0.011
0347-211,2018,21,57.4909444435,0.257,-21.0465948839,0.174,0.159
0350+465,2018,3,58.6250485859,0.096,46.721875005,0.134,0.116
0355-669,2018,3,58.9495137423,1.601,-66.7593936634,1.138,-0.564
0358+210,2018,10,60.4381919903,0.113,21.1746075348,0.14,0.142
0400+258,2018,3,60.7732753347,0.099,26.0004174216,0.142,0.039
0402-362,2018,60,60.9739579195,0.132,-36.0838647672,0.217,0.077
0403-132,2018,28,61.391680812,0.128,-13.1371363958,0.221,-0.179
0405-385,2018,36,61.74598058,0.149,-38.4411227852,0.312,0.036
0410+110,2018,8,63.4180874394,0.288,11.2041073069,0.268,-0.172
0411+245,2018,3,63.5618143222,0.298,24.6886949576,0.6,-0.048
0413-210,2018,3,64.0181656211,0.098,-20.9409768326,0.262,-0.1
0414-189,2018,19,64.1522685556,0.16,-18.8523167262,0.133,0.329
0415+398,2018,16,64.8439563031,0.126,39.9247160364,0.147,-0.206
0420+022,2018,28,65.7175610459,0.136,2.3241474447,0.116,-0.025
0420-014,2018,30,65.8158363323,0.124,-1.342518192,0.111,0.007
0421+464,2018,3,66.163188777,0.195,46.6089668678,0.213,-0.018
0422+004,2018,12,66.1951752583,0.111,0.6017582373,0.225,0.026
0422-380,2018,11,66.1760153634,0.215,-37.9391068312,0.408,0.029
0422-389,2018,3,66.1404843163,0.179,-38.8115674719,0.119,0.245
0426+181,2018,3,67.371473567,0.118,18.2644939179,0.237,-0.051
0426+273,2018,4,67.4706699265,0.101,27.4105211036,0.182,-0.073
0430+289,2018,6,68.407624396,0.302,29.0987435469,0.781,-0.268
0434-188,2018,6,69.2561780971,0.146,-18.7468370801,0.346,-0.504
0437-454,2018,12,69.7535609571,0.162,-45.3729342144,0.37,0.151
0438-436,2018,7,70.0715831476,0.153,-43.5523900308,0.369,0.142
0440+345,2018,7,70.8818133116,0.104,34.685184519,0.188,-0.096
0442+389,2018,9,71.5478917922,0.131,39.0047499513,0.159,-0.124
0444+634,2018,3,72.3471266511,0.108,63.5359551711,0.112,-0.055
0446+112,2018,36,72.2819629356,0.136,11.3579434377,0.113,0.06
0448-392,2018,3,72.4260610786,0.165,-39.1859638776,0.1,0.074
0451-282,2018,5,73.3110282984,0.151,-28.1270352625,0.141,0.4
0453+269,2018,3,74.0723577044,0.148,27.0392104055,0.256,-0.291
0454+844,2018,24,77.1765147953,0.149,84.5345956158,0.174,0.208
0454-234,2018,114,74.2632467556,0.09,-23.4144500989,0.088,-0.119
0454-463,2018,15,73.9615522606,0.142,-46.2662999302,0.258,0.082
0454-810,2018,5,72.5226674014,0.089,-81.0172865248,0.09,0.039
0455+201,2018,3,74.6244675722,0.191,20.1933539639,0.32,-0.344
0458-020,2018,88,75.3033745286,0.085,-1.9872934485,0.065,-0.018
0459+060,2018,3,75.5643580983,0.094,6.1520815815,0.116,-0.06
0500+019,2018,6,75.8383215032,0.318,2.0512991918,0.513,-0.092
0506+056,2018,4,77.3581853069,0.082,5.6931482315,0.158,-0.173
0506+101,2018,4,77.3644044305,0.119,10.1957222602,0.141,-0.434
0507+179,2018,4,77.5098714176,0.172,18.0115504081,0.175,0.036
0513-459,2018,3,78.6831657667,0.212,-45.909880709,0.364,0.154
0515+208,2018,6,79.5159355127,0.116,20.9145826294,0.225,-0.001
0516-621,2018,6,79.1871922891,0.121,-62.1181637562,0.199,0.143
0518-458,2018,3,79.9571798285,0.288,-45.7788483009,0.344,-0.33
0521-365,2018,7,80.7416026505,0.105,-36.4585697018,0.209,0.265
0522-611,2018,7,80.6434395053,0.181,-61.1325370955,0.333,0.147
0523-236,2018,6,81.2771078883,0.127,-23.6363352717,0.22,-0.273
0524+034,2018,16,81.8862726676,0.108,3.525421263,0.206,-0.237
0524-485,2018,3,81.5694637633,0.225,-48.5102198347,0.352,-0.245
0528+134,2018,3,82.7350697014,0.177,13.5319858708,0.24,0.188
0528-250,2018,7,82.5331782655,0.227,-25.0583053624,0.269,-0.057
0529+483,2018,68,83.3161074964,0.082,48.3813355271,0.083,0.018
0530-727,2018,80,82.3751757697,0.182,-72.7579187638,0.195,-0.113
0534-340,2018,21,84.1184681588,0.141,-34.0198522996,0.408,-0.142
0534-611,2018,6,83.6490520658,0.462,-61.1019646429,0.697,-0.609
0536+145,2018,11,84.9265249831,0.145,14.5626560242,0.152,0.036
0537-286,2018,39,84.9761727053,0.178,-28.6655410474,0.255,0.299
0537-441,2018,112,84.7098399608,0.251,-44.0858163444,0.3,0.053
0541+269,2018,3,86.0410885884,0.266,26.9315482194,0.382,-0.15
0544+273,2018,40,86.8922871715,0.087,27.3657896305,0.107,-0.024
0545+258,2018,3,87.1540511035,0.315,25.8535293446,0.489,0.06
0545+276,2018,3,87.2772316573,0.188,27.6194463867,0.25,-0.044
0549+201,2018,3,88.02917233,0.122,20.1221632603,0.231,-0.202
0549-575,2018,9,87.5399176096,0.195,-57.5401101307,0.388,-0.052
0550-452,2018,3,87.9212405445,0.424,-45.2615112799,0.262,0.636
0550-453,2018,4,88.0418341663,0.359,-45.3735198464,0.28,0.374
0552+398,2018,70,88.8783567538,0.069,39.8136569374,0.067,-0.058
0556+238,2018,11,89.8834713525,0.123,23.898312932,0.236,-0.033
0557-454,2018,6,89.7981016578,0.157,-45.4945298023,0.234,0.279
0600+177,2018,6,90.7880427724,0.109,17.704669558,0.194,-0.179
0601-706,2018,4,90.296865719,0.203,-70.6024421861,0.244,-0.072
0602+673,2018,41,91.9694650238,0.129,67.3487250758,0.175,-0.158
0604+728,2018,3,92.703638812,0.098,72.8147732666,0.092,-0.051
0605-085,2018,7,91.998746896,0.249,-8.5805494463,0.088,0.11
0606-223,2018,24,92.2486951691,0.103,-22.3391546372,0.152,0.103
0607-157,2018,8,92.420623,0.182,-15.7112979341,0.081,0.057
0613+570,2018,41,94.3205107469,0.097,57.0212286757,0.106,-0.073
0624-546,2018,3,96.4676278678,0.129,-54.647418367,0.259,0.209
0627-199,2018,20,97.3490077624,0.145,-19.9888121101,0.156,0.083
0632-235,2018,9,98.7458375004,0.299,-23.5866548234,0.175,0.224
0634+233,2018,3,99.3598988242,0.146,23.3328384598,0.282,-0.074
0636+680,2018,5,100.5177390756,0.231,67.9765613616,0.244,0.006
0637-752,2018,3,98.9437835721,0.314,-75.2713376574,0.147,-0.103
0641+392,2018,26,101.2237899833,0.373,39.2465372169,0.388,0.395
0642+449,2018,38,101.6334415712,0.078,44.8546083687,0.078,-0.015
0646-306,2018,35,102.0587351495,0.141,-30.738794443,0.296,0.045
0647+251,2018,3,102.6937091998,0.142,25.0498959198,0.259,-0.173
0647+286,2018,3,102.6273029262,0.207,28.559527707,0.391,-0.425
0647-410,2018,3,102.3087949685,0.602,-41.1480626837,2.635,-0.692
0648-165,2018,60,102.6024244199,0.117,-16.6277015437,0.112,0.041
0650+232,2018,3,103.4432198287,0.284,23.2292703458,0.478,-0.349
0651+410,2018,3,103.7917696998,0.1,41.0028224073,0.153,-0.345
0651+428,2018,3,103.6813581238,0.134,42.799648841,0.193,0.083
0656+082,2018,54,104.8249834195,0.137,8.2252649822,0.318,-0.268
0657+172,2018,20,105.0063564311,0.2,17.1560281737,0.236,-0.227
0700-007,2018,3,105.8295275971,0.093,-0.8508770969,0.21,0.091
0700-197,2018,27,105.6787527669,0.138,-19.8561209934,0.141,-0.105
0707+476,2018,5,107.6921037302,0.093,47.5364284851,0.129,-0.073
0709-387,2018,3,107.6818183027,0.191,-38.8436213,0.127,0.314
0716+714,2018,50,110.4727019841,0.055,71.3434342885,0.06,-0.001
0722+145,2018,8,111.3200323398,0.13,14.4204852334,0.182,-0.161
0723+219,2018,14,111.5594197607,0.086,21.8889205611,0.122,-0.128
0723-008,2018,4,111.4609994751,0.137,-0.9157065966,0.066,0.072
0727-115,2018,118,112.5796353142,0.077,-11.6868335236,0.068,0.029
0727-365,2018,4,112.2725487764,0.367,-36.6625647678,0.452,-0.026
0728-235,2018,3,112.7777831518,0.131,-23.6966305201,0.368,-0.094
0729+259,2018,4,113.2344802987,0.109,25.8107765925,0.235,0.305
0736+017,2018,35,114.8251412681,0.104,1.6179493676,0.108,0.182
0736-397,2018,4,114.4826682283,0.529,-39.9094610103,2.422,-0.722
0738+313,2018,6,115.294597141,0.118,31.2000643238,0.125,0.033
0738+491,2018,24,115.5114539729,0.078,49.0043358371,0.09,0.03
0741-444,2018,4,115.8864932927,1.159,-44.5680917881,6.28,-0.82
0743+259,2018,13,116.6078091017,0.103,25.8172596599,0.144,-0.006
0743+277,2018,17,116.6684680128,0.117,27.5830685975,0.088,0.083
0743-006,2018,17,116.4753430948,0.118,-0.7382054902,0.19,-0.035
0747+185,2018,7,117.5013747176,0.176,18.3865020138,0.221,-0.043
0748+126,2018,74,117.7168572944,0.09,12.5180078716,0.069,0.005
0749+540,2018,30,118.2557691055,0.112,53.8832325471,0.124,0.234
0754+100,2018,4,119.2776789514,0.095,9.9430144849,0.154,-0.256
0759+183,2018,6,120.7001332567,0.153,18.1636804973,0.219,0.211
0800+618,2018,55,121.3257482189,0.1,61.7399168001,0.111,-0.035
0804+499,2018,27,122.1652762407,0.15,49.8434806651,0.173,-0.349
0805+410,2018,24,122.2360502233,0.122,40.8791358411,0.132,0.046
0805-077,2018,4,122.0647335662,0.253,-7.8527461361,0.98,0.44
0808+019,2018,32,122.8612804878,0.113,1.7811722678,0.137,0.059
0812+367,2018,10,123.8581036525,0.105,36.587541304,0.117,0.116
0814+425,2018,21,124.5666650805,0.085,42.3792818978,0.077,0.097
0821+394,2018,25,126.2311827456,0.112,39.2783066941,0.099,0.039
0823+033,2018,64,126.4597431393,0.114,3.1568110906,0.184,0.148
0823-223,2018,8,126.5065539519,0.334,-22.507556382,0.421,-0.122
0826-373,2018,3,127.0199175915,0.173,-37.5184114096,0.171,0.3
0827+243,2018,26,127.7170258525,0.111,24.1832833888,0.107,-0.064
0831+442,2018,3,128.742500211,0.124,44.0605946288,0.188,0.164
0834+250,2018,4,129.4176903289,0.326,24.9064226167,0.188,-0.073
0834-201,2018,82,129.1633968846,0.146,-20.2831956319,0.182,0.214
0838+235,2018,3,130.4752356966,0.268,23.3318732119,0.396,0.174
0842-375,2018,4,131.2180049685,0.214,-37.7026045981,0.162,0.149
0843-547,2018,6,131.26034463,0.619,-54.9690388449,0.804,-0.111
0847-120,2018,24,132.5401485059,0.252,-12.2264934014,0.185,0.289
0851-577,2018,3,133.1613574139,0.196,-57.9249470783,0.27,0.142
0854-108,2018,15,134.1741839944,0.123,-11.0873417635,0.207,-0.253
0858-279,2018,3,135.1668282611,0.129,-28.1389849075,0.365,-0.203
0859-140,2018,3,135.5701287773,0.154,-14.2585765984,0.112,0.269
0902-350,2018,4,136.1765781953,0.19,-35.2400970108,0.427,-0.203
0906+015,2018,4,137.2920482906,0.14,1.3598937456,0.067,0.114
0907+230,2018,3,137.6755546226,0.146,22.8098837612,0.213,0.113
0912+029,2018,41,138.6579726656,0.113,2.7664572854,0.186,-0.077
0917-354,2018,3,139.7787069475,0.275,-35.6408434739,0.198,-0.332
0918-363,2018,4,140.1091713394,0.176,-36.5298655129,0.146,0.014
0919-260,2018,4,140.3723078759,0.211,-26.3120517161,0.121,0.253
0920+390,2018,21,140.8102206041,0.134,38.8277527982,0.15,-0.058
0920-397,2018,75,140.6934094958,0.209,-39.9930745013,0.552,0.171
0923-355,2018,3,141.4419124866,0.333,-35.784093381,0.439,-0.379
0925-203,2018,58,141.9659346974,0.13,-20.5808979051,0.165,-0.049
0943+105,2018,3,146.6461247962,0.331,10.2850380317,0.405,-0.479
0951+268,2018,4,148.6658188841,0.072,26.65681757,0.105,0.334
0951+699,2018,4,148.9648143022,22.428,69.6793928618,24.754,-0.076
0954+658,2018,12,149.6968547277,0.104,65.5652272129,0.113,-0.005
0955+326,2018,4,149.5872901826,0.097,32.4006137731,0.146,-0.166
0955+476,2018,77,149.5819652264,0.074,47.4188450949,0.077,-0.037
0956-409,2018,3,149.6595663458,0.214,-41.1758820503,0.192,0.238
0958+346,2018,9,150.2997884985,0.14,34.4140164416,0.172,0.191
0959-443,2018,3,150.4996168781,0.37,-44.6335006933,0.276,-0.22
1012+232,2018,6,153.696106084,0.155,23.0212696948,0.281,0.51
1012-448,2018,4,153.7098123977,0.139,-45.1447649977,0.308,0.129
1013+054,2018,12,154.0130686101,0.137,5.2173170376,0.233,-0.112
1013+127,2018,4,153.9334308091,0.106,12.451963963,0.095,0.029
1015+359,2018,12,154.5457837752,0.121,35.7109557996,0.163,-0.174
1020+292,2018,3,155.8501922514,0.161,28.9474967653,0.284,-0.166
1022+194,2018,7,156.1867066085,0.141,19.2056709069,0.234,0.428
1022-665,2018,4,155.9313879446,0.328,-66.7801994642,0.363,0.716
1027-186,2018,6,157.3879071874,0.251,-18.8806358482,0.268,0.208
1028+313,2018,4,157.7462234297,0.275,31.0488121335,0.436,-0.099
1030+074,2018,6,158.3917678767,0.083,7.1905965025,0.164,-0.015
1030+415,2018,55,158.2654493346,0.082,41.2683980405,0.071,-0.047
1032-199,2018,3,158.7589805655,0.177,-20.1928775954,0.098,0.452
1034-293,2018,116,159.3169988941,0.188,-29.5674481961,0.249,-0.168
1034-374,2018,15,159.2226650296,0.182,-37.7375182718,0.537,-0.018
1036+054,2018,4,159.6949161523,0.08,5.208079444,0.134,-0.189
1038+52A,2018,11,160.4449236845,0.106,52.5578424391,0.132,0.07
1039+811,2018,24,161.0960942896,0.076,80.9109564054,0.071,-0.008
1039-474,2018,4,160.4360412765,0.109,-47.6666850536,0.19,0.075
1040+244,2018,28,160.7876490947,0.119,24.1431693034,0.101,0.117
1042+071,2018,4,161.232963514,0.129,6.9272950642,0.192,-0.184
1044+719,2018,9,162.1150830221,0.091,71.7266495688,0.122,-0.203
1045-188,2018,9,162.0275858312,0.171,-19.1599241772,0.113,0.184
1045-620,2018,4,161.9289680079,0.279,-62.2873983188,0.267,-0.359
1048-526,2018,6,162.6584516317,0.202,-52.8300911904,0.412,0.261
1049+215,2018,3,162.9532879153,0.165,21.3311983443,0.314,-0.018
1053+704,2018,56,164.2234062623,0.074,70.1960876437,0.079,0.013
1053+815,2018,17,164.5480640469,0.065,81.2424097477,0.063,0.079
1055+018,2018,9,164.6233550562,0.087,1.5663398812,0.076,-0.052
1057-797,2018,127,164.680457399,0.124,-80.0650444256,0.123,0.08
1059+282,2018,14,165.5595352838,0.099,27.9524137159,0.09,-0.05
1059-631,2018,3,165.4765770454,0.454,-63.4229445172,0.408,-0.095
1100+122,2018,11,165.7647076605,0.122,11.9712845847,0.103,0.078
1101+384,2018,8,166.1138080647,0.124,38.2088331309,0.192,-0.263
1101-536,2018,5,165.9675904205,0.135,-53.9501935759,0.271,0.115
1104+728,2018,6,166.9238440144,0.247,72.5433347742,0.216,-0.153
1104-445,2018,84,166.7862255724,0.386,-44.8187829131,0.341,-0.446
1111+149,2018,15,168.4945628612,0.155,14.7074868507,0.282,-0.322
1116-462,2018,4,169.6123234437,0.128,-46.5708338529,0.245,0.128
1123+264,2018,30,171.4737996355,0.109,26.1722162813,0.093,-0.018
1124-186,2018,99,171.7683018825,0.125,-18.9548449573,0.13,-0.116
1125+366,2018,7,171.9952952219,0.24,36.3412087054,0.242,0.015
1127-145,2018,3,172.5293858204,0.106,-14.824274552,0.06,0.355
1128+385,2018,35,172.7220109083,0.083,38.2551518948,0.078,0.011
1129-580,2018,6,172.9303667802,0.119,-58.3148453974,0.214,0.162
1130+009,2018,4,173.3335658277,0.169,0.681343709,0.393,-0.33
1133-032,2018,46,174.1024039097,0.133,-3.5081935203,0.152,-0.033
1136-156,2018,3,174.8732336981,0.093,-15.8810150443,0.243,-0.294
1143-332,2018,6,176.6185490464,0.382,-33.4785089177,0.497,0.289
1143-696,2018,4,176.4734339054,0.19,-69.9004993849,0.193,0.404
1144+402,2018,67,176.7429079914,0.072,39.9761956382,0.068,-0.014
1144-379,2018,94,176.7557113153,0.128,-38.2030621273,0.18,-0.08
1145+268,2018,11,176.9990162785,0.169,26.5950923442,0.202,-0.113
1145-071,2018,11,176.9648084684,0.095,-7.4114281542,0.132,-0.018
1147+245,2018,5,177.5800507982,0.099,24.2982875254,0.123,-0.176
1148-671,2018,3,177.8059438787,0.146,-67.4697483515,0.197,0.189
1149-084,2018,65,178.0717063144,0.106,-8.6842538775,0.091,-0.013
1156+295,2018,45,179.8826413011,0.075,29.245507422,0.066,-0.039
1156-663,2018,3,179.8262723074,0.486,-66.59428549,0.746,-0.021
1201+454,2018,3,180.8974812787,0.525,45.1804346403,0.629,-0.24
1206-202,2018,4,182.310879097,0.112,-20.5441638361,0.198,0.298
1211+029,2018,3,183.5959450323,0.226,2.714676732,0.501,-0.087
1212+078,2018,3,183.7957371409,0.327,7.5346311318,0.613,-0.03
1212+171,2018,9,183.7665798068,0.153,16.9105435608,0.094,0.213
1212+467,2018,3,183.7914267489,0.132,46.4541964886,0.192,-0.401
1212-092,2018,3,183.6583107777,0.366,-9.5597505589,0.249,0.294
1213-172,2018,35,183.9447990705,0.139,-17.5292786694,0.144,0.02
1215+303,2018,12,184.4670082134,0.124,30.1168432916,0.137,0.119
1215-457,2018,4,184.52604345,1.106,-46.0080531243,1.713,-0.285
1218-082,2018,6,185.1889745448,0.249,-8.5190294298,0.322,0.261
1219+044,2018,28,185.5939567757,0.125,4.2210489449,0.281,0.044
1221+809,2018,8,185.9187238951,0.101,80.6678723369,0.097,0.023
1226+373,2018,23,187.1975986901,0.124,37.1033598909,0.147,-0.04
1229-099,2018,3,188.0660827259,0.164,-10.2569916574,0.105,0.15
1236+077,2018,11,189.8524513839,0.134,7.5047747431,0.162,-0.047
1236-684,2018,4,189.944380609,0.506,-68.7585812233,1.051,-0.591
1240+367,2018,3,190.8030677961,0.282,36.4622213576,0.426,-0.095
1240+381,2018,3,190.7140376272,0.241,37.850006989,0.342,0.467
1243-072,2018,51,191.5176338185,0.132,-7.5129374144,0.116,0.144
1243-160,2018,28,191.4739261152,0.127,-16.2793626027,0.127,-0.112
1244-255,2018,24,191.695008527,0.106,-25.797024767,0.275,0.007
1251-197,2018,6,193.6552317359,0.652,-20.0156685136,0.303,0.561
1251-713,2018,7,193.7496728876,0.176,-71.63845464,0.212,-0.091
1252+119,2018,11,193.6593983822,0.099,11.6849711884,0.136,-0.051
1255-177,2018,6,194.6595904129,0.215,-18.0008679356,0.113,0.268
1255-316,2018,107,194.4960868085,0.219,-31.9213476526,0.28,0.381
1256-220,2018,10,194.7269948874,0.23,-22.3253125023,0.213,0.105
1300+580,2018,49,195.7186054118,0.086,57.8104470643,0.101,0.102
1302-034,2018,3,196.1818425391,0.094,-3.7673753715,0.159,-0.082
1305-104,2018,4,197.051632406,0.189,-10.7213059163,0.158,0.052
1306+360,2018,7,197.0987880615,0.21,35.776989979,0.126,0.276
1308+326,2018,6,197.6194327158,0.19,32.3454953259,0.269,0.186
1308+328,2018,12,197.747511382,0.137,32.5595692533,0.136,0.136
1313-333,2018,22,199.0332748581,0.138,-33.6497702387,0.377,-0.302
1322-110,2018,3,201.3050815739,0.14,-11.2941894484,0.114,0.079
1323-527,2018,4,201.7051212658,0.099,-52.9398981026,0.223,0.479
1324+224,2018,50,201.7535888182,0.114,22.1806007604,0.123,0.019
1325-558,2018,3,202.2547705273,0.161,-56.1340738031,0.211,0.372
1327+504,2018,22,202.2741780246,0.166,50.1573335116,0.18,0.189
1330+022,2018,8,203.2219604856,0.282,2.0126941921,0.161,0.226
1330+476,2018,7,203.1885267429,0.166,47.372963257,0.18,-0.028
1331-109,2018,3,203.4593091824,0.165,-11.2143541473,0.103,0.198
1333-152,2018,3,204.1420382135,0.336,-15.4966863226,0.426,-0.01
1333-170,2018,3,204.1485195699,0.173,-17.2908614095,0.095,0.105
1333-337,2018,5,204.1626357817,1.146,-33.9658537858,1.212,-0.906
1334-127,2018,66,204.4157615822,0.104,-12.9568593208,0.099,-0.059
1335+552,2018,3,204.4568428175,0.092,55.0172548572,0.109,-0.083
1342+662,2018,17,205.9414981601,0.112,66.0404847505,0.113,-0.001
1342+663,2018,7,206.0361652865,0.126,66.1032344203,0.159,0.133
1345+735,2018,3,206.5353128654,0.146,73.3481379154,0.135,-0.064
1346-109,2018,3,207.2633043834,0.135,-11.1668941632,0.313,-0.077
1348+308,2018,8,207.7197342416,0.176,30.5815529642,0.125,0.183
1349-145,2018,3,207.9693735157,0.109,-14.820710671,0.15,0.06
1349-439,2018,8,208.2355623323,0.402,-44.2112187728,0.748,-0.105
1351-018,2018,41,208.528730537,0.116,-2.1008861884,0.25,0.12
1352-104,2018,8,208.6938278141,0.266,-10.6840711958,0.21,0.104
1353-171,2018,3,209.0289709443,0.152,-17.4088382384,0.096,0.021
1354-107,2018,3,209.195132594,0.163,-11.0247852947,0.118,0.357
1354-152,2018,20,209.2968541068,0.133,-15.4579963805,0.145,0.185
1357+769,2018,7,209.4807147132,0.19,76.7225141357,0.216,0.099
1406-076,2018,40,212.2353383335,0.148,-7.8740740477,0.141,-0.034
1406-267,2018,6,212.4590404365,1.166,-26.9602727348,0.552,-0.463
1412-368,2018,3,213.8584014556,0.238,-37.0908250417,0.756,-0.352
1413+135,2018,20,213.9950729382,0.098,13.339920243,0.099,0.051
1413-213,2018,3,214.176310662,0.234,-21.5319535881,0.142,0.304
1417+385,2018,33,214.944224002,0.106,38.3634652859,0.124,0.082
1418+546,2018,69,214.9441559394,0.081,54.3874408087,0.085,-0.096
1420-679,2018,9,216.2314890851,0.193,-68.1328040445,0.232,0.041
1423+146,2018,6,216.4542417163,0.135,14.4158060447,0.284,-0.058
1424+240,2018,4,216.7516324702,0.341,23.8000104633,0.307,0.07
1424-418,2018,138,216.98457319,0.114,-42.1053993397,0.162,-0.109
1430-178,2018,3,218.2403776067,0.139,-18.0264580326,0.308,-0.72
1432+200,2018,6,218.6658057077,0.112,19.8668710399,0.187,-0.143
1435-218,2018,3,219.5394557684,0.181,-22.0818745945,0.126,0.287
1441+252,2018,31,220.9870508545,0.131,25.0290252482,0.151,-0.037
1443-162,2018,8,221.4724011912,0.164,-16.4837831181,0.379,0.06
1446-214,2018,3,222.4165589298,0.224,-21.6568708339,0.185,0.293
1448-232,2018,4,222.7604560497,0.26,-23.491976337,0.332,0.029
1451-375,2018,7,223.6142073887,0.187,-37.7925401507,0.695,0.162
1451-400,2018,9,223.6371350754,0.367,-40.2090313904,1.11,-0.263
1452-168,2018,3,223.7617110525,0.245,-17.0038760459,0.213,0.216
1456+044,2018,10,224.7473175626,0.164,4.270505646,0.288,-0.192
1459+480,2018,7,225.2027259379,0.151,47.8543161518,0.191,-0.044
1502+036,2018,55,226.2769881625,0.145,3.4418923492,0.122,0.143
1502+106,2018,13,226.1040823876,0.082,10.4942218398,0.094,0.061
1502-242,2018,3,226.3865965341,0.291,-24.4058699697,0.203,0.372
1504+377,2018,40,226.5397082563,0.103,37.514203464,0.105,0.087
1504-166,2018,4,226.7699456733,0.137,-16.8750741408,0.121,0.245
1505-496,2018,6,227.1622696363,0.181,-49.8839753613,0.348,0.119
1508+572,2018,9,227.5121765964,0.118,57.0453822221,0.146,-0.054
1510-089,2018,12,228.2105539146,0.122,-9.0999526882,0.119,0.062
1511-100,2018,12,228.4370559628,0.124,-10.2000735708,0.125,-0.033
1511-476,2018,4,228.666769184,0.131,-47.808293671,0.291,0.357
1514+004,2018,3,229.167579396,0.092,0.2505304399,0.172,-0.366
1514+197,2018,21,229.2366506767,0.132,19.5369421695,0.127,0.11
1514-241,2018,4,229.4242213601,0.108,-24.372076733,0.296,0.308
1519-273,2018,99,230.6569833273,0.154,-27.5029959732,0.188,0.034
1519-294,2018,4,230.6061930956,0.45,-29.6070085831,0.278,0.662
1520+319,2018,18,230.5416322222,0.165,31.7373283289,0.186,0.085
1520+437,2018,23,230.4567244946,0.123,43.6109078546,0.153,-0.085
1528+240,2018,3,232.6513404715,0.254,23.8768654961,0.437,0.151
1529-131,2018,3,233.1890614562,0.181,-13.3194683096,0.187,0.212
1533-220,2018,3,234.1220668651,0.218,-22.2035485487,0.55,-0.204
1535+004,2018,3,234.5664713211,0.115,0.3181454708,0.222,0.519
1538+149,2018,29,235.2062146531,0.134,14.7960790169,0.124,0.03
1545-226,2018,4,237.2072890241,0.255,-22.8506990836,0.166,-0.189
1546+027,2018,55,237.3726535292,0.09,2.616989756,0.072,0.015
1546-165,2018,3,237.3333352941,0.355,-16.6615536749,0.89,0.247
1548+056,2018,5,237.6469552035,0.117,5.4529020991,0.187,-0.102
1554-643,2018,3,239.7095180917,0.346,-64.5415659956,0.595,0.08
1555+001,2018,23,239.4643082141,0.094,-0.0306704857,0.124,-0.093
1557+032,2018,6,239.879052612,0.351,3.0800711927,0.303,0.305
1602-115,2018,20,241.3230485877,0.205,-11.6574531238,0.159,0.245
1604-333,2018,22,241.8948431402,0.215,-33.519142722,0.58,-0.237
1606+106,2018,29,242.192513254,0.115,10.4854933141,0.1,-0.131
1607+604,2018,3,242.0855933523,0.185,60.3078331192,0.225,-0.151
1608+243,2018,11,242.675111441,0.519,24.2469476817,0.244,0.246
1610-771,2018,6,244.4553185428,0.315,-77.2884632582,0.45,0.196
1611+343,2018,4,243.4211009593,0.07,34.2133080187,0.112,0.096
1611-710,2018,6,244.1276727774,0.301,-71.1420705176,0.642,-0.515
1614+051,2018,8,244.1564867702,0.12,4.9924268175,0.23,-0.179
1615+029,2018,5,244.4579507359,1.071,2.7786400088,1.369,0.449
1616+063,2018,5,244.7653653316,0.287,6.2172897279,0.614,-0.416
1617+229,2018,30,244.8117691843,0.117,22.7966252092,0.116,-0.068
1619-680,2018,6,246.0768209506,0.215,-68.1534713627,0.261,0.353
1622-253,2018,35,246.4453818581,0.165,-25.4606463352,0.207,-0.021
1623+578,2018,20,246.1033648265,0.223,57.6878557955,0.231,0.032
1624-617,2018,7,247.2278742988,0.175,-61.8767772133,0.235,0.077
1633-810,2018,3,250.738939031,0.409,-81.1430750863,0.361,0.268
1636+473,2018,17,249.4380439644,0.091,47.2927308958,0.113,-0.296
1637+574,2018,12,249.5560679373,0.104,57.3399941126,0.12,-0.163
1639+230,2018,61,250.3551148683,0.111,22.9511201823,0.153,-0.005
1639-062,2018,61,250.5090738036,0.12,-6.3565819538,0.095,0.128
1639-200,2018,3,250.5220454001,0.181,-20.1235693053,0.127,0.353
1640-166,2018,3,250.9443804948,0.179,-16.7631907011,0.097,0.318
1642+690,2018,8,250.5327021964,0.094,68.9443767493,0.099,0.036
1646-506,2018,4,252.5692794497,0.279,-50.7467251714,0.295,0.022
1651+391,2018,4,253.2437898299,0.534,39.0471727734,0.443,-0.21
1655+077,2018,5,254.5375477618,0.138,7.6909834792,0.186,-0.063
1656-075,2018,17,254.6835914673,0.146,-7.6549151513,0.189,0.416
1657-261,2018,111,255.2214752723,0.193,-26.1810348407,0.182,-0.087
1657-562,2018,7,255.4369089811,0.159,-56.365528487,0.292,-0.101
1659-621,2018,5,255.9022549458,0.143,-62.2111134567,0.191,0.253
1705+018,2018,30,256.8933969775,0.108,1.8126942534,0.146,-0.026
1705+135,2018,3,256.9401554422,0.212,13.5181203123,0.183,0.211
1706-174,2018,6,257.3931057419,0.198,-17.4814903113,0.522,0.138
1709-342,2018,3,258.291423233,0.681,-34.3081748588,2.511,0.392
1710-269,2018,3,258.3803150518,0.273,-26.981257415,0.504,0.221
1713-191,2018,3,259.0411597976,0.85,-19.1594021377,2.069,-0.732
1717+178,2018,10,259.8043686862,0.116,17.7517881053,0.146,0.254
1722+330,2018,6,261.0591575888,0.377,33.0510941664,0.285,0.395
1725+123,2018,19,262.0293800898,0.11,12.2609681627,0.135,-0.096
1726+455,2018,20,261.8652116719,0.073,45.5110364761,0.073,0.11
1729-373,2018,3,263.3133042901,0.496,-37.3756664943,1.384,0.035
1732+389,2018,12,263.5857439156,0.11,38.9642897164,0.117,-0.052
1734+063,2018,4,264.3072042561,0.126,6.3509922726,0.105,-0.201
1738+476,2018,3,264.9880378326,0.092,47.6328782414,0.114,0.199
1738+499,2018,6,264.8641270115,0.215,49.9176023586,0.278,-0.235
1739+522,2018,7,265.1540743349,0.15,52.1953910103,0.135,-0.137
1741-038,2018,127,265.9952339109,0.084,-3.8346157402,0.071,0.021
1745+624,2018,9,266.5584753682,0.125,62.4485383315,0.133,-0.15
1749+096,2018,84,267.8867440682,0.083,9.6502023252,0.076,0.014
1751+288,2018,72,268.4269734943,0.075,28.8013718955,0.069,0.098
1754+155,2018,11,269.2212589334,0.125,15.5891184671,0.121,0.028
1758+388,2018,12,270.1031890081,0.126,38.8085271062,0.134,-0.084
1758-651,2018,10,270.8479027481,0.232,-65.1268781687,0.242,0.107
1759-396,2018,126,270.6778335432,0.243,-39.668863398,0.294,0.114
1800+440,2018,7,270.3846450526,0.102,44.0727500543,0.097,0.128
1802-381,2018,3,271.4235342894,0.652,-38.095701895,1.923,-0.634
1803+784,2018,42,270.190349647,0.058,78.4677829116,0.058,0.032
1804-502,2018,5,272.0576484243,0.17,-50.198225664,0.389,0.108
1806+456,2018,50,272.0911911845,0.08,45.7057962083,0.093,0.068
1815-553,2018,3,274.939164745,0.151,-55.3557626126,0.264,0.352
1823+568,2018,6,276.0294514955,0.078,56.8504141502,0.098,-0.073
1823+689,2018,3,275.8868909382,0.268,68.9646144646,0.368,-0.115
1824-582,2018,9,277.3016765633,0.208,-58.2319894115,0.315,0.112
1828-187,2018,3,277.8464237063,2.224,-18.7263456126,2.335,0.609
1831-711,2018,7,279.3696457621,0.145,-71.1454317995,0.216,0.289
1839+389,2018,3,280.2381426157,0.123,39.0127011706,0.173,0.165
1842+681,2018,11,280.6401735368,0.123,68.1570077767,0.132,-0.236
1842-220,2018,3,281.4162617956,0.358,-22.0101609363,0.651,0.271
1846+322,2018,60,282.092035732,0.112,32.3173899115,0.132,-0.087
1849+670,2018,49,282.3169678482,0.059,67.0949112065,0.063,-0.048
1853-226,2018,3,284.1519312837,0.365,-22.6046447546,0.645,0.314
1856-252,2018,4,284.7709921059,0.201,-25.1630858924,0.184,0.246
1858-255,2018,4,285.3838598217,0.24,-25.4706190065,0.35,0.367
1902-257,2018,3,286.2999350629,0.258,-25.6343140029,0.193,0.323
1905-297,2018,4,287.1226385449,0.228,-29.7047064101,0.491,-0.12
1906-217,2018,3,287.4381439706,0.148,-21.6598332026,0.153,0.209
1908-201,2018,58,287.7902204056,0.167,-20.1153080695,0.226,0.104
1909+161,2018,8,287.9927392102,0.394,16.1963513905,0.161,-0.289
1910-298,2018,4,288.5151418375,0.16,-29.7957699261,0.305,0.064
1911-259,2018,3,288.7402791553,0.253,-25.8671040914,0.199,0.28
1917-248,2018,4,290.0601291028,0.201,-24.7516108761,0.192,0.176
1920-211,2018,24,290.8841242609,0.177,-21.0759258566,0.205,0.048
1921-293,2018,103,291.2127331374,0.14,-29.2417002463,0.263,0.301
1923+210,2018,35,291.4983557715,0.398,21.1072672912,0.2,0.425
1925-610,2018,9,292.5256671258,0.16,-60.9358844484,0.253,0.076
1929+226,2018,30,292.8538198073,0.101,22.7253496107,0.163,-0.111
1929-457,2018,5,293.1870322398,0.164,-45.6105358922,0.347,0.22
1933-400,2018,8,294.317572459,0.289,-39.9670980733,0.306,0.414
1935-692,2018,3,295.1063673741,0.393,-69.1324922246,0.414,0.411
1936+714,2018,4,294.0148363445,0.181,71.5254958405,0.175,0.146
1936-155,2018,69,294.8610739831,0.111,-15.4286273633,0.098,-0.056
1936-623,2018,3,295.3407025569,0.187,-62.1891824646,0.286,0.251
1938-202,2018,3,295.2387722594,0.303,-20.1141428444,0.588,-0.059
1950-613,2018,4,298.7948777705,0.533,-61.2553160957,0.601,0.308
1953-325,2018,4,299.2477303443,0.112,-32.4294463716,0.301,-0.338
1954+513,2018,17,298.9280761552,0.105,51.5301516971,0.123,-0.252
1954-388,2018,60,299.4992469633,0.185,-38.7517655186,0.311,0.067
1958-179,2018,24,300.2378768018,0.119,-17.8160201885,0.142,0.075
1959-639,2018,3,301.1228253484,0.229,-63.7898085669,0.251,0.119
2000+148,2018,8,300.6749968049,0.093,15.0207149987,0.121,-0.033
2000+472,2018,57,300.543409419,0.082,47.4246593574,0.094,0.11
2002-375,2018,16,301.4794620314,0.169,-37.3948549446,0.495,-0.104
2005+642,2018,4,301.5737272474,0.081,64.4126160807,0.102,-0.218
2008-159,2018,82,302.815462191,0.111,-15.7778482781,0.117,0.005
2009-193,2018,3,303.1447080825,0.14,-19.2481265605,0.352,-0.327
2010-265,2018,3,303.4605061839,0.297,-26.401980346,0.818,-0.664
2013+163,2018,33,304.0577501119,0.114,16.5428091787,0.092,0.108
2022+542,2018,3,305.9826833572,0.065,54.4599525673,0.082,-0.155
2029+024,2018,7,307.9468796666,0.272,2.660356524,0.198,0.071
2029+121,2018,14,307.9791427924,0.08,12.3281499864,0.158,-0.027
2030-689,2018,3,308.9536521774,0.185,-68.776066939,0.195,0.465
2032+107,2018,4,308.8430554156,0.098,10.9352188589,0.179,-0.449
2039+452,2018,3,310.2013878525,0.965,45.4547625444,1.026,0.168
2052-474,2018,116,314.0681659096,0.289,-47.246563287,0.301,-0.079
2059+034,2018,76,315.4118089509,0.111,3.6920335821,0.117,0.075
2105+551,2018,3,316.6564120668,0.219,55.3449210829,0.234,-0.12
2106+143,2018,4,317.1709672232,0.121,14.5075035565,0.236,-0.164
2106-413,2018,6,317.3882857827,0.286,-41.1723905182,0.685,-0.201
2113+293,2018,83,318.8725560174,0.122,29.5606575108,0.172,0.058
2117-614,2018,3,320.2669752981,1.258,-61.1901735053,1.32,0.699
2120+099,2018,3,320.8056602699,0.113,10.1319292662,0.258,0.361
2121+053,2018,5,320.935489037,0.385,5.5894702392,0.408,0.343
2126-158,2018,69,322.3007328991,0.119,-15.6447339199,0.201,0.158
2127-096,2018,6,322.5795344722,0.46,-9.4603987236,0.29,0.189
2128-123,2018,4,322.896923879,0.222,-12.1179990418,0.146,0.269
2131-021,2018,9,323.5429566071,0.08,-1.8881219111,0.087,0.007
2136+141,2018,10,324.7554553606,0.115,14.3933311949,0.087,0.14
2137-196,2018,3,325.1952506821,0.229,-19.3989018481,0.193,0.285
2141+175,2018,41,325.8981023518,0.091,17.7302187953,0.081,0.072
2142+110,2018,3,326.3282294826,0.111,11.2575868422,0.125,0.188
2142-758,2018,5,326.8030442176,0.181,-75.6036736109,0.183,0.106
2144+092,2018,16,326.7923457273,0.15,9.4962978393,0.119,0.254
2145+082,2018,7,326.9800806645,0.287,8.5033046136,0.253,0.082
2146-783,2018,3,328.0131441233,0.175,-78.1185109175,0.222,0.536
2147-186,2018,4,327.507232054,0.216,-18.3739335336,0.154,0.318
2149+056,2018,14,327.9078145296,0.177,5.8702651112,0.269,-0.132
2150+173,2018,8,328.1034141476,0.187,17.5771652906,0.198,0.046
2152-699,2018,3,329.2749194819,0.688,-69.6899123398,0.872,0.918
2153-204,2018,4,329.1406493109,0.266,-20.2085818039,0.18,0.342
2154-135,2018,3,329.2624012962,0.195,-13.3174902585,0.375,0.202
2155+312,2018,6,329.3700995217,0.27,31.4503755304,0.35,-0.151
2155-152,2018,4,329.5261746882,0.192,-15.0192577402,0.079,0.312
2155-304,2018,8,329.7169380634,0.302,-30.2255883705,0.337,0.242
2157-200,2018,4,330.0323414778,0.205,-19.7631536003,0.195,0.275
2158-167,2018,3,330.2286620113,0.161,-16.5424174952,0.153,0.255
2201+315,2018,3,330.8123991026,0.184,31.760630562,0.209,-0.033
2204-540,2018,6,331.9322221209,0.177,-53.7760610269,0.331,0.409
2209+236,2018,35,333.0248596751,0.123,23.9279288376,0.133,-0.11
2211-132,2018,3,333.6107635519,0.2,-12.9617999483,0.162,0.222
2214+350,2018,42,334.0833746119,0.168,35.3039388741,0.199,0.172
2215+020,2018,3,334.4509914095,0.147,2.3363088717,0.111,-0.059
2215+150,2018,33,334.5454746049,0.088,15.3432548355,0.079,0.129
2216-126,2018,3,334.7811998027,0.24,-12.361071327,0.163,0.279
2220-119,2018,4,335.733354452,0.173,-11.7406600309,0.149,0.337
2220-163,2018,5,335.9215528989,0.236,-16.1181035796,0.227,0.122
2220-351,2018,19,335.7747106259,0.16,-34.9297716776,0.485,0.094
2227-088,2018,86,337.4170180488,0.09,-8.5484542863,0.076,0.001
2227-445,2018,3,337.7351787704,0.2,-44.2749700078,0.39,0.374
2229+695,2018,79,337.6519568764,0.079,69.7744658113,0.076,0.019
2232-488,2018,3,338.8051524263,0.143,-48.5996651266,0.31,0.01
2234+282,2018,6,339.0936284582,0.105,28.4826147232,0.109,0.197
2236-572,2018,10,339.8003162811,0.162,-57.0168998642,0.256,0.038
2239+096,2018,6,340.4571555211,0.156,9.8979014774,0.131,0.162
2243-123,2018,8,341.5759665702,0.161,-12.1142437022,0.099,0.456
2243-563,2018,4,341.5699692454,0.279,-56.1294458269,0.441,0.148
2244-372,2018,11,341.766322193,0.174,-36.9628621701,0.42,0.137
2245-091,2018,3,341.9674717375,0.173,-8.839466217,0.247,0.256
2245-128,2018,4,341.9693376361,0.107,-12.6221449085,0.11,0.275
2245-328,2018,14,342.1611907092,0.166,-32.5978300568,0.364,-0.243
2247-131,2018,3,342.4983852951,0.104,-12.8546734328,0.096,0.238
2250+194,2018,16,343.2807048556,0.114,19.7096190376,0.23,-0.215
2254+074,2018,14,344.322096319,0.122,7.7200840393,0.209,-0.014
2255-282,2018,137,344.524845321,0.181,-27.9725712758,0.238,0.529
2256-084,2018,3,344.7528701367,0.261,-8.1841793624,0.299,0.028
2258-099,2018,3,345.2787130822,0.311,-9.712890174,0.159,0.307
2259+058,2018,3,345.4727548206,0.134,6.1535613436,0.275,-0.148
2307+106,2018,4,347.6188239357,0.427,10.925193637,0.96,0.161
2307-097,2018,3,347.4327238043,0.37,-9.5179851642,0.742,0.279
2308+098,2018,3,347.8239771819,0.163,10.137710277,0.334,-0.375
2309+454,2018,57,347.9475374891,0.108,45.7322267766,0.121,-0.136
2312-505,2018,3,348.9347098645,0.417,-50.3110291187,0.613,0.187
2314-409,2018,4,349.195499506,0.311,-40.6891906915,0.414,0.234
2318+049,2018,59,350.186902396,0.112,5.2305425028,0.11,-0.012
2319+317,2018,34,350.4789833066,0.097,32.0687840718,0.141,0.068
2325+093,2018,10,351.8899189732,0.121,9.6692952034,0.112,0.038
2326-477,2018,5,352.3237680169,0.19,-47.505309714,0.196,0.167
2329-384,2018,4,352.9978172597,0.16,-38.1965698084,0.142,-0.209
2329-415,2018,6,353.0793678344,0.377,-41.3104396048,0.531,0.288
2333-415,2018,8,354.1416044872,0.227,-41.2561068392,0.567,0.133
2333-528,2018,5,354.0506022522,0.225,-52.6060976122,0.388,0.425
2335-027,2018,26,354.4889127813,0.108,-2.5160081082,0.099,0.145
2344+09A,2018,4,356.6534939252,0.089,9.5126430323,0.123,0.307
2344-514,2018,4,356.8327670549,0.268,-51.176684834,0.366,0.508
2345-167,2018,3,357.0108687689,0.104,-16.5200061893,0.089,0.227
2351-154,2018,15,358.6258132673,0.142,-15.2197814441,0.234,0.287
2353+816,2018,6,359.0949747926,0.116,81.8811819952,0.096,0.028
2353-686,2018,4,359.0028394809,0.116,-68.334297873,0.138,-0.001
2354-117,2018,3,359.3799898701,0.099,-11.4275488465,0.111,0.354
2355-106,2018,83,359.5453433146,0.114,-10.335725384,0.113,0.083
2355-534,2018,6,359.471941777,0.128,-53.1871360223,0.249,0.248
2356+385,2018,26,359.8882532795,0.097,38.8450884995,0.143,-0.061
2357-318,2018,33,359.8978814536,0.145,-31.5621734982,0.294,-0.037
2358-080,2018,3,0.3251038751,0.173,-7.7741449796,0.361,-0.228
