iers_name,year,num_ses,ra,ra_err,dec,dec_err,ra_dec_corr
0003-066,1997,75,1.5578870115,0.102,-6.3931487537,0.244,-0.082
0008-264,1997,3,2.7551947112,0.119,-26.2092714359,0.341,-0.201
0013-005,1997,8,4.0462022625,0.239,-0.2534571039,0.454,-0.06
0014+813,1997,65,4.2853116228,0.057,81.5855934605,0.061,-0.025
0016+731,1997,5,4.9407765131,0.15,73.4583381284,0.126,-0.348
0019+058,1997,5,5.635171728,0.262,6.1345191456,0.452,-0.231
0048-097,1997,112,12.6721557598,0.123,-9.4847806148,0.201,-0.088
0059+581,1997,121,15.6906765759,0.065,58.4030935113,0.073,-0.037
0104-408,1997,42,16.6879498303,0.22,-40.5722111687,0.452,0.496
0106+013,1997,3,17.1615463487,0.124,1.5834216086,0.222,-0.854
0111+021,1997,31,18.4297705993,0.175,2.3714768119,0.319,-0.336
0119+041,1997,69,20.4869237309,0.132,4.3735373251,0.237,-0.32
0119+115,1997,40,20.4233126565,0.078,11.8306703124,0.161,-0.025
0133+476,1997,54,24.2441450342,0.054,47.8580833474,0.067,-0.09
0135-247,1997,3,24.4097768887,0.09,-24.514968201,0.238,0.007
0146+056,1997,5,27.3432119783,0.149,5.9315468822,0.256,-0.368
0201+113,1997,47,30.9444043968,0.129,11.5792804824,0.24,-0.382
0202+149,1997,47,31.2100578662,0.084,15.2364009999,0.159,-0.189
0202+319,1997,3,31.2705222452,0.14,32.2083599384,0.18,-0.08
0202-172,1997,3,31.2403097338,0.124,-17.0221779773,0.327,-0.111
0208-512,1997,34,32.6925016708,0.311,-51.017192212,0.323,0.536
0215+015,1997,3,34.4539781128,0.283,1.7471385938,0.708,-0.221
0221+067,1997,5,36.1184508325,0.193,6.989817133,0.367,-0.232
0229+131,1997,116,37.9412251901,0.155,13.3818656201,0.234,-0.002
0234+285,1997,36,39.4683569773,0.06,28.8024972365,0.101,-0.418
0235+164,1997,13,39.6622087702,0.283,16.6164651643,0.547,-0.135
0237-027,1997,3,39.9394677817,0.202,-2.5780316603,0.378,-0.137
0239+108,1997,10,40.6215452296,0.153,11.0168688939,0.276,-0.365
0256+075,1997,5,44.8628192462,0.189,7.7943454547,0.36,-0.184
0306+102,1997,8,47.2650978809,0.193,10.487872454,0.341,-0.26
0338-214,1997,7,55.1483660923,0.135,-21.3253256373,0.351,-0.064
0402-362,1997,12,60.9739579177,0.103,-36.0838648588,0.286,0.152
0405-385,1997,3,61.745980538,0.072,-38.44112284,0.212,0.875
0409+229,1997,3,63.1819452539,0.419,23.0848480566,0.694,-0.585
0414-189,1997,3,64.1522685383,0.092,-18.8523166869,0.229,-0.083
0420-014,1997,10,65.8158363399,0.141,-1.3425181669,0.268,-0.338
0426+273,1997,5,67.4706698358,0.199,27.4105212642,0.272,-0.055
0430+289,1997,7,68.4076244192,0.166,29.0987436048,0.272,-0.142
0434-188,1997,4,69.2561780978,0.111,-18.7468371556,0.277,-0.233
0454+844,1997,5,77.1765145217,0.211,84.5345956509,0.228,-0.209
0454-234,1997,87,74.2632467981,0.134,-23.414450083,0.238,0.169
0457+024,1997,3,74.9668777532,0.153,2.4919933865,0.302,-0.06
0458-020,1997,117,75.3033745246,0.146,-1.9872934181,0.294,-0.243
0507+179,1997,4,77.5098712798,0.371,18.011550436,0.571,0.044
0521-365,1997,4,80.7416029077,0.64,-36.4585694261,1.235,0.358
0528+134,1997,112,82.7350697948,0.08,13.5319859555,0.138,-0.094
0528-250,1997,3,82.5331783112,0.132,-25.0583054402,0.384,-0.242
0537-158,1997,3,84.8833755531,0.169,-15.84175595,0.437,0.033
0537-441,1997,32,84.7098397903,0.198,-44.0858164085,0.314,0.534
0544+273,1997,6,86.8922872022,0.212,27.3657895282,0.331,-0.127
0552+398,1997,133,88.8783567156,0.062,39.8136570139,0.079,-0.032
0554+242,1997,4,89.2696399338,0.275,24.2320274307,0.349,0.348
0556+238,1997,37,89.8834714271,0.075,23.8983130401,0.126,-0.174
0637-752,1997,28,98.9437828621,0.23,-75.2713376523,0.194,0.054
0642+449,1997,60,101.6334416154,0.061,44.8546083607,0.078,-0.109
0657+172,1997,6,105.0063564442,0.218,17.156028154,0.313,-0.197
0727-115,1997,128,112.5796353018,0.124,-11.68683347,0.207,-0.185
0735+178,1997,9,114.5308073204,0.195,17.7052772559,0.293,-0.012
0736+017,1997,5,114.8251412581,0.143,1.6179494558,0.24,-0.483
0742+103,1997,9,116.3877480782,0.05,10.1868588596,0.104,-0.345
0745+241,1997,7,117.1504553641,0.176,24.0066972798,0.261,-0.376
0749+540,1997,38,118.2557691145,0.082,53.8832325687,0.098,-0.051
0804+499,1997,73,122.1652762489,0.085,49.8434807175,0.105,-0.06
0805+410,1997,10,122.2360501869,0.157,40.8791357878,0.227,0.023
0823+033,1997,67,126.459743153,0.132,3.1568110345,0.268,0.396
0827+243,1997,8,127.7170258196,0.149,24.1832834475,0.216,-0.129
0917+624,1997,19,140.4009629884,0.104,62.2644945608,0.115,-0.095
0919-260,1997,12,140.3723078071,0.104,-26.312051773,0.276,0.054
0920+390,1997,4,140.8102204867,0.271,38.8277528426,0.444,-0.234
0920-397,1997,8,140.6934092609,0.181,-39.9930743112,0.594,-0.417
0925-203,1997,3,141.9659346905,0.115,-20.5808980988,0.328,-0.21
0952+179,1997,7,148.7367650602,0.192,17.7253393953,0.39,-0.122
0954+658,1997,5,149.6968546244,0.183,65.5652272283,0.243,-0.325
0955+476,1997,120,149.5819652928,0.08,47.4188451522,0.101,-0.026
1004+141,1997,59,151.9229086977,0.151,13.9415557823,0.243,-0.32
1022+194,1997,4,156.1867066446,0.263,19.2056709912,0.535,-0.212
1032-199,1997,3,158.7589804703,0.102,-20.1928776843,0.254,-0.117
1034-293,1997,92,159.3169989132,0.179,-29.5674481628,0.373,-0.018
1038+064,1997,8,160.3215104956,0.197,6.1713674207,0.443,-0.465
1038+52A,1997,28,160.4449235034,0.211,52.5578420396,0.27,-0.078
1039+811,1997,3,161.0960941223,0.143,80.9109563931,0.145,0.111
1044+719,1997,69,162.1150833373,0.052,71.7266495288,0.055,-0.037
1045-188,1997,4,162.027585886,0.111,-19.1599241064,0.27,-0.138
1055+018,1997,6,164.6233550233,0.143,1.5663398777,0.284,-0.425
1057-797,1997,25,164.6804573931,0.184,-80.0650443928,0.182,0.123
1101+384,1997,31,166.1138081159,0.098,38.208833068,0.137,-0.112
1104-445,1997,3,166.7862256574,0.685,-44.8187831053,2.919,-0.056
1111+149,1997,3,168.4945628804,0.222,14.7074868659,0.419,-0.309
1124-186,1997,51,171.7683019131,0.122,-18.954844915,0.317,0.316
1128+385,1997,100,172.7220109034,0.088,38.2551519145,0.126,-0.049
1144+402,1997,5,176.7429080136,0.141,39.976195736,0.198,-0.129
1144-379,1997,43,176.7557113086,0.188,-38.2030621348,0.353,0.49
1145-071,1997,16,176.9648084823,0.099,-7.4114281238,0.228,-0.31
1156+295,1997,61,179.8826412994,0.111,29.2455074848,0.185,-0.128
1213-172,1997,3,183.9447990227,0.086,-17.5292786782,0.193,-0.095
1219+044,1997,82,185.5939567784,0.129,4.2210489077,0.288,-0.351
1219+285,1997,3,185.3820439434,0.25,28.2329166568,0.328,-0.221
1221+809,1997,3,185.918724166,0.181,80.6678723432,0.155,0.039
1222+037,1997,5,186.2184247838,0.177,3.5139702285,0.291,-0.756
1226-028,1997,4,187.1538220504,0.546,-3.0775865771,0.983,0.213
1236+077,1997,3,189.8524512686,0.358,7.5047747675,0.477,-0.253
1243-072,1997,7,191.5176337851,0.168,-7.5129374918,0.343,-0.556
1244-255,1997,3,191.6950083476,0.103,-25.7970244738,0.281,-0.141
1255-316,1997,26,194.4960867375,0.152,-31.9213476782,0.443,0.712
1300+580,1997,30,195.7186054197,0.104,57.8104470059,0.136,-0.011
1302-102,1997,6,196.3875625624,0.194,-10.5553969184,0.377,-0.577
1308+326,1997,103,197.6194327281,0.097,32.3454952615,0.118,-0.13
1308+328,1997,7,197.74751142,0.264,32.5595692315,0.376,-0.133
1313-333,1997,12,199.0332747944,0.118,-33.6497701373,0.365,-0.273
1334-127,1997,116,204.4157615923,0.114,-12.9568592801,0.252,-0.303
1351-018,1997,36,208.5287305131,0.155,-2.100886247,0.31,-0.064
1352-104,1997,7,208.6938278276,0.3,-10.6840713038,0.748,-0.506
1354-152,1997,6,209.2968540884,0.136,-15.4579965061,0.312,-0.718
1354-174,1997,4,209.2753092242,0.186,-17.733862427,0.404,-0.34
1357+769,1997,105,209.4807149505,0.07,76.722514134,0.071,0.0
1406-076,1997,6,212.2353383334,0.186,-7.8740740566,0.42,-0.574
1418+546,1997,22,214.9441559356,0.069,54.3874408316,0.076,-0.15
1424-418,1997,38,216.9845731703,0.184,-42.10539932,0.467,0.55
1435-218,1997,3,219.5394557243,0.106,-22.0818746442,0.265,-0.049
1451-375,1997,12,223.614207324,0.153,-37.792540286,0.471,0.003
1504-166,1997,10,226.769945732,0.109,-16.8750741693,0.253,-0.793
1508+572,1997,9,227.5121766246,0.187,57.0453821148,0.208,0.072
1508-055,1997,3,227.7232976018,0.324,-5.7187268735,0.794,-0.385
1510-089,1997,7,228.2105539504,0.174,-9.0999529253,0.345,-0.404
1514-241,1997,26,229.4242214126,0.075,-24.3720767229,0.218,-0.549
1519-273,1997,10,230.6569832453,0.092,-27.5029959166,0.235,-0.853
1555+001,1997,13,239.4643082081,0.237,-0.0306704686,0.456,-0.419
1557+032,1997,4,239.879052453,0.405,3.0800714807,1.041,-0.528
1600+335,1997,3,240.5302644291,0.188,33.4480755759,0.253,-0.03
1606+106,1997,120,242.1925132803,0.092,10.4854932663,0.139,-0.19
1610-771,1997,28,244.4553186908,0.227,-77.2884631734,0.288,0.114
1611+343,1997,45,243.4211010275,0.057,34.2133080659,0.083,-0.114
1614+051,1997,8,244.1564867236,0.196,4.9924267535,0.363,-0.58
1622-253,1997,41,246.4453818703,0.11,-25.4606464215,0.316,-0.384
1622-297,1997,5,246.5250869696,0.422,-29.8574919931,0.576,-0.913
1637+574,1997,6,249.5560679122,0.107,57.3399941823,0.152,0.197
1657-261,1997,7,255.2214752596,0.11,-26.1810348059,0.271,-0.908
1705+018,1997,3,256.89339689,0.327,1.8126944538,0.632,-0.533
1706-174,1997,3,257.3931057997,0.145,-17.4814903359,0.36,-0.016
1726+455,1997,81,261.8652117137,0.129,45.511036401,0.139,0.061
1739+522,1997,70,265.1540743695,0.064,52.195390955,0.077,0.032
1741-038,1997,128,265.9952338818,0.1,-3.8346157347,0.143,-0.241
1745+624,1997,61,266.5584755325,0.088,62.4485384185,0.096,0.162
1749+096,1997,90,267.8867440433,0.094,9.6502023541,0.176,-0.176
1758+388,1997,3,270.1031890548,0.263,38.8085270525,0.352,-0.11
1803+784,1997,66,270.1903496148,0.057,78.467782881,0.056,0.024
1815-553,1997,18,274.9391648334,1.542,-55.3557625731,0.547,0.659
1817-254,1997,3,275.2410363014,0.218,-25.4701622107,0.617,0.081
1823+568,1997,18,276.029451566,0.141,56.8504140257,0.171,0.119
1830+285,1997,3,278.2091067317,0.173,28.5599875146,0.251,-0.262
1849+670,1997,10,282.316967866,0.142,67.0949111758,0.143,0.029
1908-201,1997,33,287.7902203779,0.08,-20.1153080605,0.223,-0.444
1920-211,1997,4,290.884124215,0.279,-21.0759259395,0.436,0.059
1921-293,1997,80,291.21273315,0.137,-29.2417003406,0.215,0.178
1928+738,1997,4,291.9520631915,0.136,73.9671027648,0.137,-0.117
1936-155,1997,9,294.8610739347,0.133,-15.428627427,0.274,-0.216
1937-101,1997,3,294.9885690167,0.19,-10.0448670331,0.421,-0.254
1954-388,1997,52,299.4992469787,0.177,-38.7517655277,0.306,0.342
1958-179,1997,55,300.2378768543,0.199,-17.8160201628,0.319,0.323
2000-330,1997,3,300.8504843658,1.209,-32.8625364772,1.486,-0.745
2007+777,1997,4,301.37916077,0.11,77.8786798811,0.103,-0.132
2008-159,1997,12,302.8154621889,0.14,-15.7778484415,0.325,-0.021
2037-253,1997,3,310.0365538372,0.157,-25.129628706,0.43,-0.103
2052-474,1997,8,314.0681659431,0.451,-47.2465632452,0.567,-0.221
2113+293,1997,15,318.8725560618,0.137,29.560657505,0.211,-0.273
2121+053,1997,7,320.9354891768,0.452,5.589470252,0.435,-0.173
2126-158,1997,33,322.3007329288,0.13,-15.6447335875,0.292,-0.832
2128-123,1997,27,322.8969239768,0.263,-12.1179988101,0.583,0.287
2136+141,1997,38,324.7554552505,0.082,14.3933311542,0.144,-0.414
2143-156,1997,3,326.5957471414,0.123,-15.4288571171,0.311,-0.002
2145+067,1997,122,327.0227445463,0.097,6.9607233524,0.168,-0.192
2149+056,1997,7,327.9078145123,0.22,5.8702650183,0.404,-0.113
2155-152,1997,6,329.5261746181,0.143,-15.0192576493,0.308,0.045
2201+315,1997,10,330.8123990686,0.157,31.7606304901,0.224,0.198
2216-038,1997,5,334.7168238342,0.258,-3.5935775894,0.738,-0.165
2227-088,1997,6,337.4170180776,0.305,-8.5484542584,0.576,-0.22
2234+282,1997,90,339.0936284497,0.171,28.4826147515,0.225,0.344
2243-123,1997,57,341.5759665517,0.088,-12.1142438335,0.227,-0.635
2255-282,1997,53,344.5248453107,0.143,-27.9725712736,0.343,0.737
2318+049,1997,16,350.186902476,0.18,5.2305423568,0.416,-0.7
2320-035,1997,6,350.8831406341,0.2,-3.2847287902,0.437,-0.41
2331-240,1997,3,353.4801576051,0.191,-23.7279605513,0.441,-0.419
2351-154,1997,3,358.6258132503,0.16,-15.2197813454,0.36,-0.131
2355-106,1997,4,359.5453433391,0.143,-10.3357252423,0.298,-0.542
2356+385,1997,16,359.8882532685,0.147,38.8450884727,0.232,-0.18
