iers_name,year,num_ses,ra,ra_err,dec,dec_err,ra_dec_corr
0002-478,2007,3,1.1485643403,0.28,-47.6054457984,0.494,0.586
0003-066,2007,70,1.5578870065,0.171,-6.3931486883,0.303,-0.282
0008-264,2007,4,2.7551946483,0.283,-26.2092713769,0.276,0.955
0014+813,2007,83,4.2853116945,0.187,81.5855934311,0.189,-0.022
0016+731,2007,3,4.9407764288,0.076,73.4583382373,0.075,0.092
0048-097,2007,71,12.6721557606,0.166,-9.4847806565,0.129,-0.155
0048-427,2007,3,12.7895908119,0.269,-42.4425816453,0.449,0.59
0059+581,2007,121,15.6906765891,0.053,58.4030935365,0.058,-0.039
0104-408,2007,62,16.6879498475,0.171,-40.5722111826,0.165,0.056
0106+013,2007,30,17.1615463086,0.159,1.5834214678,0.161,0.028
0107-610,2007,5,17.3144800213,0.248,-60.8301278001,0.376,0.061
0111+021,2007,6,18.4297706075,0.271,2.3714767637,0.254,0.689
0116-219,2007,6,19.7385924044,0.269,-21.6917056507,0.187,0.572
0119+041,2007,14,20.4869237509,0.187,4.3735373994,0.263,0.045
0119+115,2007,77,20.4233126617,0.119,11.8306703419,0.269,-0.051
0130-171,2007,3,23.1811977018,0.278,-16.9134782739,0.185,-0.091
0131-522,2007,3,23.2740106401,0.193,-52.0010959572,0.236,0.662
0133+476,2007,96,24.2441450161,0.066,47.8580833533,0.087,-0.14
0135-247,2007,4,24.409776804,0.445,-24.5149681352,0.242,0.386
0138-097,2007,6,25.3576342442,0.825,-9.4787983808,0.621,0.772
0150-334,2007,3,28.2921741072,0.52,-33.1738505968,0.35,-0.489
0201+113,2007,39,30.9444044206,0.222,11.5792804021,0.526,-0.213
0202+149,2007,57,31.2100578521,0.127,15.2364010907,0.161,-0.234
0208-512,2007,52,32.6925017708,0.144,-51.0171921844,0.196,0.094
0220-349,2007,3,35.7350068903,0.532,-34.6913137727,0.59,0.435
0229+131,2007,53,37.9412252667,0.12,13.3818656732,0.146,-0.245
0230-790,2007,5,37.3956110139,0.247,-78.7960005638,0.303,-0.051
0234+285,2007,4,39.4683569211,0.062,28.8024972967,0.09,0.009
0234-301,2007,5,39.1298726156,0.491,-29.8987612774,0.274,0.19
0235+164,2007,57,39.6622087708,0.069,16.6164651531,0.073,-0.112
0235-618,2007,3,39.2218571983,0.255,-61.6042176483,0.313,0.4
0237-233,2007,4,40.0340602868,0.273,-23.1543693159,0.362,0.013
0306+102,2007,6,47.2650979443,0.36,10.4878724542,0.261,0.551
0308-611,2007,5,47.4837464001,0.246,-60.977515699,0.26,0.187
0400-319,2007,4,60.5886083495,0.33,-31.7905403647,0.257,0.144
0402-362,2007,22,60.9739579103,0.198,-36.0838648653,0.353,0.527
0405-123,2007,4,61.9517957808,0.123,-12.1935165355,0.222,0.99
0405-385,2007,30,61.7459804721,0.22,-38.441123056,0.289,-0.07
0414-189,2007,4,64.1522684523,0.197,-18.8523166749,0.213,-0.461
0420-014,2007,4,65.8158363345,0.085,-1.3425181935,0.12,-0.149
0422-380,2007,5,66.1760155021,0.223,-37.9391067676,0.322,0.314
0426-380,2007,3,67.168434529,0.353,-37.9387724146,0.577,0.554
0434-188,2007,14,69.2561780602,0.203,-18.7468372331,0.678,-0.225
0437-454,2007,4,69.753560981,0.253,-45.372934245,0.57,0.527
0451-282,2007,3,73.3110283856,0.215,-28.1270350268,0.187,-0.632
0454+844,2007,9,77.1765143442,0.174,84.5345956554,0.198,-0.297
0454-234,2007,132,74.2632467871,0.096,-23.4144500892,0.091,-0.001
0454-463,2007,3,73.9615523273,0.263,-46.2662999188,0.442,0.684
0458-020,2007,97,75.3033745032,0.139,-1.9872934115,0.123,-0.315
0516-621,2007,3,79.1871924032,0.191,-62.118163645,0.214,0.025
0521-365,2007,4,80.74160258,0.349,-36.4585699045,0.211,-0.218
0528+134,2007,74,82.7350698058,0.098,13.5319859681,0.145,0.106
0530-727,2007,5,82.3751755572,0.224,-72.7579187919,0.234,0.091
0534-340,2007,7,84.1184682848,0.32,-34.0198524728,0.851,0.504
0534-611,2007,3,83.6490518823,0.244,-61.1019647667,0.321,0.276
0537-286,2007,4,84.9761727693,0.156,-28.6655410526,0.149,-0.056
0537-441,2007,122,84.7098397989,0.112,-44.0858164143,0.149,0.077
0539-057,2007,4,85.4086806962,0.223,-5.6970634661,0.322,-0.219
0549-575,2007,3,87.539917462,0.233,-57.5401100917,0.388,0.329
0552+398,2007,127,88.8783566946,0.056,39.8136569902,0.066,-0.072
0556+238,2007,26,89.8834713753,0.11,23.8983129716,0.216,0.064
0602+673,2007,66,91.9694650724,0.058,67.3487250086,0.09,-0.238
0607-157,2007,93,92.4206230836,0.092,-15.7112979492,0.079,-0.001
0637-337,2007,3,99.8371026755,0.568,-33.7666981012,0.769,0.357
0637-752,2007,40,98.9437829666,0.168,-75.2713375898,0.149,-0.091
0642+449,2007,94,101.6334416582,0.063,44.8546083797,0.073,-0.006
0646-306,2007,4,102.0587352209,0.228,-30.7387943421,0.215,-0.142
0648-165,2007,3,102.6024245515,0.408,-16.6277014106,0.426,0.377
0656+082,2007,39,104.8249835037,0.182,8.2252648153,0.434,-0.237
0657+172,2007,3,105.0063563882,0.1,17.1560282213,0.181,-0.05
0716+714,2007,4,110.4727019658,0.078,71.3434342814,0.086,-0.075
0723-008,2007,9,111.4609998427,0.383,-0.9157067818,0.245,0.261
0727-115,2007,149,112.5796353401,0.097,-11.6868334909,0.087,-0.092
0733-174,2007,3,113.9408853626,0.172,-17.596805888,0.388,0.328
0736+017,2007,3,114.8251412523,0.076,1.6179494182,0.075,0.098
0738+313,2007,3,115.2945971104,0.1,31.2000641109,0.164,0.275
0743+259,2007,104,116.6078090988,0.095,25.8172596969,0.145,-0.082
0743-673,2007,3,115.8817154495,0.351,-67.4404294848,0.26,0.204
0749+540,2007,47,118.2557691021,0.051,53.883232603,0.068,0.082
0804+499,2007,65,122.1652762169,0.131,49.8434807441,0.157,-0.275
0805+410,2007,37,122.2360501866,0.085,40.8791358124,0.137,0.11
0808+019,2007,23,122.8612804794,0.124,1.7811723168,0.131,-0.033
0818-128,2007,3,125.2393649228,0.313,-12.9831025353,0.133,0.353
0821+394,2007,3,126.231182707,0.087,39.2783066677,0.13,-0.015
0823+033,2007,51,126.4597431406,0.116,3.1568111344,0.254,0.189
0826-373,2007,3,127.0199175916,0.45,-37.5184115264,0.737,0.19
0829+046,2007,3,127.9536539953,0.126,4.4941906033,0.179,-0.147
0834-201,2007,4,129.1633968559,0.254,-20.2831954994,0.535,0.795
0836+710,2007,3,130.3515220442,0.082,70.8950480453,0.094,0.055
0859-140,2007,3,135.570128811,0.168,-14.2585763634,0.138,-0.369
0912+029,2007,3,138.6579726085,0.099,2.7664573488,0.12,0.228
0917+449,2007,3,140.243577051,0.058,44.69832917,0.084,-0.014
0920-397,2007,4,140.69340938,0.256,-39.9930746979,0.254,0.37
0925-203,2007,5,141.9659346288,0.121,-20.5808979057,0.176,-0.246
0954+658,2007,3,149.6968546705,0.064,65.5652272785,0.074,-0.104
0955+476,2007,94,149.5819652631,0.062,47.4188451584,0.075,0.119
1012+232,2007,3,153.6961060934,0.12,23.0212696517,0.118,0.183
1016-311,2007,5,154.6198062636,0.735,-31.3982915698,0.64,0.356
1022+194,2007,3,156.1867066912,0.153,19.20567098,0.121,0.005
1022-665,2007,3,155.9313887636,0.276,-66.7801992832,0.282,0.628
1032-199,2007,6,158.7589803874,0.349,-20.192877714,0.229,0.068
1034-293,2007,104,159.3169989078,0.208,-29.567448201,0.179,-0.242
1034-374,2007,3,159.2226650923,0.559,-37.7375182652,0.364,-0.134
1039+811,2007,3,161.0960942974,0.08,80.9109563996,0.071,-0.05
1044+719,2007,61,162.1150831882,0.061,71.7266496376,0.078,-0.244
1048-313,2007,3,162.7699066282,0.62,-31.6373077209,0.343,-0.432
1053+815,2007,44,164.5480642617,0.108,81.242409775,0.112,0.157
1055+018,2007,3,164.6233550155,0.077,1.5663398979,0.095,-0.112
1055-301,2007,3,164.5017813301,0.735,-30.4152852904,0.569,0.496
1057-797,2007,45,164.68045755,0.186,-80.0650443898,0.131,-0.217
1101+384,2007,13,166.1138081158,0.107,38.2088330628,0.249,0.832
1104-445,2007,4,166.7862257984,0.422,-44.818782226,1.842,-0.779
1124-186,2007,75,171.7683018957,0.135,-18.9548449469,0.116,0.023
1127-145,2007,3,172.5293856583,1.31,-14.824274444,2.288,0.981
1128+385,2007,44,172.7220108871,0.069,38.2551519334,0.085,0.026
1143-245,2007,4,176.5337638859,0.142,-24.7924712196,0.185,-0.395
1143-287,2007,6,176.6091189492,0.873,-28.988473598,0.648,0.696
1144-379,2007,75,176.755711315,0.16,-38.2030621208,0.17,-0.008
1145-071,2007,3,176.9648084169,0.164,-7.4114280883,0.195,-0.089
1156+295,2007,85,179.8826413175,0.103,29.2455074759,0.131,-0.049
1213+350,2007,3,183.981671015,0.101,34.8042279652,0.162,-0.043
1213-172,2007,3,183.9447989336,0.321,-17.5292786576,0.339,0.327
1219+044,2007,35,185.5939567662,0.139,4.2210488818,0.302,-0.306
1221+809,2007,3,185.9187239268,0.07,80.6678723589,0.108,-0.177
1226+373,2007,3,187.197598645,0.099,37.1033599729,0.139,0.259
1236+077,2007,3,189.8524513991,0.087,7.504774753,0.105,0.025
1243-072,2007,8,191.5176338559,0.356,-7.5129373568,0.21,0.337
1255-316,2007,44,194.49608682,0.245,-31.9213477217,0.347,0.682
1300+580,2007,84,195.7186053735,0.08,57.8104470161,0.092,0.069
1308+326,2007,88,197.6194328418,0.264,32.3454951947,0.265,-0.035
1324+224,2007,3,201.7535888171,0.076,22.1806007721,0.106,-0.156
1325-558,2007,3,202.2547702976,0.27,-56.1340738681,0.413,0.589
1334-127,2007,113,204.4157615875,0.129,-12.9568592789,0.111,-0.186
1351-018,2007,29,208.528730524,0.144,-2.1008861822,0.407,0.078
1352-104,2007,7,208.6938282656,0.284,-10.6840711947,0.282,0.335
1357+769,2007,94,209.4807150121,0.048,76.7225141448,0.047,0.015
1402-012,2007,5,211.1912314103,0.375,-1.5060964164,0.231,0.994
1412-368,2007,3,213.858401677,0.875,-37.0908252275,0.575,-0.696
1417+385,2007,45,214.9442240448,0.067,38.3634652738,0.078,-0.041
1418+546,2007,43,214.9441559482,0.057,54.3874408538,0.065,-0.07
1424-418,2007,99,216.9845732259,0.189,-42.1053993938,0.229,0.238
1443-162,2007,3,221.4724011383,0.364,-16.4837830217,0.21,-0.302
1445-161,2007,4,222.0627254152,1.117,-16.3401524501,1.078,-0.135
1448+762,2007,3,222.1199125485,0.077,76.0198881014,0.076,-0.161
1451-375,2007,16,223.614207159,0.302,-37.7925403737,0.221,-0.421
1454-354,2007,6,224.3612989141,0.731,-35.6527701241,0.632,0.722
1502+036,2007,3,226.276988198,0.115,3.4418923455,0.109,0.035
1504-166,2007,5,226.7699457374,0.185,-16.8750741432,0.215,-0.234
1514-241,2007,4,229.4242213441,0.159,-24.3720766752,0.294,0.202
1519-273,2007,58,230.6569833123,0.129,-27.502995981,0.128,0.179
1519-294,2007,4,230.6061930248,0.548,-29.6070086291,0.328,-0.132
1556-245,2007,5,239.9225378708,0.415,-24.7107866526,0.271,-0.46
1604-333,2007,3,241.8948428414,0.572,-33.5191426161,0.36,-0.603
1606+106,2007,132,242.1925132813,0.08,10.4854932733,0.084,-0.17
1610-771,2007,5,244.4553182338,0.245,-77.2884632092,0.242,-0.006
1611+343,2007,118,243.4211009997,0.058,34.2133080075,0.068,-0.155
1611-710,2007,3,244.1276730583,0.319,-71.1420706332,0.351,0.465
1622-253,2007,120,246.4453818515,0.174,-25.4606463575,0.158,-0.134
1647-296,2007,3,252.6647670949,0.474,-29.7297096361,0.303,-0.545
1655+077,2007,3,254.5375477762,0.066,7.6909834141,0.12,-0.229
1705+018,2007,3,256.8933969538,0.1,1.8126941765,0.145,-0.103
1706-174,2007,9,257.3931058256,0.253,-17.481490366,0.371,0.092
1718-649,2007,3,260.9209551565,0.305,-65.0101693774,0.349,0.453
1726+455,2007,5,261.8652117264,0.203,45.5110364351,0.31,0.357
1739+522,2007,102,265.154074336,0.055,52.1953909332,0.064,-0.009
1741-038,2007,144,265.9952338988,0.085,-3.8346157401,0.088,-0.061
1745+624,2007,51,266.5584756478,0.099,62.4485384621,0.118,0.219
1749+096,2007,144,267.8867440603,0.067,9.6502023324,0.07,-0.079
1803+784,2007,42,270.1903496073,0.041,78.4677828635,0.043,-0.019
1815-553,2007,23,274.939164619,0.715,-55.3557626097,0.316,-0.049
1849+670,2007,4,282.3169677852,0.072,67.0949111881,0.079,0.062
1908-201,2007,37,287.790220397,0.133,-20.1153082663,0.289,-0.25
1921-293,2007,48,291.2127331028,0.174,-29.2417002904,0.314,0.611
1923+210,2007,72,291.4983556856,0.155,21.1072672085,0.131,0.338
1928+738,2007,3,291.9520630922,0.09,73.9671026648,0.105,-0.106
1929+226,2007,3,292.8538199432,0.179,22.7253494785,0.22,-0.013
1929-457,2007,3,293.1870322143,0.404,-45.6105356651,0.792,0.649
1933-400,2007,4,294.3175722618,0.303,-39.967098117,0.303,0.208
1954-388,2007,50,299.4992469992,0.169,-38.7517655927,0.177,-0.286
1958-179,2007,67,300.2378768626,0.099,-17.8160201754,0.093,-0.025
2000-330,2007,5,300.8504848037,0.14,-32.8625370155,0.459,-0.238
2002-375,2007,3,301.479462166,0.585,-37.3948548609,0.683,0.293
2029+121,2007,4,307.9791427902,0.089,12.3281500497,0.09,0.068
2037-253,2007,3,310.0365538374,0.713,-25.1296287909,0.354,-0.682
2052-474,2007,57,314.0681659418,0.161,-47.2465632405,0.236,-0.122
2058-297,2007,5,315.2569164495,0.726,-29.5577324058,0.679,0.303
2059+034,2007,8,315.4118089529,0.336,3.6920335741,0.291,0.21
2113+293,2007,58,318.8725560573,0.088,29.560657512,0.148,0.072
2121+053,2007,49,320.9354891006,0.122,5.5894702132,0.16,-0.037
2126-158,2007,71,322.3007328946,0.157,-15.6447338039,0.317,0.195
2128-123,2007,22,322.8969238697,0.304,-12.1179990978,0.663,-0.074
2131-021,2007,5,323.5429565817,0.329,-1.888121895,0.257,0.296
2136+141,2007,93,324.7554552812,0.114,14.3933311853,0.125,-0.342
2142-758,2007,3,326.8030449203,0.213,-75.6036735256,0.259,0.163
2145+067,2007,35,327.0227444574,0.081,6.960723404,0.077,-0.113
2149+056,2007,48,327.9078145338,0.263,5.8702651504,0.421,-0.453
2155-304,2007,3,329.7169381194,0.42,-30.225588432,0.24,-0.185
2201+315,2007,66,330.8123991267,0.235,31.7606304809,0.218,-0.062
2209+236,2007,25,333.0248596158,0.068,23.9279288546,0.079,0.109
2210-257,2007,3,333.2604082988,0.509,-25.4916891537,0.541,0.19
2214+350,2007,3,334.0833745815,0.111,35.3039389326,0.155,-0.123
2232-488,2007,4,338.8051524198,0.243,-48.5996653054,0.477,0.423
2234+282,2007,48,339.0936284139,0.135,28.4826147165,0.167,0.407
2236-572,2007,3,339.8003163137,0.181,-57.0168998078,0.281,0.515
2243-123,2007,89,341.5759665589,0.194,-12.1142438213,0.333,0.593
2244-372,2007,3,341.766322188,0.45,-36.9628622487,0.305,-0.519
2250+194,2007,3,343.2807049375,0.221,19.7096191265,0.232,0.266
2255-282,2007,33,344.5248453374,0.267,-27.9725713528,0.343,0.716
2306-312,2007,3,347.3097141429,0.821,-30.9868288418,0.749,0.159
2312-319,2007,3,348.7020856982,0.42,-31.6443131124,0.326,-0.319
2314-340,2007,3,349.18077654,1.225,-33.8201349745,0.704,-0.466
2318+049,2007,85,350.1869025023,0.152,5.2305423515,0.144,-0.175
2320-035,2007,4,350.883140615,0.234,-3.2847288273,0.247,0.537
2325-150,2007,3,351.9498507977,0.8,-14.7988198798,0.542,0.514
2329-162,2007,3,352.9110518294,0.113,-15.9491693329,0.216,-0.098
2329-384,2007,4,352.9978173229,0.487,-38.1965696496,0.314,-0.452
2344-514,2007,3,356.8327670148,0.317,-51.1766850082,0.498,0.387
2351+456,2007,4,358.5903342514,0.091,45.8845101707,0.125,-0.006
2351-309,2007,3,358.4477453682,0.469,-30.6301396669,0.365,-0.079
2353-686,2007,3,359.0028392086,0.194,-68.3342977373,0.302,0.237
2355-106,2007,3,359.545343342,0.122,-10.335725355,0.154,0.049
2356+385,2007,75,359.888253293,0.133,38.8450884191,0.21,-0.116
