iers_name,year,num_ses,ra,ra_err,dec,dec_err,ra_dec_corr
0002-478,2017,6,1.1485646493,0.24,-47.6054455748,0.484,-0.311
0003-066,2017,41,1.5578870132,0.093,-6.393148691,0.089,0.081
0005-239,2017,3,2.001540037,0.125,-23.6550416757,0.295,-0.199
0007-325,2017,3,2.3981573146,0.194,-32.2769247634,0.457,-0.364
0008-264,2017,86,2.7551947576,0.13,-26.2092714412,0.238,-0.209
0008-421,2017,4,2.7188235391,0.607,-41.8863270558,1.708,-0.371
0010+405,2017,9,3.379709155,0.089,40.8603178204,0.114,-0.138
0010-401,2017,5,3.2496243091,0.124,-39.907237554,0.358,0.14
0013-005,2017,7,4.0462023062,0.148,-0.2534570864,0.312,-0.127
0014+813,2017,6,4.2853117352,0.087,81.5855933101,0.09,-0.03
0016+731,2017,88,4.9407765144,0.047,73.4583382104,0.048,-0.076
0016-223,2017,3,4.8451171009,0.107,-22.0910937449,0.266,-0.351
0017+200,2017,78,4.9077270614,0.067,20.3626790786,0.055,0.037
0019+058,2017,62,5.635171726,0.094,6.1345191492,0.135,-0.042
0022-423,2017,4,6.1791241577,0.396,-42.0344303165,0.758,-0.475
0024+224,2017,3,6.8140480081,0.135,22.6994634541,0.21,-0.146
0025+197,2017,13,7.1242436695,0.197,20.0074288959,0.235,0.057
0025+449,2017,3,6.9260948307,0.334,45.2491877048,0.448,0.078
0035+413,2017,6,9.6035149532,0.129,41.6183334164,0.178,0.322
0042-373,2017,3,11.3002753786,0.183,-37.0967964734,0.475,-0.192
0044+030,2017,3,11.7746613575,0.184,3.3318848831,0.395,-0.45
0048-097,2017,65,12.6721557422,0.114,-9.4847806556,0.146,-0.139
0048-427,2017,27,12.78959104,0.244,-42.4425814633,0.624,-0.189
0054+161,2017,14,14.2303930154,0.073,16.4203724794,0.139,-0.287
0055-059,2017,13,14.5211096408,0.365,-5.6645215572,0.359,-0.006
0055-340,2017,3,14.5651742337,0.178,-33.7993040101,0.43,-0.149
0059+581,2017,111,15.6906765646,0.046,58.403093511,0.052,-0.015
0103+057,2017,3,16.4965418641,0.207,6.0164769102,0.416,0.671
0104-275,2017,5,16.6086751613,0.103,-27.3032848179,0.251,0.248
0104-408,2017,111,16.6879498483,0.117,-40.5722111949,0.172,0.001
0106+013,2017,12,17.1615463069,0.124,1.583421543,0.3,0.217
0107-610,2017,4,17.3144800243,0.204,-60.8301278371,0.437,-0.256
0109+200,2017,3,18.0424616729,0.116,20.3393788098,0.206,-0.054
0109+224,2017,10,18.0242696527,0.097,22.7441073244,0.167,-0.258
0110+495,2017,4,18.3625282962,0.127,49.8066786862,0.144,0.399
0110-361,2017,3,18.3160682345,0.148,-35.8634352374,0.428,0.02
0111+021,2017,7,18.4297706209,0.103,2.3714767127,0.138,-0.221
0112-017,2017,3,18.8212498069,0.209,-1.451271446,0.435,0.029
0113-118,2017,5,19.0521750817,0.235,-11.6042873279,0.654,0.265
0113-283,2017,4,18.849515014,0.188,-28.0820066553,0.397,0.066
0115-214,2017,33,19.453250542,0.183,-21.1851758721,0.301,0.041
0116-219,2017,29,19.7385924055,0.104,-21.6917056121,0.1,-0.09
0119+041,2017,61,20.4869236778,0.118,4.3735373272,0.238,-0.065
0119+115,2017,59,20.4233127146,0.12,11.8306703351,0.275,0.222
0127+145,2017,3,22.4806131165,0.078,14.7799546119,0.146,-0.095
0131-522,2017,76,23.2740103687,0.147,-52.0010959059,0.204,0.117
0133+476,2017,80,24.2441450289,0.051,47.8580833764,0.068,-0.15
0134+311,2017,28,24.2863901321,0.207,31.3766265599,0.312,0.21
0137+012,2017,6,24.9887740748,0.151,1.5294830242,0.311,0.16
0138-097,2017,14,25.3576340296,0.13,-9.4787983859,0.239,-0.041
0149+218,2017,8,28.0752459951,0.207,22.1188055506,0.137,-0.134
0150-144,2017,5,28.1333852337,0.102,-14.2109428598,0.275,-0.13
0151+474,2017,36,28.7345412263,0.109,47.7240387838,0.147,-0.043
0153-410,2017,4,28.9044136802,0.266,-40.8117657311,0.799,-0.1
0159+723,2017,7,30.889104072,0.101,72.5482409145,0.115,0.131
0201+113,2017,10,30.9444043735,0.43,11.5792805661,0.533,0.275
0202+149,2017,3,31.2100578773,0.136,15.2364009647,0.187,-0.188
0202+319,2017,96,31.2705223163,0.051,32.2083598821,0.051,0.028
0202-172,2017,23,31.2403097264,0.106,-17.0221780469,0.094,0.115
0206+136,2017,18,32.3999930318,0.092,13.8668755225,0.165,-0.191
0208-512,2017,9,32.6925019039,0.17,-51.0171920652,0.286,0.215
0211+171,2017,6,33.687136838,0.146,17.3804199566,0.291,-0.135
0212+735,2017,5,34.3783890562,0.138,73.8257282226,0.129,-0.033
0215+015,2017,22,34.453978103,0.137,1.7471386131,0.127,-0.104
0221+067,2017,20,36.1184507753,0.13,6.9898171606,0.103,-0.028
0222-234,2017,3,36.2617561139,0.238,-23.2134686261,0.63,-0.588
0227-369,2017,15,37.3685378077,0.226,-36.7324507,0.459,-0.66
0229+131,2017,64,37.9412252516,0.098,13.3818656375,0.073,0.135
0230-790,2017,6,37.3956107828,0.154,-78.7960003204,0.175,0.175
0234+285,2017,21,39.468357025,0.074,28.8024971945,0.125,-0.033
0234-301,2017,18,39.1298725802,0.115,-29.8987612459,0.31,-0.238
0235+164,2017,11,39.6622087608,0.099,16.6164651647,0.056,0.112
0235+205,2017,3,39.4609539411,0.365,20.7717933676,0.682,0.184
0235-618,2017,3,39.2218572694,0.296,-61.6042176112,0.423,0.396
0237+040,2017,3,39.9635960328,0.213,4.2726144178,0.182,-0.019
0237-027,2017,98,39.9394678132,0.093,-2.5780318272,0.115,-0.025
0241+622,2017,9,41.2404031188,0.43,62.4684765244,0.373,-0.178
0244-452,2017,6,41.4754618725,0.28,-44.9943378142,0.572,-0.614
0250-122,2017,3,43.348684871,0.391,-12.0077785208,1.023,-0.69
0252+818,2017,3,45.0464032507,0.68,82.0442644895,0.876,0.199
0256-005,2017,10,44.868817341,0.135,-0.3333264727,0.176,-0.395
0300+470,2017,9,45.8968425548,0.099,47.2711876389,0.106,-0.105
0302+625,2017,9,46.677748082,0.094,62.7172289247,0.118,0.01
0302-623,2017,6,45.9609639276,0.151,-62.1904305982,0.171,0.188
0306+102,2017,19,47.2650978763,0.095,10.4878724927,0.085,-0.024
0307+380,2017,56,47.7078330075,0.069,38.2482882928,0.093,-0.048
0308-611,2017,98,47.483746383,0.175,-60.9775156688,0.247,0.255
0309+411,2017,8,48.2581755064,0.089,41.3336620714,0.096,-0.042
0312+100,2017,6,48.8380825788,0.145,10.2119677398,0.256,-0.001
0315-282,2017,3,49.3904137074,0.223,-28.055170133,0.524,-0.763
0316-444,2017,4,49.4903311454,0.337,-44.2381011573,1.072,-0.292
0318-172,2017,3,50.079613366,0.169,-17.0442031567,0.402,-0.711
0322+222,2017,80,51.4033931505,0.069,22.4001015651,0.089,-0.072
0325+395,2017,4,52.2096337403,0.17,39.6790463394,0.226,-0.35
0325-182,2017,3,51.9305900842,0.223,-18.0616742156,0.676,-0.703
0332+078,2017,32,53.7221527976,0.11,8.0040053451,0.179,-0.216
0332-403,2017,102,53.55689365,0.14,-40.1403883027,0.156,-0.19
0334-546,2017,4,53.9746868166,0.169,-54.5069763028,0.256,0.098
0335-364,2017,5,54.2250977151,0.239,-36.2683954482,0.427,0.035
0338-214,2017,15,55.1483660436,0.266,-21.3253255408,0.269,0.462
0340+362,2017,16,55.8706351047,0.113,36.37011936,0.115,0.25
0342+147,2017,8,56.2767355022,0.091,14.897099562,0.122,-0.142
0345+460,2017,22,57.3280898957,0.16,46.1665716542,0.175,0.021
0346-279,2017,38,57.158935726,0.138,-27.8204349341,0.286,-0.097
0347-211,2017,28,57.4909444558,0.169,-21.0465948598,0.153,0.102
0352+825,2017,3,60.552821056,1.781,82.6930912107,2.26,0.051
0358+210,2017,23,60.4381919938,0.141,21.1746075558,0.167,-0.055
0400-319,2017,9,60.5886084982,0.197,-31.7905405197,0.393,0.326
0402-362,2017,57,60.9739579134,0.097,-36.0838647416,0.145,0.119
0403-132,2017,38,61.3916807906,0.083,-13.1371363516,0.162,-0.329
0405-385,2017,21,61.745980566,0.17,-38.4411228053,0.329,0.072
0406-127,2017,4,62.2740404524,0.556,-12.646706603,0.638,0.46
0410+110,2017,8,63.4180874848,0.199,11.2041072858,0.346,-0.195
0414-189,2017,29,64.1522685307,0.158,-18.8523167148,0.167,0.12
0415+398,2017,18,64.8439562557,0.141,39.9247160463,0.116,-0.116
0420+022,2017,46,65.7175610394,0.059,2.3241474401,0.086,-0.103
0420-014,2017,39,65.8158363275,0.09,-1.3425181688,0.077,-0.099
0422+004,2017,10,66.195175234,0.114,0.6017581871,0.242,0.042
0422-380,2017,13,66.1760154684,0.169,-37.9391067361,0.307,-0.102
0422-389,2017,3,66.1404841962,0.183,-38.8115674671,0.55,-0.916
0426+181,2017,4,67.3714736203,0.19,18.2644939079,0.3,-0.005
0426+273,2017,5,67.4706698712,0.136,27.4105212349,0.264,-0.085
0430+289,2017,13,68.4076244428,0.204,29.0987436576,0.302,-0.276
0432-606,2017,3,68.3921186824,0.324,-60.5038247485,0.456,-0.304
0434-188,2017,11,69.2561782573,0.924,-18.7468373897,1.967,0.074
0436-129,2017,9,69.6459208603,0.448,-12.8509330917,0.473,0.189
0437-454,2017,47,69.753561131,0.14,-45.3729342095,0.245,0.066
0438-436,2017,7,70.0715832346,0.143,-43.5523899666,0.379,0.297
0440+345,2017,5,70.881813352,0.158,34.685184518,0.233,-0.093
0442+389,2017,10,71.5478917745,0.118,39.0047499619,0.206,-0.113
0446+112,2017,53,72.2819629161,0.083,11.3579434895,0.106,0.038
0450-743,2017,4,72.2023252645,0.226,-74.2920126709,0.245,0.008
0451-282,2017,7,73.3110282832,0.117,-28.1270353951,0.276,0.09
0451-398,2017,3,73.3192465956,0.245,-39.8183144071,0.587,-0.947
0454+844,2017,41,77.176514488,0.087,84.5345956728,0.1,0.166
0454-234,2017,118,74.2632467345,0.074,-23.4144500861,0.081,-0.037
0454-463,2017,9,73.9615521921,0.171,-46.2662998605,0.254,0.168
0454-810,2017,27,72.5226676211,0.078,-81.017286511,0.082,-0.009
0456-317,2017,3,74.5868477018,3.387,-31.6556204565,6.404,-0.915
0458+138,2017,5,75.4386284181,0.19,13.9353390379,0.369,-0.012
0458-020,2017,117,75.3033745571,0.061,-1.987293467,0.064,-0.04
0506+101,2017,13,77.3644045098,0.498,10.1957222826,0.329,-0.114
0506-332,2017,3,77.1586885436,0.298,-33.1483225443,0.685,-0.794
0506-612,2017,5,76.6832865803,0.331,-61.1613872504,0.313,0.142
0507+179,2017,5,77.5098713474,0.072,18.011550431,0.093,-0.305
0510+559,2017,3,78.5779150291,0.119,56.0364036158,0.139,-0.079
0511-220,2017,3,78.4546429769,0.323,-21.9878033361,0.393,-0.002
0514-161,2017,3,79.0663722741,0.103,-16.0521204366,0.285,0.292
0514-459,2017,4,78.9385422456,0.218,-45.9453328688,0.531,0.154
0515+208,2017,8,79.51593545,0.111,20.9145826601,0.159,-0.179
0516-621,2017,6,79.1871922789,0.122,-62.118163719,0.175,0.138
0521-365,2017,15,80.7416026184,0.093,-36.4585697521,0.229,0.135
0522-314,2017,3,81.0412727907,3.017,-31.439510506,5.958,0.81
0522-611,2017,7,80.6434394047,0.385,-61.1325372444,0.836,-0.057
0524+034,2017,11,81.8862726759,0.119,3.5254212933,0.296,-0.177
0524-485,2017,4,81.5694637919,0.129,-48.5102199651,0.282,0.337
0527-253,2017,3,82.4877807376,0.153,-25.2663699201,0.383,0.222
0528+134,2017,6,82.7350697885,0.204,13.5319859705,0.367,0.365
0528-250,2017,6,82.5331782492,0.151,-25.0583052951,0.274,0.063
0529+483,2017,77,83.316107449,0.051,48.3813355619,0.063,-0.04
0530-727,2017,46,82.3751757077,0.22,-72.7579187871,0.248,0.103
0532+255,2017,4,83.9581127,0.206,25.5373685174,0.343,-0.066
0532-378,2017,3,83.5728604965,0.149,-37.7904430244,0.377,-0.879
0534-340,2017,23,84.1184681695,0.152,-34.0198522843,0.447,0.175
0534-611,2017,3,83.6490520422,0.173,-61.1019647322,0.225,0.155
0536+145,2017,44,84.9265249764,0.091,14.5626560353,0.176,-0.073
0537-286,2017,50,84.9761728199,0.158,-28.6655410746,0.268,-0.162
0537-441,2017,141,84.7098399372,0.119,-44.085816291,0.154,0.05
0540-270,2017,3,85.5529729238,0.168,-26.9784830722,0.468,-0.845
0544+273,2017,47,86.8922871657,0.063,27.3657896313,0.111,-0.011
0549-575,2017,7,87.5399173507,0.154,-57.5401102265,0.228,0.399
0552+398,2017,68,88.8783567337,0.07,39.8136570068,0.066,-0.082
0556+238,2017,14,89.8834713888,0.131,23.8983129827,0.279,-0.072
0557-454,2017,3,89.7981016153,0.112,-45.4945301826,0.361,-0.765
0558-396,2017,3,90.1309062535,0.162,-39.6172766066,0.423,-0.01
0600+177,2017,5,90.7880427911,0.106,17.7046696537,0.228,-0.209
0602+673,2017,61,91.9694650677,0.073,67.348725059,0.107,-0.075
0604+728,2017,3,92.7036387889,0.153,72.814773251,0.126,-0.081
0605-085,2017,12,91.9987469166,0.161,-8.5805495752,0.162,0.002
0606-223,2017,28,92.2486951545,0.068,-22.3391546039,0.13,-0.294
0607-157,2017,11,92.4206230376,0.131,-15.7112979086,0.25,0.204
0609-284,2017,3,92.9640224877,0.139,-28.4666254638,0.365,-0.272
0613+570,2017,37,94.3205106996,0.059,57.0212287222,0.061,-0.064
0627-199,2017,33,97.349007734,0.159,-19.9888121251,0.167,0.084
0628-627,2017,3,97.2395327068,0.403,-62.8124289298,0.232,-0.326
0630-261,2017,3,98.027090763,0.13,-26.2372316283,0.325,-0.461
0632-235,2017,7,98.7458375206,0.361,-23.5866548345,0.25,0.134
0636+680,2017,5,100.5177389873,0.184,67.9765613724,0.191,-0.183
0637-752,2017,13,98.9437833494,0.113,-75.2713376519,0.092,0.066
0639+098,2017,3,100.4383241218,1.793,9.7845361384,1.856,0.135
0639-032,2017,16,100.4630539209,0.119,-3.3468283981,0.134,0.169
0641+392,2017,39,101.2237899866,0.133,39.2465372342,0.196,0.15
0642+449,2017,48,101.6334416094,0.073,44.8546083513,0.065,0.011
0646-306,2017,77,102.0587352848,0.117,-30.7387944141,0.229,0.016
0648-165,2017,61,102.6024244053,0.079,-16.6277015621,0.144,-0.123
0650+239,2017,4,103.352444509,0.217,23.8904893422,0.267,-0.157
0656+082,2017,70,104.8249834464,0.125,8.2252649446,0.294,-0.341
0657+172,2017,49,105.0063564398,0.126,17.1560281696,0.115,-0.074
0700-197,2017,19,105.6787527573,0.099,-19.8561209146,0.11,0.085
0707+476,2017,19,107.6921036709,0.093,47.5364284991,0.106,-0.017
0714+457,2017,6,109.4660515477,0.639,45.6342391853,0.512,-0.014
0716+714,2017,57,110.4727019813,0.057,71.3434342753,0.06,-0.013
0721-071,2017,4,111.0720526165,0.097,-7.255653414,0.219,0.186
0722+145,2017,23,111.3200323697,0.136,14.4204852248,0.122,-0.174
0723+219,2017,16,111.5594197727,0.168,21.8889205501,0.243,0.098
0723-008,2017,10,111.4609995804,0.143,-0.9157063687,0.423,0.126
0727-115,2017,141,112.5796353185,0.065,-11.6868335164,0.064,0.018
0729+259,2017,9,113.2344803315,0.137,25.8107765813,0.142,-0.108
0733-187,2017,3,114.0099068416,0.744,-18.886090261,1.283,-0.149
0736+017,2017,58,114.8251412442,0.061,1.6179494416,0.097,-0.11
0738+313,2017,9,115.2945970726,0.239,31.2000641291,0.486,0.119
0738+491,2017,31,115.5114539497,0.048,49.0043358003,0.069,-0.057
0743+259,2017,8,116.6078090849,0.122,25.8172596296,0.215,0.067
0743+277,2017,31,116.6684679594,0.057,27.5830686198,0.099,-0.184
0743-006,2017,10,116.4753430697,0.194,-0.738205582,0.344,-0.03
0745+241,2017,17,117.150455367,0.104,24.0066972531,0.109,-0.113
0747+185,2017,8,117.5013747816,0.117,18.3865020754,0.163,-0.047
0748+126,2017,58,117.7168572925,0.048,12.5180078774,0.067,-0.059
0749+540,2017,29,118.2557690722,0.11,53.8832325575,0.124,0.418
0752+258,2017,3,118.904302816,0.428,25.7108398088,0.728,-0.135
0752-385,2017,3,118.6731860947,0.965,-38.71029274,4.013,-0.12
0758+120,2017,3,120.2520124764,1.5,11.8898850942,1.66,-0.797
0759+183,2017,16,120.7001332299,0.127,18.1636803487,0.203,-0.147
0800+618,2017,51,121.3257481442,0.081,61.7399168102,0.093,-0.076
0802+596,2017,3,121.6081195063,0.657,59.5185860885,0.705,-0.581
0804+499,2017,25,122.1652762622,0.113,49.8434807185,0.133,-0.286
0805+046,2017,3,121.9897434728,0.152,4.5429255284,0.303,0.042
0805+410,2017,19,122.2360502031,0.069,40.8791358197,0.078,0.117
0805-077,2017,4,122.0647334489,0.145,-7.8527462637,0.368,0.167
0806-153,2017,3,122.2807997511,0.33,-15.5463539953,0.791,-0.753
0808+019,2017,57,122.8612804958,0.096,1.7811722626,0.08,-0.045
0808-132,2017,3,122.7392508011,1.033,-13.3656811102,2.577,-0.816
0812+020,2017,3,123.8456701109,0.379,1.9165225193,0.325,0.003
0812+367,2017,6,123.8581035904,0.089,36.587541346,0.117,0.11
0814+425,2017,27,124.5666650873,0.082,42.3792819013,0.083,0.002
0821+394,2017,54,126.2311827403,0.051,39.2783066697,0.072,-0.045
0823+033,2017,56,126.4597431265,0.089,3.1568111082,0.15,0.205
0823-223,2017,9,126.5065538394,0.124,-22.5075562632,0.295,-0.266
0826-373,2017,17,127.0199176013,0.16,-37.5184115973,0.209,0.206
0827+243,2017,36,127.7170258016,0.117,24.183283404,0.098,-0.042
0834+250,2017,5,129.417690408,0.129,24.906422678,0.142,0.017
0834-201,2017,93,129.1633968845,0.147,-20.2831956315,0.241,0.136
0843-336,2017,3,131.2839352627,0.198,-33.7947401363,0.514,-0.859
0847-120,2017,26,132.540148468,0.079,-12.2264933694,0.117,0.058
0854-108,2017,16,134.1741840344,0.15,-11.0873417543,0.225,-0.095
0855-716,2017,3,133.7990406674,0.352,-71.8184602098,0.298,-0.559
0858-279,2017,5,135.166828288,0.189,-28.1389843177,0.554,-0.019
0902+210,2017,4,136.3097388374,0.22,20.870363014,0.294,-0.015
0902-350,2017,3,136.1765783116,0.17,-35.2400972702,0.407,-0.85
0903-573,2017,6,136.2215798867,0.132,-57.5849395641,0.252,-0.076
0906+015,2017,7,137.2920482959,0.263,1.3598938158,0.453,0.091
0907+230,2017,3,137.6755546936,0.146,22.8098837616,0.219,-0.446
0910-414,2017,3,138.0531276211,0.236,-41.6211541463,0.628,-0.885
0912+029,2017,52,138.6579726466,0.135,2.7664572093,0.311,-0.1
0912+297,2017,4,138.9683402402,0.223,29.5566785804,0.454,0.549
0918-297,2017,4,140.1799742419,0.211,-29.9417483938,0.615,-0.344
0919-260,2017,7,140.3723078216,0.25,-26.3120518261,0.274,0.322
0920+390,2017,25,140.8102205685,0.06,38.8277528019,0.092,-0.002
0920-397,2017,90,140.693409491,0.157,-39.993074457,0.479,-0.021
0925-203,2017,63,141.9659347057,0.108,-20.5808979462,0.207,-0.224
0933+503,2017,3,144.3013639721,0.369,50.1478048806,0.358,0.334
0943+105,2017,14,146.6461248705,0.14,10.2850373187,0.213,0.251
0949+354,2017,6,148.1334424272,0.095,35.2145563937,0.161,0.148
0950+326,2017,3,148.3664857901,0.112,32.4309780083,0.199,-0.406
0951+268,2017,19,148.665818857,0.125,26.656817607,0.189,-0.372
0954+658,2017,14,149.6968545951,0.083,65.565227206,0.098,-0.131
0955+326,2017,8,149.5872902063,0.12,32.4006138115,0.185,-0.413
0955+476,2017,99,149.5819652743,0.051,47.4188451493,0.06,-0.023
0958+346,2017,8,150.2997884992,0.139,34.4140164498,0.229,0.307
0959-443,2017,3,150.4996175356,0.984,-44.6335007092,1.65,-0.819
1002+483,2017,3,151.3166135306,1.26,48.092590416,1.363,0.419
1004-217,2017,4,151.6933903765,0.139,-21.9890028445,0.287,-0.426
1004-500,2017,13,151.5583721366,0.258,-50.3037418079,0.469,0.597
1005+073,2017,4,151.9575656273,0.186,7.1433161359,0.341,-0.054
1005-333,2017,3,151.8807810312,0.124,-33.5518658612,0.319,-0.28
1005-739,2017,4,151.5172720174,0.181,-74.1622466894,0.221,-0.083
1012+232,2017,6,153.6961060601,0.254,23.0212698645,0.365,0.142
1013+054,2017,10,154.0130686194,0.137,5.2173171164,0.307,-0.336
1013+127,2017,14,153.9334308073,0.091,12.4519640054,0.271,-0.384
1015+057,2017,5,154.6160346803,0.407,5.5083227541,1.286,0.134
1015+359,2017,11,154.5457837413,0.136,35.7109558037,0.173,0.038
1020+191,2017,3,155.7298198186,0.179,18.8928507024,0.359,-0.162
1022+194,2017,8,156.1867066455,0.134,19.2056709652,0.148,-0.22
1022-665,2017,5,155.9313881856,0.217,-66.7801993178,0.262,0.402
1027-186,2017,15,157.3879070282,0.206,-18.8806357488,0.374,-0.233
1030+074,2017,7,158.391767889,0.196,7.1905965634,0.289,-0.011
1030+415,2017,47,158.2654494305,0.064,41.268398041,0.063,0.016
1034-293,2017,106,159.3169989458,0.181,-29.5674481441,0.258,-0.18
1034-374,2017,18,159.2226650022,0.163,-37.7375182743,0.445,0.0
1038+52A,2017,7,160.444923669,0.088,52.5578423622,0.113,0.181
1039+811,2017,30,161.0960943037,0.059,80.9109563838,0.058,-0.04
1039-474,2017,5,160.4360412963,0.12,-47.6666851314,0.303,0.286
1040+244,2017,52,160.7876491128,0.059,24.1431693128,0.066,-0.056
1044+719,2017,6,162.115083136,0.067,71.7266495892,0.07,0.035
1045-188,2017,11,162.0275858527,0.139,-19.1599241772,0.336,-0.315
1045-620,2017,7,161.9289679317,0.206,-62.287398295,0.314,0.063
1046-409,2017,5,162.1594631028,0.213,-41.2333652334,0.55,-0.445
1048-526,2017,3,162.6584516958,0.381,-52.8300911287,0.579,0.424
1049+215,2017,7,162.9532878874,0.111,21.3311983123,0.161,-0.198
1050+341,2017,3,163.208584188,1.69,33.9180627107,4.281,-0.311
1053+704,2017,33,164.2234062502,0.046,70.1960876429,0.042,0.057
1053+815,2017,12,164.5480640502,0.117,81.2424097625,0.117,0.01
1055+018,2017,32,164.6233550313,0.062,1.5663399396,0.045,0.018
1057-797,2017,119,164.6804572188,0.102,-80.0650443772,0.093,0.136
1059+282,2017,7,165.5595352464,0.308,27.9524137468,0.248,-0.224
1101+384,2017,23,166.1138080852,0.091,38.2088330617,0.126,-0.12
1101-536,2017,3,165.9675903667,0.277,-53.9501934905,0.742,0.116
1104+728,2017,7,166.9238441499,0.308,72.5433347273,0.285,-0.243
1104-445,2017,61,166.7862255485,0.305,-44.8187828333,0.285,-0.242
1105-680,2017,3,166.8028964995,0.204,-68.3474240488,0.301,-0.224
1109-567,2017,3,168.0302901981,1.318,-57.0610416001,1.406,0.146
1111+149,2017,32,168.4945628579,0.166,14.7074869055,0.255,-0.346
1117-248,2017,3,170.0380144942,2.095,-25.1354899633,2.845,-0.527
1117-270,2017,4,170.0674654598,0.156,-27.3184351103,0.345,0.254
1123+002,2017,5,171.4262080152,0.252,0.0170550479,0.356,0.083
1123+264,2017,32,171.4737996286,0.078,26.1722163135,0.069,-0.007
1124+571,2017,3,171.9172301504,0.166,56.8374431752,0.148,-0.025
1124-186,2017,101,171.7683018865,0.093,-18.9548449669,0.102,-0.101
1125+366,2017,6,171.9952953148,0.39,36.3412087721,0.304,0.098
1126+237,2017,3,172.2153957242,0.419,23.4381511598,0.517,-0.373
1128+385,2017,34,172.7220108863,0.089,38.2551518891,0.097,-0.051
1130+009,2017,5,173.3335657239,0.251,0.6813436939,0.526,-0.37
1133-032,2017,76,174.1024038856,0.095,-3.5081935366,0.176,-0.053
1138+006,2017,4,175.3344548565,0.221,0.3824389672,0.228,-0.148
1140+190,2017,3,175.7751198694,0.422,18.7285763883,0.841,-0.487
1142-225,2017,5,176.3418617937,0.21,-22.8420397325,0.41,0.405
1143-332,2017,8,176.6185490391,0.229,-33.4785090808,0.6,0.169
1143-696,2017,5,176.4734338247,0.184,-69.9004993052,0.299,0.131
1144+402,2017,70,176.7429080379,0.063,39.9761956823,0.062,0.002
1144-379,2017,124,176.7557113079,0.102,-38.2030620863,0.141,0.005
1145+268,2017,25,176.9990162897,0.095,26.5950923716,0.166,-0.235
1145-071,2017,11,176.9648084056,0.211,-7.411428061,0.17,-0.064
1147+245,2017,7,177.5800507911,0.143,24.2982875791,0.133,-0.07
1148-001,2017,4,177.6827950979,0.373,-0.3983901347,0.917,0.437
1148-671,2017,3,177.805943703,0.151,-67.4697484576,0.269,-0.223
1149-084,2017,42,178.0717063274,0.1,-8.6842538943,0.09,-0.022
1156+295,2017,61,179.8826412943,0.05,29.2455074251,0.046,0.018
1156-214,2017,5,179.8393022258,0.138,-21.712475773,0.344,0.325
1200+028,2017,4,180.7303177383,0.276,2.5907339397,0.372,-0.237
1200+068,2017,3,180.7542193331,0.171,6.5782049914,0.314,-0.108
1201-068,2017,3,181.0694362546,0.124,-7.1691681488,0.238,0.093
1202+492,2017,3,181.1507477181,0.475,48.9483211334,0.697,-0.203
1206-238,2017,4,182.2601879399,0.151,-24.1057664003,0.349,0.249
1212+171,2017,4,183.7665798271,0.153,16.910543565,0.274,-0.178
1213-172,2017,56,183.9447990023,0.081,-17.5292786482,0.127,-0.121
1214-609,2017,3,184.2734517536,0.575,-61.2237300269,0.83,-0.678
1215+303,2017,9,184.4670082489,0.159,30.1168432738,0.179,0.255
1219+044,2017,52,185.5939567722,0.133,4.2210489089,0.283,0.008
1221+809,2017,22,185.9187239451,0.075,80.6678723319,0.086,-0.024
1221-829,2017,15,186.2265942,0.145,-83.2194727853,0.141,0.115
1222+216,2017,4,186.226910027,0.075,21.3795523451,0.13,-0.27
1226+373,2017,28,187.1975986784,0.138,37.1033599351,0.161,0.116
1226-028,2017,3,187.1538220922,0.112,-3.0775866211,0.238,-0.223
1236+077,2017,7,189.8524514021,0.092,7.5047747628,0.145,0.005
1240+381,2017,5,190.714037725,0.108,37.8500070955,0.138,0.054
1243-072,2017,60,191.517633805,0.081,-7.5129374011,0.124,0.022
1243-160,2017,35,191.4739261243,0.185,-16.2793625668,0.137,0.064
1244-255,2017,43,191.6950084137,0.156,-25.7970247735,0.309,-0.093
1251-197,2017,9,193.65523183,0.186,-20.0156684929,0.415,-0.029
1251-713,2017,6,193.7496731234,0.167,-71.6384546235,0.218,0.267
1252+119,2017,11,193.65939846,0.093,11.6849708532,0.152,-0.039
1255-177,2017,6,194.6595904376,0.397,-18.0008679193,0.213,0.148
1255-316,2017,86,194.4960868479,0.159,-31.9213476348,0.23,0.313
1256-220,2017,7,194.7269948735,0.114,-22.3253125185,0.218,0.082
1300+580,2017,59,195.7186053796,0.081,57.8104470641,0.092,0.111
1306+360,2017,23,197.0987881006,0.055,35.7769899781,0.084,-0.283
1308+326,2017,4,197.6194327453,0.367,32.3454951539,0.376,-0.043
1308+328,2017,19,197.7475114305,0.128,32.5595692928,0.212,0.021
1308+554,2017,10,197.7633784127,0.167,55.2317561794,0.257,-0.218
1313-333,2017,31,199.0332748184,0.14,-33.6497702719,0.368,-0.194
1318-263,2017,5,200.3084872245,0.182,-26.6029067386,0.411,0.144
1323-165,2017,4,201.5366858486,0.389,-16.8511639492,0.374,-0.339
1323-527,2017,8,201.7051212949,0.134,-52.9398981262,0.252,-0.071
1324+224,2017,74,201.7535888284,0.068,22.1806007677,0.12,-0.081
1325+126,2017,3,201.9778458656,0.104,12.385882829,0.194,-0.296
1325-558,2017,4,202.2547705504,0.296,-56.1340736101,0.27,0.475
1327+504,2017,24,202.2741779911,0.136,50.1573335776,0.152,-0.154
1330+022,2017,6,203.2219605197,0.184,2.0126941953,0.158,-0.07
1330+476,2017,7,203.1885268373,0.168,47.3729632548,0.203,0.166
1331-109,2017,3,203.4593092039,0.115,-11.2143540924,0.199,0.145
1333-152,2017,6,204.1420382242,0.226,-15.4966864395,0.43,-0.186
1333-337,2017,7,204.1626355406,0.246,-33.965853648,0.534,-0.265
1334-127,2017,58,204.4157615526,0.085,-12.9568592717,0.087,-0.007
1336-260,2017,4,204.8328782257,0.134,-26.3418043758,0.305,0.18
1342+662,2017,34,205.9414982161,0.074,66.0404847341,0.075,0.035
1342+663,2017,17,206.0361649067,0.095,66.1032343875,0.093,0.074
1348+308,2017,7,207.7197342857,0.221,30.5815529889,0.176,0.064
1349-439,2017,9,208.2355621813,0.381,-44.2112186885,0.943,0.5
1351-018,2017,75,208.5287305466,0.091,-2.1008862135,0.248,-0.056
1352-104,2017,9,208.6938278686,0.088,-10.6840711268,0.162,-0.096
1354-152,2017,52,209.2968540913,0.116,-15.4579963662,0.216,0.052
1357+769,2017,18,209.4807149246,0.153,76.7225141415,0.155,0.165
1406-076,2017,41,212.2353383541,0.168,-7.8740740292,0.136,0.021
1406-267,2017,30,212.459040704,0.197,-26.9602723961,0.428,0.259
1412-368,2017,5,213.85840143,0.18,-37.0908252199,0.492,-0.148
1413+135,2017,31,213.9950729569,0.072,13.3399202004,0.18,-0.077
1417+385,2017,49,214.9442240524,0.061,38.3634652558,0.112,-0.153
1418+546,2017,67,214.9441559994,0.053,54.3874408244,0.056,-0.103
1420-679,2017,6,216.2314891853,0.151,-68.1328040299,0.251,0.283
1423+146,2017,9,216.4542417264,0.087,14.4158060959,0.174,-0.08
1424+240,2017,4,216.7516323611,0.106,23.8000104504,0.119,0.013
1424-418,2017,146,216.9845731955,0.084,-42.105399343,0.126,0.054
1428+370,2017,4,217.6690987331,0.141,36.8177468591,0.179,-0.073
1430-178,2017,5,218.2403776326,0.447,-18.0264581301,0.67,0.167
1432+200,2017,4,218.6658056543,0.169,19.8668709384,0.314,-0.374
1435-218,2017,4,219.5394558153,0.194,-22.0818745692,0.283,0.445
1437+374,2017,3,219.8357410948,0.137,37.2007878232,0.214,-0.103
1441+252,2017,34,220.9870508752,0.052,25.0290251908,0.091,-0.148
1442+117,2017,3,221.2113990007,0.185,11.5323305457,0.391,-0.274
1442-087,2017,4,221.2429500672,0.211,-8.9951447113,0.288,-0.299
1443-162,2017,15,221.4724012467,0.171,-16.4837831087,0.343,-0.149
1445-161,2017,4,222.0627255085,0.28,-16.3401522774,0.603,0.043
1448+762,2017,4,222.1199132351,0.106,76.0198881374,0.107,-0.113
1448-648,2017,5,223.1653299048,0.474,-65.0342871202,0.499,0.582
1451-375,2017,6,223.6142073224,0.138,-37.792540191,0.379,-0.11
1451-400,2017,15,223.6371350081,0.215,-40.209031836,0.577,-0.063
1456+044,2017,17,224.7473175532,0.186,4.270505688,0.309,-0.377
1459+480,2017,5,225.2027260189,0.117,47.8543160647,0.126,-0.01
1502+036,2017,60,226.2769881713,0.126,3.4418923471,0.106,0.005
1502+106,2017,11,226.1040824146,0.157,10.4942218029,0.128,-0.063
1504+377,2017,41,226.5397082331,0.103,37.514203462,0.108,-0.003
1505-496,2017,4,227.1622697609,0.378,-49.8839753972,0.447,-0.681
1508+572,2017,5,227.512176761,0.171,57.0453822207,0.2,0.087
1508-111,2017,4,227.6851402099,0.38,-11.3610280855,0.686,-0.587
1510-089,2017,23,228.2105538203,0.125,-9.099952617,0.259,0.01
1511-100,2017,18,228.4370560092,0.113,-10.2000735601,0.15,-0.077
1514+004,2017,5,229.1675794229,0.241,0.2505302342,0.24,-0.322
1514+197,2017,50,229.2366507217,0.129,19.5369421549,0.138,-0.148
1519-273,2017,123,230.656983335,0.095,-27.5029959731,0.123,-0.098
1519-294,2017,3,230.6061938121,1.388,-29.6070083612,0.588,0.852
1520+319,2017,31,230.5416322202,0.066,31.7373283171,0.085,-0.148
1520+437,2017,40,230.4567245169,0.063,43.6109078147,0.099,-0.173
1526+670,2017,3,231.6786426275,0.114,66.8485116923,0.121,0.11
1527-196,2017,4,232.6202664874,0.187,-19.8442200467,0.454,-0.173
1534-128,2017,4,234.3231476103,0.178,-12.9952377081,0.286,-0.258
1535+004,2017,3,234.5664712434,0.164,0.3181455253,0.225,0.222
1535+231,2017,3,234.3104202826,0.2,23.0112532127,0.365,0.285
1538+149,2017,38,235.2062146708,0.061,14.7960790393,0.105,-0.18
1540-828,2017,4,237.7464267609,0.212,-82.9685681844,0.4,-0.05
1544-638,2017,3,237.1266504562,0.301,-64.0263338621,0.409,0.555
1546+027,2017,49,237.372653529,0.055,2.6169897772,0.068,-0.048
1548+056,2017,10,237.6469552208,0.195,5.4529021652,0.217,0.089
1548-199,2017,3,237.7355822088,0.202,-20.0709145746,0.476,-0.058
1550-269,2017,4,238.5102907348,0.134,-27.0778426377,0.335,0.054
1554-643,2017,4,239.7095180666,0.241,-64.5415658509,0.641,-0.192
1555+001,2017,38,239.4643082086,0.1,-0.0306704797,0.086,-0.007
1557+032,2017,4,239.8790526181,0.098,3.0800714042,0.198,-0.183
1601+112,2017,6,240.9247136155,0.207,11.096855316,0.176,0.311
1602-115,2017,3,241.3230486342,0.5,-11.6574530865,0.327,-0.4
1604-333,2017,20,241.8948431732,0.219,-33.5191427539,0.592,-0.265
1605-205,2017,3,241.9871953805,0.275,-20.6617697788,0.665,-0.462
1606+106,2017,17,242.1925132812,0.111,10.4854932745,0.125,-0.247
1606-398,2017,3,242.5911628227,0.268,-39.9828694321,0.492,0.08
1608+243,2017,12,242.675111567,0.132,24.2469476219,0.156,0.009
1610-771,2017,8,244.4553188827,0.099,-77.2884632756,0.121,0.064
1611+343,2017,10,243.4211010596,0.196,34.2133079608,0.197,0.106
1611-710,2017,3,244.1276728756,0.188,-71.1420706499,0.27,0.117
1614+051,2017,7,244.1564867683,0.079,4.9924267441,0.16,-0.061
1615+029,2017,9,244.4579504635,0.159,2.7786402466,0.261,0.005
1616+063,2017,13,244.7653653796,0.194,6.2172895974,0.211,-0.228
1616+851,2017,3,241.8473449959,0.125,85.0308338996,0.115,-0.027
1617+229,2017,40,244.8117691989,0.073,22.7966251552,0.109,-0.132
1619-680,2017,7,246.0768208348,0.105,-68.1534713082,0.141,0.14
1622-253,2017,81,246.4453818809,0.125,-25.4606463479,0.14,-0.062
1623+578,2017,23,246.1033649155,0.106,57.6878558291,0.094,-0.022
1624-617,2017,4,247.2278743869,0.165,-61.8767772906,0.228,0.292
1629-228,2017,3,248.1281711282,0.323,-22.9824074452,0.809,-0.773
1636+473,2017,27,249.4380439996,0.118,47.2927308285,0.151,-0.171
1637+574,2017,14,249.5560679284,0.079,57.3399941802,0.099,-0.106
1639+230,2017,69,250.3551148689,0.11,22.9511202317,0.12,-0.111
1639-062,2017,83,250.5090738136,0.087,-6.3565819372,0.074,0.04
1642+670,2017,3,250.5913640869,1.057,66.9304142165,0.457,0.164
1642+690,2017,9,250.5327021184,0.081,68.9443768386,0.081,0.019
1645-329,2017,4,252.1764630691,0.277,-33.0302588374,0.559,0.139
1646-506,2017,4,252.5692794764,0.726,-50.7467252014,0.602,-0.192
1651+391,2017,3,253.2437899066,0.123,39.0471728637,0.206,0.105
1656-075,2017,28,254.68359148,0.091,-7.6549151213,0.175,-0.174
1657-261,2017,99,255.221475279,0.125,-26.1810348982,0.155,-0.227
1657-562,2017,5,255.4369087856,0.106,-56.3655286142,0.268,0.104
1659+399,2017,4,255.3526450457,0.39,39.9103032874,0.462,-0.255
1659-621,2017,5,255.9022551737,0.116,-62.2111135295,0.201,0.106
1705+018,2017,48,256.8933969511,0.084,1.8126942658,0.073,-0.035
1706-174,2017,15,257.3931057132,0.205,-17.4814902194,0.324,-0.237
1710-323,2017,4,258.4616259219,0.264,-32.4367248672,0.674,-0.337
1717+178,2017,9,259.8043686914,0.101,17.7517880569,0.12,0.207
1718-649,2017,5,260.9209549272,0.196,-65.0101695345,0.22,-0.267
1722+330,2017,4,261.059157611,0.163,33.0510940494,0.174,-0.464
1725+123,2017,24,262.0293800511,0.054,12.2609682145,0.119,-0.277
1725-795,2017,6,263.4195843253,0.153,-79.598810107,0.178,0.227
1726+455,2017,45,261.8652116724,0.049,45.5110364031,0.065,0.07
1732+389,2017,29,263.5857438822,0.073,38.9642897635,0.076,-0.074
1736+324,2017,5,264.6687576391,0.161,32.4025070426,0.232,0.203
1738+476,2017,4,264.9880378689,0.135,47.6328781933,0.133,-0.018
1738+499,2017,6,264.8641271986,0.156,49.9176022776,0.224,-0.278
1739+522,2017,7,265.1540744551,0.109,52.1953909811,0.121,-0.126
1741-038,2017,127,265.995233923,0.069,-3.8346157401,0.063,-0.008
1742-078,2017,3,266.3629372911,0.264,-7.8844300734,0.745,0.326
1743+173,2017,16,266.3967007701,0.078,17.3337285965,0.079,-0.075
1745+624,2017,5,266.5584754583,0.139,62.4485383066,0.193,-0.345
1749+096,2017,89,267.8867440741,0.072,9.6502023311,0.062,0.056
1751+288,2017,105,268.4269735051,0.058,28.8013718383,0.059,0.043
1754+155,2017,11,269.2212590074,0.217,15.5891184824,0.369,-0.119
1758+388,2017,9,270.1031889708,0.084,38.8085270608,0.099,0.014
1758-651,2017,58,270.8479027143,0.194,-65.1268781668,0.227,0.206
1759-396,2017,122,270.6778335491,0.224,-39.6688634483,0.265,-0.004
1800+440,2017,6,270.3846450901,0.077,44.0727500811,0.095,0.163
1801+010,2017,3,271.0666020199,0.228,1.0256686677,0.515,-0.353
1803+784,2017,68,270.1903496483,0.046,78.4677828866,0.046,-0.01
1803-642,2017,4,271.9751364003,0.256,-64.2305872253,0.482,0.194
1806+456,2017,50,272.0911912018,0.077,45.7057962245,0.092,0.049
1806-458,2017,6,272.4911322993,0.158,-45.8780594243,0.335,-0.031
1814-637,2017,4,274.8958461172,0.512,-63.7633921533,0.77,-0.603
1815-553,2017,7,274.9391646884,0.596,-55.3557626073,0.49,0.501
1823+568,2017,21,276.0294515538,0.069,56.8504140612,0.074,0.042
1823+689,2017,4,275.8868913135,0.176,68.9646146673,0.273,0.121
1824-582,2017,4,277.3016764472,0.242,-58.2319893714,0.275,0.491
1825-214,2017,3,277.0811957784,0.725,-21.3941026656,1.12,-0.056
1831-711,2017,13,279.3696456844,0.095,-71.1454318706,0.141,0.245
1832+208,2017,3,278.5505971617,0.464,20.861343903,0.671,-0.6
1833+250,2017,3,278.993230207,0.49,25.1126130756,0.611,-0.513
1836+807,2017,3,278.0208676187,0.593,80.8282722252,0.477,0.339
1842+681,2017,7,280.6401736672,0.086,68.1570077187,0.093,-0.059
1846+322,2017,74,282.0920357446,0.078,32.3173899335,0.101,-0.01
1849+670,2017,60,282.3169678356,0.046,67.0949111913,0.051,-0.029
1852-534,2017,4,284.2518843516,1.254,-53.416772131,1.406,-0.064
1908+484,2017,7,287.4440112177,0.25,48.5755055986,0.304,0.227
1908-201,2017,55,287.7902204021,0.098,-20.1153081022,0.24,0.02
1909+161,2017,30,287.9927391692,0.175,16.1963514559,0.223,0.258
1920-211,2017,29,290.8841242454,0.131,-21.075925848,0.209,-0.186
1921-293,2017,110,291.2127331458,0.136,-29.2417002758,0.203,0.366
1923+210,2017,32,291.4983557776,0.306,21.1072672418,0.202,0.238
1925-610,2017,6,292.5256670929,0.17,-60.935884506,0.252,-0.008
1929+226,2017,51,292.8538198546,0.078,22.7253495196,0.1,-0.135
1929-457,2017,4,293.1870318516,0.231,-45.6105358193,0.43,-0.03
1933-400,2017,11,294.3175723156,0.173,-39.9670980728,0.35,0.239
1934-638,2017,3,294.8542613089,0.982,-63.7126736637,1.089,-0.422
1935-692,2017,5,295.1063673953,0.135,-69.1324922523,0.208,0.222
1936+714,2017,3,294.0148367367,0.086,71.5254956841,0.086,0.253
1936-155,2017,57,294.8610739902,0.104,-15.4286274025,0.11,-0.032
1948+505,2017,3,297.431217815,0.101,50.6922147053,0.131,0.01
1953-325,2017,3,299.2477303961,0.149,-32.4294464121,0.385,-0.344
1954+187,2017,3,299.1284012997,2.807,18.9339258651,2.225,-0.077
1954+513,2017,14,298.928076181,0.097,51.5301516826,0.119,-0.1
1954-388,2017,76,299.4992470658,0.227,-38.7517656449,0.328,-0.246
1958-179,2017,52,300.2378768174,0.079,-17.8160201591,0.087,-0.08
2000+148,2017,4,300.6749967947,0.087,15.0207150176,0.139,-0.114
2000+472,2017,66,300.5434094019,0.066,47.4246593606,0.082,-0.008
2002-375,2017,18,301.4794620567,0.157,-37.3948550008,0.415,-0.211
2008-159,2017,78,302.8154622065,0.113,-15.777848328,0.101,0.001
2013+163,2017,49,304.0577501236,0.078,16.5428091217,0.127,-0.147
2019-221,2017,3,305.5062621235,1.519,-22.0284086095,3.194,0.698
2029+024,2017,6,307.9468796768,0.163,2.6603565222,0.238,-0.105
2029+121,2017,10,307.9791427705,0.075,12.3281500173,0.134,-0.15
2032+107,2017,5,308.8430554394,0.099,10.9352188223,0.178,-0.103
2044-168,2017,3,311.8319459294,0.169,-16.6516231138,0.41,-0.327
2052-474,2017,122,314.068165874,0.187,-47.24656327,0.205,0.206
2054-377,2017,3,314.4233477876,0.269,-37.5674973379,0.426,0.131
2058-425,2017,4,315.496307892,0.415,-42.3211573592,1.017,-0.014
2059+034,2017,90,315.4118089564,0.079,3.692033512,0.122,-0.005
2106+143,2017,7,317.170967317,0.094,14.5075035112,0.096,-0.218
2106-413,2017,16,317.3882858859,0.355,-41.1723905499,0.56,0.299
2113+293,2017,88,318.8725560447,0.073,29.5606575023,0.154,0.042
2121+053,2017,7,320.9354892382,0.2,5.5894702731,0.122,0.236
2123-463,2017,5,321.6279344735,0.099,-46.0966367158,0.283,0.252
2126-158,2017,96,322.3007329023,0.093,-15.6447339021,0.162,-0.05
2127-096,2017,7,322.579534423,0.16,-9.4603986766,0.177,0.335
2128-123,2017,5,322.8969239912,0.272,-12.1179988415,0.183,0.484
2128-208,2017,4,322.7561509399,0.56,-20.6155994361,1.045,-0.622
2131-021,2017,22,323.5429565919,0.159,-1.8881218783,0.242,-0.071
2135-184,2017,3,324.6746931947,2.753,-18.1789938499,3.689,0.087
2136+141,2017,13,324.755455337,0.165,14.3933311636,0.129,0.073
2141+175,2017,42,325.8981023525,0.088,17.7302188055,0.083,-0.061
2142-758,2017,15,326.8030447429,0.1,-75.6036735378,0.1,0.061
2143-156,2017,4,326.5957472574,0.356,-15.4288571219,0.169,0.261
2144+092,2017,12,326.792345695,0.193,9.4962978092,0.143,0.054
2145+067,2017,6,327.0227444177,0.174,6.9607234156,0.105,-0.122
2145+082,2017,9,326.9800807407,0.157,8.5033046357,0.315,-0.009
2149+056,2017,18,327.907814534,0.084,5.8702651258,0.181,-0.337
2150+173,2017,8,328.1034140847,0.126,17.5771653079,0.178,-0.115
2151-118,2017,3,328.4593427436,0.239,-11.6039195827,0.147,-0.012
2152-699,2017,4,329.274919542,0.654,-69.6899123651,0.543,0.593
2155+312,2017,15,329.3700995785,0.114,31.450375487,0.11,-0.049
2155-152,2017,14,329.5261744528,0.125,-15.0192579733,0.204,0.12
2155-304,2017,6,329.7169380113,0.368,-30.2255883737,0.312,0.051
2201+315,2017,6,330.8123990977,0.174,31.7606304894,0.205,0.089
2204-540,2017,7,331.932222085,0.156,-53.7760610814,0.286,0.183
2207+356,2017,3,332.4388930516,0.105,35.933647203,0.171,0.15
2208-137,2017,5,332.8504144491,0.344,-13.4693677854,0.312,0.258
2209+236,2017,37,333.0248596816,0.101,23.9279288313,0.112,0.019
2212-299,2017,3,333.8168106641,0.118,-29.7398143817,0.306,0.48
2214+350,2017,62,334.0833746053,0.063,35.3039388585,0.137,-0.018
2215+150,2017,49,334.5454745998,0.057,15.3432548538,0.074,-0.065
2220-351,2017,21,335.7747107085,0.172,-34.9297716943,0.499,0.025
2227-088,2017,70,337.417018061,0.077,-8.5484542791,0.063,-0.012
2227-399,2017,4,337.6678275482,0.223,-39.7144632632,0.57,0.16
2229+695,2017,79,337.6519569332,0.082,69.7744658169,0.077,0.001
2229-172,2017,3,338.094018938,0.108,-16.9838588352,0.282,0.372
2232-488,2017,9,338.8051523721,0.175,-48.5996651519,0.288,0.357
2233-148,2017,4,339.1420297731,0.299,-14.5561638338,0.244,0.02
2234+282,2017,8,339.0936284442,0.119,28.4826147089,0.129,0.419
2236-572,2017,7,339.8003162736,0.149,-57.0168998847,0.226,0.157
2239+096,2017,6,340.4571554876,0.19,9.8979014611,0.126,-0.001
2243-123,2017,6,341.5759665882,0.124,-12.1142437888,0.205,0.625
2244-372,2017,14,341.7663222025,0.16,-36.9628622265,0.427,-0.148
2245-328,2017,16,342.161190593,0.134,-32.597830116,0.334,-0.095
2250+194,2017,23,343.280704857,0.135,19.7096190713,0.277,-0.166
2254+024,2017,4,344.3231795367,0.53,2.7215308956,0.42,-0.096
2254+074,2017,21,344.3220963464,0.121,7.7200840477,0.123,0.091
2255-282,2017,133,344.5248453397,0.143,-27.9725712556,0.216,0.504
2300-683,2017,16,345.9315191903,0.185,-68.1270676175,0.354,-0.17
2307+106,2017,16,347.6188239529,0.136,10.9251935249,0.141,-0.153
2309+454,2017,88,347.9475374119,0.065,45.7322267839,0.088,-0.118
2311-477,2017,3,348.4662499899,0.497,-47.4865921931,1.143,-0.164
2314-340,2017,5,349.1807763994,1.137,-33.8201350423,1.045,0.277
2314-409,2017,6,349.1954997608,0.44,-40.6891906703,0.585,0.392
2318+049,2017,86,350.1869024429,0.069,5.2305424047,0.069,-0.052
2319+317,2017,31,350.478983308,0.197,32.0687841335,0.159,0.02
2319+444,2017,3,350.5848253404,0.169,44.7617648455,0.218,-0.429
2320-078,2017,3,350.7170465736,0.191,-7.6182273255,0.354,0.086
2321-375,2017,3,351.0296324141,0.153,-37.2395719925,0.305,0.32
2322-411,2017,3,351.2640799455,1.973,-40.8583572931,8.639,0.46
2323+790,2017,3,351.2630505457,0.311,79.2876889522,0.622,0.197
2325+093,2017,4,351.8899189636,0.126,9.6692951932,0.117,-0.001
2325+293,2017,3,352.0444210471,1.279,29.6194095914,1.463,-0.459
2326-477,2017,13,352.323768082,0.148,-47.5053096116,0.261,0.449
2329-384,2017,17,352.9978172617,0.166,-38.1965696945,0.259,0.194
2329-415,2017,9,353.0793677296,0.283,-41.3104395029,0.544,0.116
2331-240,2017,4,353.4801576498,0.162,-23.7279606366,0.38,0.064
2333-415,2017,11,354.141604467,0.218,-41.2561066761,0.515,-0.192
2335+148,2017,3,354.5965112651,0.775,15.0792445132,1.899,-0.653
2335-027,2017,30,354.4889128119,0.148,-2.5160081172,0.122,0.069
2340-036,2017,4,355.7358344737,0.222,-3.3739636324,0.277,-0.079
2344-514,2017,5,356.8327670314,0.213,-51.1766847835,0.27,0.212
2351-154,2017,13,358.6258132133,0.115,-15.2197813645,0.229,-0.194
2351-309,2017,4,358.447745208,0.167,-30.6301395433,0.834,0.306
2353+816,2017,6,359.0949745666,0.134,81.8811819804,0.123,-0.105
2353-686,2017,20,359.0028395758,0.183,-68.3342978878,0.213,-0.117
2355-106,2017,97,359.5453433145,0.089,-10.3357253824,0.1,-0.023
2355-534,2017,17,359.4719417684,0.132,-53.1871359631,0.226,0.252
2356+385,2017,43,359.8882532951,0.091,38.845088473,0.139,-0.149
2356-069,2017,4,359.8825671281,0.219,-6.6620397626,0.289,-0.327
2357-318,2017,29,359.8978814723,0.154,-31.5621735763,0.394,-0.277
2358+189,2017,14,0.285923208,0.156,19.2427227051,0.23,-0.263
