iers_name,year,num_ses,ra,ra_err,dec,dec_err,ra_dec_corr
0002+051,2019,3,1.3342312319,0.175,5.4030009513,0.245,-0.088
0002-478,2019,10,1.1485644584,0.244,-47.6054454961,0.436,0.188
0003-066,2019,31,1.5578870164,0.077,-6.3931487032,0.083,0.074
0005+021,2019,3,1.9326676501,0.735,2.4422910447,1.834,0.186
0008-264,2019,31,2.7551946972,0.2,-26.2092713969,0.262,-0.231
0009-148,2019,3,2.9185660312,0.187,-14.5679540023,0.44,-0.332
0010+405,2019,6,3.3797091402,0.169,40.8603178214,0.195,-0.277
0010-401,2019,4,3.2496242737,0.257,-39.9072377142,0.548,0.218
0013-005,2019,11,4.0462023129,0.121,-0.2534570442,0.262,-0.159
0014+813,2019,6,4.2853117999,0.1,81.5855931974,0.109,0.031
0016+731,2019,72,4.9407761681,0.037,73.4583382201,0.035,-0.057
0017+200,2019,53,4.9077270254,0.058,20.3626790649,0.058,0.056
0019+058,2019,29,5.6351717121,0.1,6.1345191528,0.106,-0.016
0020+015,2019,3,5.6592712936,0.14,1.7840073609,0.315,-0.153
0021+040,2019,3,5.909019452,0.993,4.2834544542,2.404,-0.585
0025+197,2019,19,7.124243645,0.166,20.0074288828,0.164,-0.059
0027+056,2019,4,7.441234665,0.116,5.9113089593,0.254,0.148
0033+079,2019,3,9.0671878011,0.232,8.2511199492,0.533,-0.553
0033+098,2019,3,9.0990297859,0.211,10.132907311,0.148,-0.132
0034+078,2019,3,9.384154863,0.116,8.136960353,0.201,-0.364
0035-252,2019,8,9.5613979438,0.127,-24.9839543293,0.34,-0.378
0038-326,2019,9,10.1277285737,0.587,-32.4223135818,1.469,-0.05
0041+047,2019,3,10.9447111469,0.133,5.048899269,0.308,-0.421
0047+023,2019,10,12.4301497215,0.114,2.6177162315,0.261,-0.549
0047-579,2019,5,12.4978040612,0.211,-57.6409276167,0.391,0.133
0048-097,2019,35,12.6721557291,0.105,-9.4847806571,0.103,-0.011
0048-427,2019,20,12.7895909365,0.205,-42.4425815019,0.415,-0.132
0054+161,2019,28,14.2303929895,0.093,16.4203724921,0.116,-0.031
0055-059,2019,10,14.5211096166,0.084,-5.6645217149,0.202,-0.129
0056-001,2019,3,14.772978923,0.135,0.1143391195,0.325,-0.51
0059+581,2019,88,15.6906765527,0.039,58.403093497,0.04,-0.005
0104-275,2019,3,16.6086751853,0.098,-27.3032847964,0.285,-0.118
0104-408,2019,91,16.687949868,0.146,-40.5722112205,0.2,-0.236
0106+013,2019,13,17.1615463299,0.124,1.5834214688,0.103,-0.046
0107+069,2019,3,17.6375795523,0.227,7.2450671611,0.563,-0.233
0109+224,2019,12,18.024269648,0.11,22.7441073191,0.147,0.123
0110+495,2019,5,18.362528253,0.111,49.8066787195,0.126,-0.306
0111+021,2019,15,18.4297706059,0.116,2.3714767248,0.145,0.059
0115+027,2019,4,19.5770073166,0.122,2.9682747242,0.132,-0.018
0115-214,2019,12,19.4532505743,0.166,-21.185175904,0.272,-0.208
0118+111,2019,3,20.3708299069,0.146,11.4501397403,0.256,-0.061
0119+041,2019,25,20.4869237225,0.063,4.3735373057,0.2,-0.01
0119+115,2019,46,20.423312708,0.089,11.8306704671,0.152,0.303
0131-522,2019,66,23.2740103913,0.163,-52.0010959226,0.233,-0.044
0133+476,2019,67,24.2441450624,0.041,47.858083363,0.047,-0.157
0134+311,2019,23,24.286390141,0.11,31.3766266021,0.136,0.172
0137+012,2019,5,24.9887740638,0.285,1.5294829763,0.251,0.011
0138-097,2019,6,25.357634054,0.195,-9.4787984574,0.151,0.364
0149+218,2019,9,28.0752460119,0.129,22.1188055209,0.165,-0.283
0151+474,2019,22,28.7345411684,0.09,47.7240388082,0.118,0.035
0153-410,2019,3,28.9044138414,0.28,-40.8117660612,0.258,0.384
0156+128,2019,3,29.7344741085,0.107,13.1174280745,0.2,0.006
0159+723,2019,7,30.8891039464,0.112,72.5482409516,0.096,0.202
0201+113,2019,10,30.9444043927,0.147,11.5792804934,0.26,-0.266
0202+145,2019,3,31.3046551616,0.12,14.7423294736,0.189,-0.054
0202+149,2019,5,31.2100578972,0.093,15.2364009294,0.12,-0.113
0202+319,2019,87,31.2705222928,0.044,32.2083598803,0.049,0.065
0202-172,2019,13,31.2403096805,0.095,-17.0221779486,0.133,-0.115
0206+136,2019,12,32.3999930223,0.07,13.8668754986,0.132,-0.121
0208+106,2019,3,32.8049058314,0.08,10.8596662743,0.161,-0.284
0208-512,2019,14,32.6925019244,0.14,-51.0171922501,0.161,0.111
0211+171,2019,3,33.6871369006,0.38,17.380419847,0.484,0.259
0212+735,2019,10,34.3783891477,0.044,73.8257282023,0.039,-0.118
0215+015,2019,22,34.4539781183,0.082,1.7471386106,0.093,-0.021
0221+067,2019,19,36.1184507766,0.114,6.9898171227,0.148,-0.136
0227-369,2019,12,37.3685377643,0.148,-36.7324507608,0.373,-0.07
0227-542,2019,7,37.3032721433,0.204,-54.056676272,0.534,-0.15
0229+131,2019,44,37.9412253402,0.063,13.3818656628,0.091,0.187
0229-479,2019,3,37.7991834372,0.105,-47.769884207,0.261,-0.227
0234+285,2019,15,39.4683569238,0.059,28.8024973005,0.062,-0.009
0234-301,2019,3,39.1298725314,0.198,-29.8987610248,0.541,-0.56
0235+164,2019,17,39.6622087302,0.126,16.6164651355,0.22,-0.254
0237-027,2019,37,39.9394678089,0.098,-2.5780318228,0.157,-0.038
0239+175,2019,10,40.6011177413,0.093,17.7163470696,0.17,-0.215
0240+110,2019,3,40.8235811754,0.158,11.2615851681,0.318,-0.464
0241+622,2019,6,41.2404025851,0.85,62.4684766069,0.776,-0.068
0242+131,2019,4,41.1903888744,0.128,13.3353393398,0.163,0.063
0244-470,2019,3,41.5004915134,0.107,-46.8547868854,0.254,0.212
0250+178,2019,3,43.3953425803,0.179,18.095145612,0.319,-0.08
0252-549,2019,8,43.3715850053,0.151,-54.6976210978,0.24,0.159
0253+133,2019,3,44.1457693788,0.109,13.5764847384,0.218,-0.324
0254+185,2019,3,44.4401185966,0.109,18.7848224963,0.199,0.048
0256-005,2019,28,44.8688173359,0.142,-0.3333264965,0.192,-0.153
0300+470,2019,17,45.896842503,0.053,47.2711876594,0.062,-0.111
0302+625,2019,7,46.6777480777,0.139,62.717228935,0.191,-0.055
0302-623,2019,5,45.9609636594,0.164,-62.1904305538,0.181,-0.008
0304+124,2019,3,46.7522190193,0.414,12.6905344374,0.759,-0.114
0306+102,2019,3,47.2650978748,0.092,10.487872508,0.107,-0.192
0307+380,2019,23,47.7078330257,0.099,38.2482882978,0.112,0.062
0308-611,2019,106,47.4837463891,0.139,-60.9775156417,0.188,0.117
0309+411,2019,3,48.2581754974,0.065,41.333662077,0.046,-0.273
0312+100,2019,12,48.8380826622,0.214,10.2119678358,0.204,-0.224
0312-770,2019,3,47.9802084916,0.191,-76.8641244366,0.214,0.145
0317+188,2019,3,49.9635695473,0.129,19.0253587422,0.237,-0.151
0322+222,2019,72,51.403393164,0.081,22.4001015671,0.092,0.003
0332+078,2019,14,53.7221528473,0.098,8.0040053117,0.133,-0.158
0332-403,2019,23,53.5568935794,0.173,-40.1403883253,0.278,-0.027
0334-131,2019,5,54.1459825612,0.207,-13.0346276583,0.485,-0.169
0338-214,2019,8,55.1483660149,0.167,-21.325325638,0.234,0.56
0340+362,2019,10,55.8706350226,0.097,36.3701193596,0.11,0.053
0342+147,2019,4,56.2767354969,0.154,14.897099514,0.176,0.06
0345+460,2019,8,57.328089818,0.101,46.1665716874,0.104,-0.042
0346+800,2019,6,58.6921909164,0.428,80.1580133394,0.393,-0.302
0346-279,2019,19,57.1589357058,0.151,-27.820434967,0.205,0.228
0347-211,2019,16,57.4909444644,0.22,-21.0465948931,0.163,0.232
0354-405,2019,3,59.0872823654,0.267,-40.3581080765,0.155,0.482
0355-669,2019,3,58.9495144927,0.501,-66.7593933524,0.93,-0.009
0358+210,2019,8,60.4381920054,0.105,21.1746074228,0.178,-0.059
0400-319,2019,14,60.5886083423,0.269,-31.7905404056,0.336,0.009
0402-362,2019,31,60.9739578956,0.14,-36.0838648168,0.117,0.137
0403-132,2019,28,61.391680795,0.086,-13.1371363479,0.155,-0.093
0405-385,2019,21,61.7459806175,0.13,-38.4411227804,0.131,-0.001
0410+110,2019,6,63.4180875265,0.258,11.2041072492,0.201,-0.326
0414-189,2019,12,64.1522685586,0.281,-18.852316678,0.252,0.378
0415+211,2019,3,64.6678514095,0.315,21.275320086,0.74,-0.658
0415+398,2019,19,64.8439562541,0.12,39.9247160569,0.138,-0.133
0420+022,2019,35,65.7175610919,0.078,2.3241474643,0.071,0.013
0420-014,2019,23,65.8158363556,0.1,-1.3425181903,0.112,-0.042
0422+004,2019,5,66.1951752572,0.081,0.6017582224,0.188,-0.153
0422+224,2019,3,66.4247739614,0.248,22.5853469939,0.493,-0.086
0422-380,2019,9,66.1760154978,0.282,-37.9391067309,0.622,0.468
0422-389,2019,3,66.1404841835,0.262,-38.8115675119,0.16,0.406
0423+233,2019,5,66.7322283717,0.076,23.4610092536,0.125,-0.225
0425+174,2019,3,67.1484736841,0.112,17.5398854249,0.227,-0.218
0426+181,2019,4,67.3714735642,0.136,18.264493995,0.264,-0.108
0429+174,2019,4,67.9890801426,0.138,17.5266042401,0.283,-0.328
0430+289,2019,20,68.407624427,0.192,29.09874363,0.368,-0.123
0433-422,2019,3,68.6888072499,0.322,-42.1855392926,0.182,0.607
0434-188,2019,8,69.2561778844,1.152,-18.7468372261,2.672,-0.526
0437-454,2019,10,69.7535611476,0.236,-45.372934194,0.396,-0.08
0438-436,2019,5,70.0715831928,0.288,-43.5523898888,0.597,-0.23
0439+186,2019,3,70.7131720525,0.136,18.7274837094,0.303,-0.354
0440+209,2019,3,70.906503284,0.113,21.0857411835,0.235,-0.285
0442+389,2019,9,71.5478917615,0.127,39.0047499146,0.201,0.049
0446+112,2019,39,72.2819629254,0.078,11.3579434746,0.085,-0.043
0448-392,2019,3,72.4260610612,0.19,-39.1859639683,0.124,0.164
0451-282,2019,6,73.311028314,0.158,-28.1270350846,0.183,-0.168
0454+844,2019,15,77.1765145785,0.062,84.534595661,0.071,0.139
0454-234,2019,89,74.2632467649,0.073,-23.4144500828,0.07,-0.025
0454-463,2019,13,73.9615523248,0.168,-46.2662999374,0.18,-0.075
0454-810,2019,11,72.5226670511,0.112,-81.0172865175,0.139,0.03
0458-020,2019,81,75.3033745337,0.057,-1.9872934626,0.056,-0.005
0506+056,2019,3,77.3581852603,0.233,5.6931481718,0.204,0.096
0506+101,2019,14,77.3644044813,0.172,10.1957223535,0.127,-0.11
0506-612,2019,3,76.6832865412,0.212,-61.1613872571,0.236,-0.089
0507+179,2019,7,77.5098713306,0.087,18.0115504647,0.134,0.048
0515+208,2019,8,79.5159354578,0.152,20.9145826689,0.237,-0.23
0516-621,2019,5,79.1871922697,0.185,-62.1181636779,0.208,0.106
0521-365,2019,10,80.7416026515,0.278,-36.4585697722,0.207,-0.018
0522-611,2019,7,80.643439458,0.392,-61.132537127,0.547,0.46
0524+034,2019,8,81.8862726559,0.069,3.5254212288,0.146,-0.298
0524-485,2019,5,81.5694638256,0.172,-48.510219972,0.306,0.152
0528-250,2019,6,82.5331782721,0.193,-25.0583052617,0.215,0.072
0529+483,2019,51,83.3161073698,0.05,48.3813356567,0.052,-0.003
0530-727,2019,78,82.3751757449,0.192,-72.7579187741,0.199,-0.027
0534-340,2019,14,84.1184681779,0.124,-34.019852359,0.349,-0.189
0534-611,2019,4,83.6490522286,0.398,-61.1019648324,0.543,-0.56
0536+145,2019,19,84.9265249963,0.243,14.5626560044,0.166,0.238
0537-286,2019,36,84.9761728087,0.132,-28.6655410523,0.184,-0.157
0537-441,2019,77,84.7098398134,0.172,-44.0858163899,0.265,0.14
0539-057,2019,4,85.4086807787,0.166,-5.6970636423,0.379,-0.575
0544+273,2019,37,86.8922871784,0.086,27.3657896065,0.123,-0.022
0548+084,2019,3,87.7967888,0.157,8.4864504217,0.311,-0.667
0548+378,2019,5,88.0747371678,0.058,37.9070229396,0.061,-0.283
0549+201,2019,3,88.0291722995,0.108,20.1221633445,0.202,-0.18
0549-575,2019,5,87.539917505,0.195,-57.5401101595,0.253,-0.005
0552+398,2019,54,88.8783567236,0.034,39.813657015,0.04,-0.038
0553+261,2019,3,89.0952014355,0.189,26.1744754038,0.28,0.017
0556+238,2019,27,89.8834713851,0.079,23.8983129397,0.135,-0.252
0558+234,2019,4,90.447320953,0.112,23.414856957,0.216,0.141
0601+242,2019,3,91.1666703752,0.164,24.2538600722,0.384,-0.298
0601-172,2019,3,90.9905518743,0.08,-17.2745050831,0.194,-0.363
0602+673,2019,38,91.9694651066,0.052,67.3487250714,0.058,-0.147
0605-085,2019,21,91.9987468288,0.12,-8.5805494932,0.103,-0.183
0606-223,2019,29,92.24869517,0.158,-22.3391546046,0.141,0.064
0607-157,2019,11,92.420623053,0.163,-15.7112979404,0.117,-0.022
0613+570,2019,56,94.3205107005,0.052,57.0212287229,0.052,-0.051
0615+820,2019,6,96.512526284,0.13,82.0404355271,0.15,-0.118
0622-645,2019,5,95.7820674539,0.213,-64.6057560619,0.329,0.252
0627-199,2019,21,97.3490077696,0.096,-19.9888121624,0.195,-0.131
0632-235,2019,15,98.745837469,0.163,-23.586654817,0.163,0.117
0636+680,2019,4,100.5177391214,0.072,67.9765614249,0.068,-0.075
0637-752,2019,9,98.9437833213,0.134,-75.2713376565,0.156,0.084
0638-411,2019,3,99.9399558848,0.279,-41.2255964963,0.176,0.258
0641+392,2019,32,101.2237900399,0.229,39.2465372094,0.3,0.323
0642+449,2019,39,101.633441565,0.054,44.85460835,0.048,0.05
0642-349,2019,6,101.1053374834,0.248,-34.9949858449,0.662,-0.27
0646-306,2019,44,102.0587352317,0.124,-30.7387943772,0.184,-0.208
0647-410,2019,3,102.3087949931,0.656,-41.1480635123,3.019,-0.457
0648-165,2019,49,102.602424405,0.094,-16.6277015305,0.089,-0.035
0656+082,2019,46,104.8249834572,0.081,8.2252650124,0.192,-0.238
0657+172,2019,14,105.006356491,0.126,17.1560281632,0.178,-0.247
0700-197,2019,21,105.6787527769,0.116,-19.8561209495,0.122,-0.155
0707+476,2019,3,107.6921037143,0.313,47.536428493,0.285,-0.067
0709-387,2019,3,107.6818182494,0.251,-38.8436213063,0.182,0.502
0714+457,2019,3,109.4660517229,0.061,45.634239195,0.074,-0.369
0716+714,2019,66,110.4727019712,0.034,71.3434342774,0.04,-0.016
0722+145,2019,7,111.3200323459,0.169,14.4204852555,0.152,-0.203
0723+219,2019,14,111.5594197779,0.099,21.8889205485,0.153,-0.026
0723-008,2019,13,111.4609995837,0.058,-0.9157065562,0.057,-0.156
0727-115,2019,95,112.5796353106,0.068,-11.6868335138,0.054,0.039
0729+259,2019,5,113.2344803195,0.303,25.8107765282,0.292,0.09
0732+207,2019,4,113.9697621033,0.145,20.6107935935,0.28,-0.292
0733+261,2019,3,114.2419734729,0.178,26.0805406335,0.32,-0.255
0736+017,2019,33,114.8251412476,0.078,1.6179494376,0.114,0.089
0738+313,2019,7,115.2945971438,0.105,31.2000642077,0.132,0.057
0738+491,2019,17,115.5114539546,0.037,49.004335809,0.05,-0.139
0741-379,2019,3,115.9367524466,0.287,-38.0656669883,0.323,0.014
0741-444,2019,3,115.8864940811,1.221,-44.5680881399,6.404,-0.254
0743+259,2019,19,116.6078090802,0.133,25.8172596808,0.223,-0.214
0743+277,2019,37,116.6684679833,0.076,27.5830686047,0.1,-0.185
0743-006,2019,7,116.4753429999,0.169,-0.738205475,0.179,0.21
0745+241,2019,7,117.1504553278,0.075,24.0066972469,0.112,0.146
0747+185,2019,4,117.5013748113,0.154,18.3865020649,0.135,0.005
0748+126,2019,55,117.7168572492,0.058,12.5180078444,0.051,0.181
0749+540,2019,29,118.2557690576,0.113,53.883232564,0.131,0.263
0759+183,2019,13,120.7001332074,0.178,18.1636804733,0.253,-0.131
0800+618,2019,45,121.3257481744,0.086,61.7399167875,0.094,-0.052
0802-010,2019,3,121.3037019928,0.11,-1.1871654,0.192,0.3
0804+499,2019,27,122.1652762759,0.069,49.8434807025,0.073,-0.285
0804-267,2019,8,121.5530108935,0.225,-26.8759191198,0.582,-0.184
0805+046,2019,3,121.9897434552,0.124,4.5429256147,0.219,-0.325
0805+410,2019,28,122.2360502397,0.055,40.8791358463,0.06,0.029
0805-077,2019,4,122.0647335596,0.215,-7.8527461962,0.177,-0.205
0808+019,2019,44,122.8612805097,0.115,1.7811722965,0.112,-0.009
0812+367,2019,5,123.8581036165,0.107,36.587541314,0.11,0.022
0814+425,2019,33,124.5666650429,0.044,42.3792818752,0.05,0.027
0818-128,2019,4,125.2393650239,0.09,-12.9831025502,0.2,0.017
0821+394,2019,29,126.2311827508,0.104,39.2783066872,0.095,-0.029
0823+033,2019,32,126.4597431326,0.097,3.1568110993,0.143,0.204
0823-223,2019,6,126.5065539318,0.263,-22.5075563078,0.684,-0.986
0824+131,2019,4,126.7269811046,0.243,12.9505820515,0.597,-0.671
0826-373,2019,14,127.0199176174,0.187,-37.518411626,0.475,-0.176
0827+243,2019,13,127.7170258438,0.058,24.1832833843,0.067,-0.13
0829+089,2019,8,127.9795479388,0.306,8.7954588201,0.631,-0.245
0834+250,2019,14,129.4176904032,0.124,24.9064226633,0.184,-0.205
0834-201,2019,52,129.1633969216,0.209,-20.2831956389,0.235,0.16
0838+133,2019,3,130.1982851361,0.115,13.206545448,0.172,-0.08
0844-652,2019,7,131.2972291086,0.258,-65.4564340153,0.388,-0.475
0847-120,2019,16,132.5401484831,0.074,-12.2264934075,0.11,-0.005
0854-108,2019,12,134.1741839982,0.103,-11.0873417446,0.169,-0.109
0855+133,2019,3,134.4623612524,0.418,13.1168896278,0.703,0.083
0855+143,2019,3,134.6726959524,0.119,14.1624339076,0.25,-0.198
0903+031,2019,3,136.4683533072,0.476,2.9920878005,1.135,0.033
0903-573,2019,4,136.2215797955,0.173,-57.5849395661,0.22,0.352
0906+015,2019,9,137.2920483875,0.135,1.3598939348,0.107,0.103
0912+029,2019,34,138.6579726576,0.09,2.7664572268,0.228,0.255
0912+297,2019,3,138.9683402161,0.511,29.5566785915,0.917,0.003
0917+624,2019,3,140.4009628457,0.039,62.2644946868,0.061,-0.207
0918-534,2019,3,139.9334978575,0.935,-53.6684574722,0.625,0.486
0919-260,2019,4,140.3723078152,0.157,-26.3120517723,0.21,0.167
0920+390,2019,19,140.8102205793,0.134,38.8277527857,0.158,-0.14
0920-397,2019,44,140.6934094744,0.179,-39.9930744982,0.367,-0.203
0925-203,2019,14,141.9659346793,0.126,-20.5808979629,0.216,0.048
0930-080,2019,6,143.3212307976,0.187,-8.3196807286,0.294,-0.163
0936-853,2019,3,142.6357021613,0.363,-85.5665819804,0.375,0.181
0943+105,2019,21,146.6461248319,0.108,10.2850373254,0.223,-0.326
0946+181,2019,3,147.4156779304,0.179,17.8803914529,0.216,0.081
0951+268,2019,6,148.6658188393,0.089,26.656817573,0.121,0.111
0954+658,2019,14,149.6968546628,0.104,65.5652272169,0.119,-0.013
0955+326,2019,4,149.5872901909,0.062,32.4006137598,0.077,-0.141
0955+476,2019,85,149.5819652197,0.046,47.4188451435,0.051,0.004
0956-409,2019,3,149.6595664253,0.341,-41.1758820332,0.237,0.302
0958+346,2019,5,150.29978846,0.173,34.4140164636,0.146,-0.072
0959+105,2019,3,150.4905624598,0.173,10.263807034,0.416,-0.136
1004-217,2019,9,151.6933902861,0.106,-21.9890027601,0.267,-0.149
1004-500,2019,8,151.5583722333,0.202,-50.3037418948,0.326,0.245
1005+073,2019,4,151.9575656205,0.146,7.1433161639,0.131,-0.01
1012+091,2019,3,153.7037939762,0.31,8.8828287578,0.492,-0.217
1012+232,2019,3,153.6961061353,0.09,23.0212697149,0.154,-0.402
1013+054,2019,4,154.0130686823,0.067,5.2173170491,0.104,-0.07
1013+127,2019,10,153.9334308211,0.093,12.4519639915,0.134,-0.039
1015+057,2019,12,154.6160345316,0.165,5.5083228709,0.353,-0.37
1015+359,2019,7,154.5457837855,0.056,35.7109557918,0.067,0.104
1016-311,2019,7,154.6198062153,0.477,-31.3982914067,1.114,-0.295
1021-006,2019,4,156.1232780335,0.09,-0.8820823684,0.175,0.071
1022+194,2019,6,156.186706679,0.155,19.2056709763,0.214,0.074
1024+091,2019,4,156.6825341589,0.209,8.8765146878,0.472,-0.074
1027-186,2019,7,157.3879070553,0.149,-18.8806359903,0.392,-0.406
1030+415,2019,31,158.2654493089,0.056,41.2683980789,0.063,-0.036
1034-293,2019,64,159.3169988923,0.18,-29.567448191,0.264,-0.386
1034-374,2019,11,159.2226650394,0.241,-37.7375182901,0.53,-0.032
1036+054,2019,3,159.6949161605,0.093,5.2080795053,0.197,0.193
1036-529,2019,4,159.6694047916,0.179,-53.1953529736,0.245,0.438
1038+52A,2019,7,160.4449236899,0.153,52.5578424071,0.174,0.105
1039+811,2019,13,161.0960939618,0.056,80.9109563816,0.059,-0.001
1039-474,2019,4,160.4360411029,0.18,-47.6666849904,0.27,0.296
1040+080,2019,3,160.7399496898,0.149,7.8140399846,0.296,0.036
1040+244,2019,32,160.7876491199,0.043,24.1431692554,0.064,0.008
1041-452,2019,3,160.9642596469,0.365,-45.5026559533,0.991,0.299
1042+071,2019,7,161.2329635616,0.155,6.9272951038,0.346,-0.477
1044+719,2019,6,162.1150833019,0.076,71.7266495156,0.105,-0.328
1045-188,2019,3,162.0275859076,0.223,-19.1599242312,0.403,0.251
1045-620,2019,4,161.9289677956,0.194,-62.287398393,0.213,0.123
1053+704,2019,92,164.2234062571,0.058,70.1960876734,0.062,0.013
1053+815,2019,15,164.5480641489,0.038,81.2424097176,0.044,0.075
1055+018,2019,19,164.6233550184,0.045,1.56633993,0.033,-0.066
1057-797,2019,107,164.6804571806,0.111,-80.0650443968,0.103,0.013
1059+282,2019,32,165.5595352793,0.105,27.9524137363,0.091,0.025
1100+122,2019,11,165.7647076526,0.07,11.9712845995,0.134,-0.17
1101+384,2019,11,166.1138081137,0.081,38.2088330374,0.099,-0.199
1103+023,2019,3,166.4124699831,0.165,2.0492982034,0.107,0.123
1104+728,2019,6,166.9238440444,0.146,72.5433347004,0.139,-0.292
1104-445,2019,50,166.7862256534,0.41,-44.8187829331,0.349,-0.433
1109+027,2019,3,167.9652961032,0.47,2.4804137975,0.97,-0.236
1109+076,2019,3,168.0398272138,0.133,7.41364373,0.302,-0.257
1111+149,2019,14,168.4945628673,0.083,14.7074868978,0.151,-0.451
1113+087,2019,3,169.0415557787,0.111,8.4894533669,0.186,0.167
1116-462,2019,10,169.612323387,0.197,-46.5708339261,0.278,-0.015
1117+044,2019,3,169.9284343389,0.133,4.1744244043,0.271,0.116
1123+002,2019,4,171.4262081376,0.15,0.0170549794,0.133,-0.042
1123+264,2019,15,171.4737996623,0.068,26.1722162792,0.072,-0.063
1124-186,2019,82,171.7683019037,0.102,-18.9548449494,0.113,-0.182
1125+366,2019,7,171.9952951673,0.137,36.3412087493,0.141,-0.052
1127+025,2019,3,172.4234441753,0.276,2.3093846237,0.212,-0.345
1127-023,2019,3,172.4704963254,0.224,-2.6688259195,0.147,0.121
1128+385,2019,23,172.7220110165,0.049,38.2551519061,0.065,-0.021
1130+005,2019,4,173.2626251193,0.187,0.263605381,0.419,-0.213
1130+009,2019,13,173.3335658064,0.14,0.681343586,0.33,-0.402
1133-032,2019,28,174.1024039172,0.07,-3.5081935361,0.148,-0.142
1136+014,2019,3,174.7719324482,0.61,1.1731028068,1.607,-0.181
1136+047,2019,3,174.711829804,0.161,4.4776478667,0.137,0.105
1138+020,2019,3,175.2870882962,0.143,1.788882124,0.16,0.092
1143-245,2019,5,176.5337638012,0.19,-24.7924713607,0.523,-0.598
1143-332,2019,6,176.6185489835,0.293,-33.4785090333,0.635,-0.393
1144+402,2019,74,176.7429080336,0.051,39.9761956805,0.056,0.005
1144-379,2019,75,176.75571129,0.143,-38.203062105,0.162,-0.282
1145+268,2019,11,176.9990162607,0.07,26.5950923276,0.104,-0.098
1145-071,2019,18,176.9648084427,0.201,-7.4114281103,0.15,-0.152
1145-676,2019,6,176.8891645179,0.209,-67.8949360666,0.234,0.32
1147+245,2019,4,177.5800507832,0.106,24.2982875458,0.095,0.268
1149-084,2019,41,178.0717063006,0.097,-8.6842538788,0.081,-0.036
1150+497,2019,8,178.3519444642,0.129,49.5191195,0.169,0.034
1156+295,2019,34,179.8826413362,0.063,29.2455074163,0.07,-0.012
1156-663,2019,5,179.8262727077,0.958,-66.5942854183,1.83,-0.023
1205-043,2019,3,182.0099248727,0.215,-4.5925065645,0.514,-0.488
1212+171,2019,9,183.7665797984,0.08,16.9105435997,0.114,0.049
1213-172,2019,26,183.9447990617,0.099,-17.5292786538,0.122,-0.101
1215+303,2019,6,184.4670082379,0.12,30.1168433195,0.108,-0.008
1215-457,2019,3,184.5260439229,2.638,-46.0080528972,1.782,0.321
1217+023,2019,4,185.049519097,0.146,2.0617290324,0.276,0.145
1217-088,2019,3,185.0402048833,0.274,-9.1598243133,0.398,0.156
1219+044,2019,27,185.5939567868,0.127,4.2210489129,0.233,0.313
1219-036,2019,3,185.4545510186,0.171,-3.9690992333,0.444,-0.596
1221+809,2019,9,185.9187238079,0.107,80.667872306,0.118,0.034
1226+373,2019,12,187.1975986813,0.191,37.1033599514,0.279,0.14
1227+255,2019,5,187.5587056175,0.156,25.3019822495,0.187,-0.076
1228-008,2019,3,187.7304010358,0.414,-1.1472363841,1.124,-0.555
1236+077,2019,9,189.8524513788,0.117,7.5047747313,0.195,-0.156
1236-066,2019,3,189.6603596961,0.196,-6.9367148089,0.477,-0.387
1238-110,2019,3,190.1555919651,0.168,-11.356890911,0.154,0.276
1243-072,2019,56,191.5176338157,0.095,-7.5129373917,0.109,0.012
1243-160,2019,34,191.473926111,0.094,-16.2793625974,0.1,0.034
1244-255,2019,39,191.6950084776,0.11,-25.7970247369,0.111,-0.194
1248-017,2019,3,192.8265951982,0.114,-2.0354087796,0.294,-0.383
1249-673,2019,6,193.1800502697,0.113,-67.6274296228,0.144,0.21
1251-197,2019,6,193.6552316481,0.383,-20.0156685391,0.283,0.411
1251-713,2019,5,193.7496726568,0.187,-71.6384546564,0.196,-0.004
1252+119,2019,7,193.6593984341,0.16,11.6849708183,0.125,0.224
1255-177,2019,3,194.6595904945,0.173,-18.000867953,0.157,0.443
1255-316,2019,73,194.4960868082,0.152,-31.921347623,0.212,0.278
1256-220,2019,3,194.7269949024,0.252,-22.3253125392,0.176,0.207
1300+580,2019,42,195.7186052847,0.072,57.8104470928,0.076,0.118
1305-104,2019,3,197.0516324369,0.224,-10.7213060039,0.388,0.158
1306+360,2019,9,197.0987881065,0.05,35.7769899747,0.069,-0.234
1306-395,2019,6,197.4520346635,0.369,-39.809190801,1.269,-0.309
1308+326,2019,4,197.6194327451,0.241,32.3454952023,0.274,-0.165
1308+328,2019,14,197.7475114106,0.064,32.5595693202,0.08,-0.13
1308+554,2019,3,197.7633783742,0.074,55.2317562757,0.089,0.029
1312-533,2019,3,198.7674214764,0.22,-53.5766317938,0.292,0.563
1313-333,2019,15,199.033274697,0.232,-33.6497701574,0.499,-0.165
1318-263,2019,3,200.3084871241,0.234,-26.6029067285,0.634,-0.779
1322-110,2019,3,201.3050815896,0.138,-11.2941893262,0.237,-0.216
1323-527,2019,5,201.7051211801,0.235,-52.9398981468,0.551,-0.164
1324+224,2019,60,201.7535888222,0.085,22.1806007686,0.102,-0.032
1324-168,2019,3,201.7122043825,0.159,-17.1429002693,0.124,0.359
1325+126,2019,3,201.9778458181,0.134,12.3858828108,0.333,-0.344
1325-133,2019,3,201.9250988437,0.154,-13.6000447379,0.193,-0.285
1325-558,2019,3,202.254770489,0.214,-56.1340737227,0.222,0.299
1327+504,2019,18,202.2741780193,0.053,50.1573335366,0.064,-0.061
1329-126,2019,3,203.1635474743,0.124,-12.937595424,0.287,-0.26
1330+022,2019,8,203.2219605754,0.133,2.0126941604,0.242,-0.054
1330+476,2019,11,203.1885268561,0.119,47.3729632268,0.137,-0.087
1331-109,2019,3,203.4593091599,0.148,-11.2143541457,0.2,-0.165
1331-115,2019,3,203.5174615523,0.156,-11.8372976712,0.19,-0.124
1333-049,2019,3,203.985319853,0.134,-5.194905639,0.31,-0.263
1333-170,2019,4,204.1485195753,0.17,-17.2908614479,0.109,-0.127
1333-337,2019,3,204.1626357715,1.089,-33.9658536699,0.723,-0.902
1334-127,2019,61,204.415761579,0.074,-12.9568592601,0.07,-0.15
1334-179,2019,3,204.4064764668,0.698,-18.1947063746,1.23,0.313
1334-649,2019,3,204.4685209711,0.65,-65.1569166717,1.111,-0.216
1342+662,2019,17,205.9414982252,0.082,66.0404847229,0.078,0.212
1342+663,2019,3,206.036165142,0.145,66.1032343618,0.138,0.618
1346-109,2019,3,207.2633043305,0.132,-11.1668941989,0.34,-0.241
1346-113,2019,4,207.3810135543,0.128,-11.548286215,0.244,0.028
1348+308,2019,8,207.7197342454,0.261,30.581553026,0.244,0.037
1349-145,2019,3,207.9693734531,0.102,-14.8207107282,0.134,-0.216
1349-439,2019,4,208.2355624126,0.596,-44.2112189825,0.427,-0.046
1351-018,2019,53,208.5287304888,0.152,-2.1008860967,0.314,0.237
1352-104,2019,5,208.69382781,0.213,-10.684071176,0.171,0.032
1353-095,2019,3,208.9495623714,0.468,-9.7986664673,0.856,0.13
1353-171,2019,3,209.0289708935,0.206,-17.4088382594,0.123,0.331
1354-107,2019,3,209.1951325582,0.199,-11.0247852618,0.199,-0.008
1354-152,2019,16,209.2968540943,0.088,-15.4579963907,0.141,-0.01
1357+769,2019,10,209.4807148789,0.118,76.7225141697,0.1,-0.04
1402-144,2019,3,211.3869472705,0.112,-14.6717490669,0.288,-0.303
1404-342,2019,3,211.9788209044,0.253,-34.5245179175,0.866,-0.13
1406-076,2019,43,212.2353383474,0.11,-7.8740740406,0.098,0.008
1406-267,2019,9,212.4590407882,0.265,-26.9602723431,0.511,0.396
1409-162,2019,3,213.0865344047,0.145,-16.5246885589,0.193,0.061
1412-368,2019,12,213.8584014915,0.381,-37.0908252217,1.019,-0.43
1413+135,2019,19,213.9950729351,0.077,13.3399202449,0.09,0.226
1413-168,2019,3,214.1432072018,0.114,-17.0960368429,0.146,-0.117
1416-156,2019,3,214.7497973497,0.14,-15.9270343836,0.359,-0.451
1416-516,2019,4,214.8968551274,0.233,-51.9162698794,0.542,-0.288
1417+385,2019,47,214.9442240321,0.062,38.3634652646,0.078,-0.014
1418+546,2019,49,214.9441559671,0.068,54.3874407996,0.068,-0.152
1420-679,2019,10,216.2314891131,0.167,-68.1328040368,0.176,0.122
1423+146,2019,7,216.4542417523,0.148,14.4158061103,0.293,-0.142
1424+240,2019,12,216.7516324537,0.176,23.8000104509,0.182,0.163
1424-418,2019,126,216.9845731819,0.118,-42.1053993591,0.144,-0.191
1428+370,2019,6,217.6690986752,0.146,36.8177468488,0.195,-0.288
1435-218,2019,9,219.539455848,0.134,-22.0818745579,0.148,-0.053
1441+252,2019,5,220.9870508739,0.068,25.0290251771,0.1,-0.301
1443-162,2019,8,221.472401231,0.151,-16.4837831403,0.384,-0.372
1446-214,2019,3,222.4165589437,0.153,-21.6568709133,0.168,0.353
1448+762,2019,8,222.1199132359,0.149,76.0198881587,0.146,0.179
1450-131,2019,4,223.2423158319,0.125,-13.323038801,0.12,-0.124
1451-375,2019,10,223.6142073125,0.141,-37.7925402516,0.488,-0.107
1451-400,2019,9,223.6371349039,0.268,-40.2090317085,0.774,-0.038
1452-168,2019,3,223.7617110969,0.247,-17.0038760653,0.156,0.249
1456+044,2019,8,224.7473175555,0.102,4.2705056586,0.154,-0.164
1456-16A,2019,3,224.8531728817,0.621,-16.6934041338,1.544,0.014
1459+480,2019,4,225.2027259671,0.099,47.8543161148,0.101,-0.046
1502+036,2019,48,226.2769881826,0.107,3.4418923369,0.111,-0.02
1502+106,2019,27,226.1040823954,0.071,10.4942218554,0.062,-0.145
1502-159,2019,4,226.3456250307,0.179,-16.1779513433,0.198,0.073
1504+377,2019,42,226.539708264,0.088,37.5142034698,0.107,0.105
1505-156,2019,3,227.1487567723,0.237,-15.808759052,0.644,-0.718
1505-496,2019,6,227.1622695921,0.279,-49.8839751969,0.472,0.038
1508+572,2019,4,227.5121766214,0.142,57.0453821704,0.162,-0.083
1510-089,2019,25,228.2105538914,0.072,-9.0999527368,0.082,-0.142
1511-100,2019,8,228.437055914,0.209,-10.200073542,0.122,0.004
1511-476,2019,6,228.666769149,0.178,-47.8082936905,0.258,-0.017
1511-558,2019,3,228.8028040853,0.433,-55.9924549149,0.306,0.122
1514+197,2019,26,229.2366507034,0.09,19.5369421523,0.106,-0.14
1514-241,2019,5,229.4242214116,0.137,-24.3720767399,0.135,0.507
1519-273,2019,65,230.656983304,0.13,-27.5029959791,0.252,0.158
1519-294,2019,6,230.6061930122,0.363,-29.607008574,0.352,0.357
1520+319,2019,23,230.5416322201,0.134,31.7373283084,0.156,-0.062
1520+437,2019,10,230.4567245188,0.063,43.6109078452,0.078,-0.115
1527-196,2019,3,232.620266552,0.116,-19.8442201777,0.302,-0.387
1529-195,2019,3,233.0327760368,13.426,-19.6956010028,19.648,-0.697
1529-230,2019,3,233.1313680067,0.134,-23.1756841969,0.34,-0.215
1531-221,2019,4,233.5980333687,0.189,-22.3150948558,0.206,-0.073
1531-225,2019,4,233.5950052569,0.251,-22.7326749661,0.252,0.338
1538+149,2019,19,235.2062146925,0.115,14.7960790116,0.127,0.087
1540-828,2019,3,237.7464275641,0.275,-82.9685681692,0.495,0.084
1541-230,2019,4,236.059075946,0.135,-23.2003730122,0.152,0.146
1545-226,2019,4,237.2072890609,0.232,-22.8506990416,0.245,0.049
1546+027,2019,52,237.3726535387,0.066,2.6169898453,0.072,0.011
1548+056,2019,7,237.646955211,0.103,5.4529021905,0.084,0.032
1550-238,2019,6,238.4826891154,0.422,-23.9782248708,0.491,0.052
1550-242,2019,3,238.3817824561,0.205,-24.3683434112,0.161,0.429
1555+001,2019,17,239.4643082281,0.074,-0.0306704767,0.122,-0.011
1556-245,2019,8,239.9225379809,0.14,-24.7107867682,0.367,-0.237
1557+032,2019,3,239.8790526002,0.076,3.0800712461,0.147,-0.213
1600-445,2019,4,241.1292531101,0.387,-44.6922146758,0.577,-0.062
1600-489,2019,3,240.9611858843,1.732,-49.0681960192,1.456,-0.155
1601+112,2019,3,240.9247135164,0.512,11.0968552804,0.192,0.632
1602-115,2019,25,241.3230485835,0.081,-11.6574530688,0.195,-0.23
1606+106,2019,28,242.1925132815,0.074,10.4854932739,0.092,-0.176
1606-219,2019,4,242.3955528686,0.258,-22.0962787898,0.261,-0.239
1606-398,2019,13,242.591162986,0.194,-39.9828694599,0.571,-0.258
1608+243,2019,6,242.6751115645,0.07,24.2469476497,0.098,-0.132
1609-225,2019,4,243.1185056787,0.282,-22.6629776116,0.211,0.187
1610-771,2019,4,244.4553188053,0.363,-77.2884632029,0.36,0.489
1611+343,2019,15,243.4211009939,0.035,34.2133080079,0.043,0.21
1611-710,2019,8,244.1276731171,0.571,-71.142070918,0.794,0.068
1612-243,2019,3,243.7983005094,0.305,-24.51655847,0.969,-0.165
1613-586,2019,5,244.3245465444,0.215,-58.8021836626,0.366,0.669
1614+051,2019,3,244.1564868136,0.242,4.9924267454,0.239,-0.304
1615+029,2019,5,244.4579504785,0.406,2.7786403148,0.841,0.315
1616+063,2019,10,244.7653653265,0.072,6.217289709,0.126,-0.208
1617+229,2019,32,244.8117691822,0.185,22.796625231,0.163,-0.121
1619-680,2019,3,246.0768209659,0.158,-68.1534712933,0.145,-0.352
1622-253,2019,16,246.4453818349,0.128,-25.4606463324,0.2,0.122
1623+578,2019,28,246.103364815,0.089,57.6878558463,0.076,0.046
1624-617,2019,4,247.2278741676,0.231,-61.876777311,0.27,0.126
1629-228,2019,4,248.1281711734,0.257,-22.9824076444,0.284,0.067
1631-208,2019,3,248.6263490487,0.172,-20.9738717105,0.435,0.033
1633-810,2019,5,250.7389395492,0.501,-81.1430749771,0.514,0.158
1636+473,2019,27,249.438044007,0.108,47.2927308174,0.13,-0.121
1637+574,2019,3,249.5560679198,0.069,57.3399941395,0.095,-0.051
1639+230,2019,57,250.3551148849,0.077,22.9511201561,0.126,-0.066
1639-062,2019,54,250.509073841,0.082,-6.3565819781,0.073,0.07
1639-200,2019,4,250.5220454422,0.253,-20.1235692321,0.246,0.24
1642+690,2019,7,250.5327021652,0.091,68.9443767067,0.12,-0.246
1642-645,2019,7,251.9072576421,0.273,-64.6334084987,0.285,0.266
1647-296,2019,7,252.6647671402,0.174,-29.7297096363,0.451,-0.277
1656-075,2019,16,254.6835914954,0.123,-7.6549151201,0.223,0.059
1657-261,2019,104,255.2214752215,0.119,-26.181034877,0.143,-0.173
1657-562,2019,7,255.4369089595,0.206,-56.3655285832,0.321,-0.058
1659+399,2019,6,255.3526450272,0.121,39.910303249,0.134,-0.137
1704-178,2019,3,256.8191302992,0.289,-17.9378205333,0.826,-0.175
1705+018,2019,19,256.8933969712,0.089,1.8126942471,0.111,0.037
1706-174,2019,7,257.3931057625,0.17,-17.481490252,0.19,-0.281
1706-223,2019,3,257.367864178,0.507,-22.4473724186,1.384,-0.637
1717+178,2019,6,259.8043686843,0.143,17.7517880611,0.221,-0.222
1718-259,2019,10,260.4832464639,0.231,-25.977970299,0.57,-0.277
1722+330,2019,7,261.05915765,0.176,33.0510940864,0.256,0.131
1725+123,2019,24,262.0293800688,0.081,12.2609681935,0.127,-0.13
1726+455,2019,23,261.8652117408,0.044,45.5110364126,0.05,0.021
1732+389,2019,7,263.5857438787,0.065,38.9642897242,0.084,0.096
1736+324,2019,4,264.6687575997,0.101,32.4025070488,0.129,-0.144
1738+476,2019,4,264.9880378378,0.145,47.632878216,0.133,-0.087
1738+499,2019,5,264.8641271302,0.116,49.9176022478,0.112,0.088
1739+522,2019,3,265.1540743,0.147,52.1953909745,0.17,-0.348
1740-517,2019,4,266.1060638506,0.807,-51.7454883923,0.569,-0.009
1741-038,2019,104,265.9952339212,0.063,-3.8346157504,0.058,-0.049
1743+173,2019,5,266.3967007302,0.145,17.3337286526,0.249,0.342
1745+624,2019,5,266.5584753526,0.067,62.4485383462,0.087,-0.051
1749+096,2019,69,267.886744065,0.042,9.6502023061,0.048,0.032
1751+288,2019,66,268.4269735284,0.048,28.8013718473,0.064,0.095
1754+155,2019,8,269.221258914,0.062,15.589118479,0.116,-0.261
1754+159,2019,3,269.1405233244,0.355,15.8955091912,0.329,-0.508
1758+388,2019,8,270.1031890127,0.128,38.8085270144,0.175,-0.167
1758-651,2019,36,270.8479026561,0.314,-65.1268782,0.375,0.165
1759-396,2019,118,270.6778335118,0.215,-39.6688634416,0.28,-0.1
1800+440,2019,7,270.3846450239,0.096,44.0727500648,0.092,0.214
1801+010,2019,5,271.0666020243,0.206,1.0256685681,0.408,-0.335
1803+784,2019,45,270.1903496939,0.03,78.4677828712,0.029,-0.024
1806+456,2019,61,272.0911912027,0.069,45.7057962108,0.084,0.11
1806-458,2019,4,272.4911322098,0.249,-45.8780591206,0.382,-0.089
1815-553,2019,3,274.9391647926,0.294,-55.3557625936,0.345,0.658
1817-254,2019,3,275.2410361044,0.173,-25.4701619461,0.494,0.737
1823+568,2019,7,276.0294515682,0.089,56.8504140262,0.119,0.176
1823+689,2019,10,275.8868912246,0.339,68.964614482,0.42,-0.174
1824-582,2019,10,277.3016765572,0.274,-58.2319894274,0.342,-0.308
1831-711,2019,6,279.3696456928,0.213,-71.1454318012,0.233,0.269
1835-189,2019,3,279.6879555468,1.66,-18.8918601715,4.41,0.111
1837-271,2019,3,280.1083453207,0.433,-27.0665376962,1.143,0.025
1842+681,2019,10,280.6401737174,0.1,68.1570076375,0.11,-0.177
1842-220,2019,3,281.416261747,0.274,-22.0101606536,0.403,-0.369
1846+322,2019,56,282.0920357622,0.097,32.3173899072,0.13,-0.041
1849+670,2019,35,282.3169678168,0.042,67.0949112097,0.046,-0.038
1852-534,2019,3,284.251884355,0.8,-53.4167719426,0.626,0.105
1853-226,2019,4,284.1519311633,0.312,-22.6046448151,0.482,0.089
1854-210,2019,3,284.3153145873,0.218,-20.9746695005,0.317,-0.025
1856-252,2019,3,284.7709920721,0.123,-25.163085809,0.29,-0.305
1858-255,2019,3,285.3838597673,0.176,-25.4706190195,0.388,-0.288
1902-257,2019,3,286.299935123,0.161,-25.6343140982,0.261,-0.267
1906-217,2019,4,287.438143914,0.16,-21.659833163,0.199,0.15
1907-192,2019,3,287.6510457119,0.691,-19.1919395214,1.495,-0.789
1907-224,2019,4,287.739821495,0.2,-22.3914783764,0.223,0.152
1907-248,2019,4,287.5646235058,0.16,-24.7959352796,0.251,-0.027
1908+484,2019,4,287.4440113133,1.018,48.5755055548,0.929,0.369
1908-201,2019,71,287.7902203771,0.095,-20.1153080516,0.128,-0.015
1908-211,2019,3,287.974739202,0.093,-21.0455007117,0.232,-0.352
1909+161,2019,28,287.9927391735,0.075,16.1963514204,0.127,0.108
1910-298,2019,3,288.5151418602,0.184,-29.7957700518,0.17,0.214
1910-451,2019,5,288.4437953811,0.227,-45.0532149857,0.466,0.458
1920-211,2019,12,290.8841242886,0.263,-21.0759258395,0.246,0.4
1921-293,2019,63,291.2127331261,0.151,-29.2417001966,0.162,0.272
1923+210,2019,25,291.4983557285,0.281,21.1072672216,0.193,0.336
1925-610,2019,3,292.5256671242,0.131,-60.9358844488,0.173,0.209
1927-223,2019,3,292.7062985312,0.251,-22.2330816205,0.404,0.302
1928+738,2019,3,291.9520629237,0.033,73.9671029092,0.04,-0.003
1928-698,2019,3,293.3798329141,0.201,-69.7163649644,0.215,0.234
1929+226,2019,24,292.8538197917,0.097,22.7253495189,0.121,-0.1
1936+046,2019,6,294.6277898097,0.167,4.8032263149,0.354,-0.559
1936-155,2019,61,294.8610739797,0.105,-15.4286274136,0.096,-0.153
1936-623,2019,3,295.3407026336,0.143,-62.1891822757,0.188,0.358
1937-101,2019,3,294.9885692497,0.25,-10.0448668169,0.54,-0.038
1938-202,2019,3,295.2387722418,0.207,-20.1141428669,0.348,0.204
1950-613,2019,3,298.7948778413,0.397,-61.2553157732,0.46,0.593
1951+355,2019,4,298.3786487774,0.156,35.6331553645,0.26,0.406
1954+513,2019,3,298.928076184,0.091,51.5301516535,0.113,-0.029
1954-388,2019,83,299.4992469634,0.214,-38.7517655614,0.273,-0.118
1958-179,2019,18,300.2378768712,0.125,-17.8160201976,0.176,0.185
2000+148,2019,11,300.6749968192,0.113,15.0207149928,0.191,-0.3
2000+472,2019,67,300.5434094094,0.056,47.4246593753,0.061,-0.051
2002-375,2019,13,301.4794620569,0.202,-37.3948550596,0.493,-0.136
2005+403,2019,3,301.9372699376,0.318,40.49683452,0.364,0.248
2005-474,2019,3,302.1957105092,0.916,-47.287316347,0.549,0.119
2005-489,2019,4,302.3557948809,0.228,-48.8315890749,0.352,0.494
2008-159,2019,79,302.8154621865,0.097,-15.7778483099,0.109,0.02
2013+163,2019,34,304.0577501223,0.088,16.5428091324,0.105,0.03
2018-453,2019,4,305.6100544124,0.246,-45.2248749897,0.646,-0.138
2019-202,2019,3,305.5753464878,0.318,-20.1172999317,0.873,-0.162
2024-223,2019,3,306.7786684931,0.194,-22.1365133193,0.299,0.503
2029+024,2019,6,307.9468796138,0.199,2.6603565179,0.155,0.252
2029+121,2019,4,307.979142693,0.11,12.3281499468,0.14,-0.176
2033-219,2019,3,309.2132196249,0.149,-21.776874922,0.291,-0.228
2034-155,2019,4,309.3664055977,0.15,-15.3668064041,0.216,0.051
2036-034,2019,3,309.7916036264,0.478,-3.2873382626,1.062,-0.435
2037+216,2019,3,309.8950346171,0.171,21.8693563834,0.284,-0.076
2037-253,2019,9,310.0365537905,0.147,-25.1296288223,0.351,-0.54
2040-225,2019,3,310.7386526117,0.485,-22.3908096979,0.646,0.611
2042-191,2019,4,311.348894299,0.149,-18.9815354633,0.242,-0.004
2044-168,2019,3,311.8319458863,0.144,-16.6516230077,0.331,-0.386
2046-194,2019,4,312.4262234073,0.172,-19.2513198744,0.362,-0.282
2052-474,2019,75,314.0681659355,0.341,-47.2465633059,0.405,-0.271
2056-369,2019,3,314.9233205641,0.248,-36.7651705032,0.703,-0.308
2059+034,2019,65,315.4118089512,0.08,3.6920335381,0.113,-0.053
2101-490,2019,6,316.2548303772,0.203,-48.8129245436,0.411,0.287
2102-659,2019,3,316.7488419372,0.428,-65.7954407916,0.488,-0.231
2105-489,2019,5,317.2116543952,0.419,-48.7726728007,0.681,-0.266
2106+143,2019,5,317.1709672941,0.183,14.5075035518,0.225,-0.135
2106-413,2019,4,317.3882858402,0.215,-41.1723904309,0.342,0.098
2111+400,2019,5,318.3728593038,0.302,40.2142743344,0.368,-0.11
2112-556,2019,3,319.1242340981,0.283,-55.4556790133,0.541,0.632
2113+293,2019,74,318.8725560239,0.063,29.5606574541,0.091,0.101
2117-614,2019,4,320.2669762714,1.245,-61.1901734766,1.185,0.771
2121+053,2019,13,320.9354891293,0.128,5.5894702229,0.22,0.245
2121+547,2019,6,320.7721392368,0.209,55.0075902943,0.238,-0.337
2123-463,2019,5,321.6279343605,0.236,-46.0966367277,0.28,-0.032
2126-158,2019,56,322.3007329002,0.098,-15.6447339267,0.187,0.21
2128-123,2019,7,322.8969239693,0.186,-12.1179990831,0.103,0.533
2128-208,2019,3,322.7561493338,0.651,-20.6155992096,0.794,-0.573
2131-021,2019,6,323.5429565717,0.098,-1.8881219213,0.114,-0.155
2133-069,2019,3,324.0929517563,0.307,-6.7311383825,0.16,0.2
2136+141,2019,12,324.7554552994,0.054,14.3933311964,0.05,0.013
2136-190,2019,3,324.6977043677,0.246,-18.8251870899,0.344,0.331
2141+175,2019,23,325.8981023664,0.091,17.7302187729,0.097,-0.11
2142-758,2019,9,326.8030441205,0.237,-75.6036735427,0.23,0.261
2143-156,2019,22,326.5957472059,0.1,-15.4288571197,0.235,-0.349
2144+092,2019,22,326.7923457052,0.061,9.4962978231,0.08,-0.095
2145+067,2019,16,327.022744377,0.091,6.9607233922,0.078,-0.242
2145+082,2019,6,326.9800807151,0.22,8.5033045371,0.149,0.309
2146-783,2019,3,328.0131441809,0.212,-78.1185108821,0.225,0.414
2149+056,2019,18,327.9078145256,0.069,5.8702651302,0.144,0.034
2150+173,2019,5,328.1034141012,0.176,17.577165306,0.148,0.046
2152-699,2019,9,329.2749242147,0.289,-69.6899118778,0.299,0.191
2154-135,2019,5,329.2624013098,0.14,-13.3174902099,0.187,-0.14
2155+312,2019,21,329.370099527,0.12,31.4503754871,0.119,0.019
2155-152,2019,6,329.5261746186,0.07,-15.0192577359,0.088,0.128
2155-304,2019,13,329.7169380057,0.216,-30.2255883095,0.299,-0.12
2157-200,2019,3,330.032341447,0.274,-19.7631535929,0.237,0.114
2158-167,2019,4,330.2286620398,0.159,-16.5424174837,0.218,0.052
2201+315,2019,3,330.8123991426,0.908,31.7606305217,0.517,0.211
2204-540,2019,6,331.9322220608,0.146,-53.7760611515,0.265,0.234
2208-137,2019,8,332.8504144343,0.136,-13.469367792,0.273,-0.03
2209+236,2019,21,333.0248596754,0.113,23.9279288296,0.117,0.004
2210-257,2019,8,333.2604082466,0.239,-25.4916890431,0.623,-0.649
2211-132,2019,3,333.6107636095,0.152,-12.9617999798,0.189,-0.069
2214+350,2019,54,334.0833745909,0.083,35.3039389571,0.136,-0.114
2214-151,2019,3,334.2144703845,0.163,-14.8711688466,0.269,0.261
2215+020,2019,3,334.4509913739,0.401,2.3363088718,0.294,-0.138
2215+150,2019,29,334.5454745978,0.068,15.3432548384,0.079,0.015
2216+178,2019,3,334.8087186381,0.089,18.1098835314,0.151,-0.075
2216-038,2019,9,334.7168238498,0.118,-3.5935775634,0.251,-0.037
2216-126,2019,3,334.7811996902,0.13,-12.3610713016,0.211,0.228
2220-119,2019,3,335.7333543079,0.157,-11.7406600709,0.288,0.372
2220-163,2019,3,335.921552917,0.214,-16.1181036007,0.286,-0.394
2220-351,2019,6,335.7747107294,0.246,-34.9297717197,0.665,-0.55
2227-088,2019,78,337.4170180485,0.073,-8.5484543166,0.067,-0.04
2227-136,2019,4,337.5637754023,0.122,-13.4285844298,0.15,0.096
2229+695,2019,77,337.6519569756,0.051,69.7744658085,0.049,0.017
2232-488,2019,11,338.8051522834,0.175,-48.5996654546,0.322,0.105
2234+282,2019,10,339.0936284533,0.059,28.4826146903,0.056,0.341
2236-572,2019,5,339.8003163985,0.15,-57.0168998938,0.23,0.054
2237-088,2019,3,340.055869373,0.216,-8.6079861169,0.332,-0.426
2237-110,2019,5,340.1048577526,0.164,-10.7394277467,0.193,0.274
2237-124,2019,3,340.1079237015,0.16,-12.1591684745,0.208,0.049
2243-123,2019,7,341.5759665568,0.174,-12.1142435969,0.175,0.332
2244-372,2019,12,341.7663222558,0.195,-36.9628622356,0.464,-0.033
2245-091,2019,3,341.9674716795,0.139,-8.8394662941,0.239,-0.267
2245-328,2019,6,342.1611905943,0.22,-32.5978302143,0.629,-0.502
2247-131,2019,3,342.498385334,0.137,-12.8546734547,0.166,0.255
2250+194,2019,15,343.2807048383,0.082,19.7096190552,0.151,-0.238
2254+074,2019,10,344.3220963578,0.156,7.720084033,0.159,0.084
2255-282,2019,115,344.5248453153,0.142,-27.9725712753,0.176,0.488
2306-312,2019,3,347.309714207,0.314,-30.9868289163,0.443,-0.292
2307+106,2019,11,347.6188239334,0.151,10.9251935179,0.236,0.079
2309+454,2019,56,347.9475373607,0.079,45.7322267968,0.083,-0.283
2309-014,2019,3,348.0931721915,0.207,-1.1568727614,0.427,-0.253
2317-007,2019,3,350.1122291966,0.404,-0.4586683813,1.148,-0.71
2318+049,2019,57,350.1869024351,0.067,5.230542408,0.085,0.014
2319+317,2019,46,350.4789832924,0.13,32.0687840235,0.207,0.099
2319+444,2019,10,350.5848252997,0.088,44.7617649072,0.092,-0.103
2321-065,2019,3,350.9129740187,0.132,-6.2997889268,0.216,-0.118
2322-040,2019,3,351.2927419959,0.147,-3.7463095822,0.346,-0.11
2325+093,2019,3,351.8899190038,0.228,9.6692951733,0.094,-0.175
2325-150,2019,5,351.9498512834,0.147,-14.7988195742,0.347,-0.09
2326-068,2019,4,352.163390321,0.196,-6.5744618431,0.343,0.156
2326-477,2019,8,352.3237683088,0.196,-47.5053096689,0.331,-0.092
2329+009,2019,3,353.0000601906,0.309,1.2530271534,0.584,-0.184
2329-415,2019,6,353.0793678567,0.284,-41.3104394958,0.291,0.319
2331-240,2019,6,353.4801576218,0.143,-23.7279607983,0.247,-0.332
2332-531,2019,6,353.6871531728,0.176,-52.8554530882,0.358,0.41
2333-528,2019,4,354.0506023241,0.203,-52.6060974711,0.351,0.566
2335-018,2019,3,354.4551466685,0.315,-1.5927770365,0.724,-0.421
2335-027,2019,41,354.4889127976,0.119,-2.5160081046,0.19,-0.007
2335-181,2019,4,354.4859489947,0.088,-17.8723360835,0.226,-0.288
2336-083,2019,3,354.7301629952,0.198,-8.0274930637,0.134,0.357
2345+061,2019,3,357.1323777442,0.137,6.4166060615,0.194,-0.192
2346-049,2019,3,357.2923590099,0.111,-4.6342747515,0.15,-0.256
2351-154,2019,3,358.625813325,0.182,-15.2197814044,0.122,-0.07
2353+816,2019,7,359.0949743777,0.092,81.8811819765,0.093,-0.011
2353-686,2019,9,359.0028397148,0.183,-68.334297914,0.21,-0.03
2355-106,2019,81,359.5453433429,0.091,-10.3357254169,0.087,-0.057
2355-534,2019,13,359.4719418065,0.199,-53.1871360469,0.251,0.025
2356+196,2019,5,359.6920212034,0.178,19.9223060847,0.184,0.06
2356+385,2019,27,359.8882532741,0.06,38.8450884721,0.082,-0.144
2357-318,2019,14,359.8978814236,0.155,-31.5621734921,0.186,0.006
2358+189,2019,6,0.2859232012,0.099,19.2427226658,0.173,-0.207
