iers_name,year,num_ses,ra,ra_err,dec,dec_err,ra_dec_corr
0002-478,1994,1,1.1485647955,0.605,-47.6054452969,0.866,0.179
0010+405,1994,1,3.3797090855,0.269,40.8603177752,0.32,-0.249
0016+731,1994,52,4.9407766478,0.152,73.4583382276,0.143,-0.222
0048-097,1994,90,12.6721557599,0.142,-9.4847806238,0.251,-0.243
0059+581,1994,123,15.6906765745,0.071,58.403093548,0.075,-0.036
0104-408,1994,12,16.6879498273,0.194,-40.5722111921,0.263,-0.136
0110+495,1994,1,18.362528418,0.301,49.8066786876,0.341,-0.559
0133+476,1994,18,24.2441449672,0.164,47.8580833407,0.201,-0.224
0159+723,1994,1,30.8891043374,0.41,72.5482406388,0.367,0.058
0202-172,1994,2,31.240309866,0.37,-17.0221778303,0.49,-0.013
0208-512,1994,26,32.6925016251,0.244,-51.0171921818,0.334,0.017
0215+015,1994,3,34.4539780641,0.257,1.7471385914,0.351,-0.493
0230-790,1994,1,37.3956114686,0.892,-78.7960000049,0.89,0.552
0235+164,1994,12,39.6622087354,0.164,16.6164652004,0.186,-0.042
0237-027,1994,1,39.9394677185,0.382,-2.5780314727,0.925,-0.406
0300+470,1994,3,45.8968425587,0.102,47.271187637,0.124,0.109
0302+625,1994,1,46.677748195,0.433,62.7172288851,0.563,-0.088
0308-611,1994,12,47.4837464221,0.24,-60.9775156019,0.33,0.022
0400-319,1994,2,60.5886083312,0.48,-31.7905404509,0.38,-0.355
0402-362,1994,2,60.9739580126,0.314,-36.0838649996,0.359,-0.354
0437-454,1994,2,69.7535611403,1.154,-45.3729341651,1.053,-0.272
0454+844,1994,2,77.1765148868,0.393,84.5345955489,0.416,-0.061
0454-234,1994,177,74.2632467721,0.219,-23.4144500302,0.333,-0.089
0454-810,1994,1,72.5226666225,0.57,-81.0172863489,1.067,0.098
0458-020,1994,184,75.303374552,0.131,-1.9872934251,0.182,-0.133
0507+179,1994,1,77.5098712903,0.398,18.0115502459,0.706,0.157
0510+559,1994,1,78.5779154207,1.449,56.0364039689,0.897,0.443
0530-727,1994,6,82.3751762532,1.021,-72.75791876,1.848,-0.567
0536+145,1994,1,84.9265250718,0.197,14.5626561605,0.522,0.261
0537-286,1994,3,84.9761727193,1.409,-28.6655410552,0.741,0.113
0539-057,1994,2,85.4086805955,0.493,-5.6970633617,0.613,-0.159
0544+273,1994,1,86.892287374,0.283,27.3657896494,0.365,0.136
0552+398,1994,190,88.8783565093,0.072,39.8136569712,0.089,-0.013
0605-085,1994,3,91.9987469044,0.298,-8.5805495125,0.35,-0.215
0607-157,1994,1,92.4206230916,0.329,-15.7112978934,0.219,-0.264
0613+570,1994,1,94.3205108904,0.179,57.0212287574,0.271,0.495
0615+820,1994,3,96.5125258727,0.278,82.0404354525,0.523,0.167
0646-306,1994,1,102.0587352175,0.146,-30.7387946739,0.364,0.086
0648-165,1994,1,102.6024244631,0.375,-16.6277018487,0.662,0.078
0657+172,1994,9,105.0063564393,0.167,17.1560281358,0.25,-0.105
0716+714,1994,1,110.4727020938,0.959,71.3434348262,1.192,-0.543
0727-115,1994,194,112.5796353013,0.152,-11.6868335411,0.194,-0.164
0743+259,1994,1,116.6078093903,0.564,25.8172599311,0.721,0.196
0743-006,1994,1,116.4753427729,0.285,-0.738205379,0.552,0.064
0748+126,1994,2,117.7168572486,0.117,12.518007802,0.135,0.117
0749+540,1994,4,118.2557690904,0.137,53.8832325135,0.168,-0.169
0804+499,1994,87,122.1652762114,0.074,49.8434806778,0.09,0.012
0805+410,1994,16,122.2360502266,0.172,40.879135819,0.209,0.082
0818-128,1994,1,125.2393651985,0.438,-12.983102685,0.324,-0.322
0826-373,1994,2,127.0199178776,0.619,-37.5184114917,0.512,-0.089
0834-201,1994,3,129.1633968101,0.454,-20.2831955963,0.699,-0.17
0912+297,1994,1,138.9683400811,0.308,29.5566783968,0.542,0.051
0954+658,1994,37,149.6968546816,0.218,65.5652272163,0.265,-0.509
0955+476,1994,137,149.5819652779,0.113,47.4188451084,0.138,-0.007
1012+232,1994,1,153.6961068413,1.608,23.0212724635,8.152,0.896
1022+194,1994,1,156.186706699,0.331,19.2056707691,0.522,-0.011
1042+071,1994,1,161.2329635998,0.515,6.9272951342,0.642,-0.093
1053+704,1994,6,164.2234063767,0.258,70.196087706,0.238,0.019
1101-536,1994,8,165.9675903657,0.313,-53.9501936409,0.383,-0.035
1111+149,1994,1,168.4945632669,1.351,14.7074867191,0.929,-0.774
1124-186,1994,2,171.7683019013,0.49,-18.9548451105,0.508,-0.077
1130+009,1994,1,173.3335658089,0.562,0.6813437623,1.138,-0.314
1144+402,1994,3,176.7429079467,0.172,39.9761957519,0.192,0.036
1144-379,1994,4,176.755711231,0.299,-38.2030620976,0.448,-0.255
1150+497,1994,1,178.3519444224,0.437,49.5191195254,0.392,0.709
1219+044,1994,134,185.593956768,0.151,4.2210489267,0.26,-0.185
1221+809,1994,1,185.9187224782,0.599,80.6678724545,0.647,-0.156
1226+373,1994,3,187.1975986023,0.237,37.1033599125,0.249,-0.247
1236+077,1994,1,189.8524514067,0.389,7.5047746663,0.437,-0.104
1243-072,1994,1,191.5176337546,0.532,-7.5129382055,1.454,-0.285
1244-255,1994,15,191.6950084982,0.34,-25.7970247095,0.358,-0.111
1251-713,1994,2,193.749673933,1.037,-71.6384546381,0.966,0.235
1300+580,1994,3,195.7186055981,0.213,57.8104469627,0.276,0.158
1308+328,1994,1,197.7475114558,0.162,32.5595693157,0.15,-0.196
1313-333,1994,4,199.033274721,0.152,-33.6497702371,0.369,-0.074
1334-127,1994,170,204.4157615886,0.181,-12.9568592466,0.263,-0.166
1351-018,1994,10,208.5287304862,0.226,-2.1008864127,0.415,-0.123
1357+769,1994,112,209.4807147907,0.072,76.7225141648,0.075,0.014
1406-076,1994,1,212.2353385342,1.935,-7.8740736157,7.388,0.974
1418+546,1994,1,214.9441556507,0.197,54.3874409898,0.268,-0.514
1424-418,1994,22,216.9845732443,0.272,-42.1053993766,0.35,0.9
1435-218,1994,1,219.5394552766,1.153,-22.0818755218,4.084,0.873
1448+762,1994,1,222.1199135065,1.317,76.0198881966,1.038,-0.063
1451-400,1994,5,223.6371348539,0.573,-40.209031879,0.496,-0.234
1502+106,1994,2,226.1040824519,0.111,10.4942218587,0.198,0.014
1504+377,1994,3,226.5397081036,0.18,37.5142033928,0.181,0.052
1508+572,1994,6,227.5121766038,0.217,57.0453821821,0.313,-0.152
1510-089,1994,5,228.2105539774,0.291,-9.099952745,0.324,-0.255
1514+197,1994,1,229.2366509935,0.329,19.5369421444,0.358,-0.045
1519-273,1994,16,230.6569833421,0.262,-27.5029959934,0.29,-0.191
1555+001,1994,1,239.4643082594,0.369,-0.0306707376,0.653,-0.13
1557+032,1994,4,239.8790526106,0.249,3.0800713088,0.412,-0.163
1606+106,1994,168,242.192513251,0.113,10.4854932612,0.165,-0.116
1619-680,1994,1,246.0768215014,1.643,-68.1534705779,5.409,-0.694
1623+578,1994,1,246.1033648449,0.138,57.6878557477,0.184,-0.425
1642+690,1994,9,250.5327021403,0.205,68.9443767522,0.242,0.035
1657-261,1994,1,255.2214751214,0.573,-26.1810348237,0.503,0.136
1705+018,1994,10,256.8933969641,0.248,1.8126942838,0.373,-0.157
1717+178,1994,1,259.8043686912,0.309,17.7517878143,0.646,-0.058
1741-038,1994,186,265.9952339112,0.123,-3.8346157837,0.18,-0.113
1745+624,1994,12,266.5584756145,0.188,62.4485384316,0.193,0.017
1749+096,1994,184,267.8867440486,0.111,9.6502023195,0.162,0.069
1758+388,1994,2,270.1031889905,0.154,38.8085271105,0.152,-0.196
1815-553,1994,8,274.93916507,1.026,-55.355762557,0.77,-0.772
1831-711,1994,3,279.3696458455,0.313,-71.1454317476,0.334,-0.195
1849+670,1994,1,282.3169674654,0.243,67.0949113203,0.243,-0.136
1908-201,1994,1,287.7902203624,0.368,-20.115307925,0.255,-0.169
1921-293,1994,89,291.212733132,0.181,-29.2417002402,0.269,-0.195
1929+226,1994,1,292.8538198828,0.347,22.7253499015,0.44,-0.042
1935-692,1994,1,295.1063669402,0.814,-69.132493802,3.837,0.566
1937-101,1994,2,294.988569014,0.4,-10.0448668793,0.291,-0.191
1951+355,1994,1,298.3786488497,0.749,35.6331557332,2.026,0.719
1954-388,1994,1,299.4992468925,0.468,-38.7517656252,0.384,0.34
2037-253,1994,1,310.0365535288,0.94,-25.1296283547,0.659,-0.544
2052-474,1994,1,314.0681670202,1.68,-47.2465635462,1.841,-0.414
2059+034,1994,1,315.4118089541,0.402,3.6920335123,0.431,0.076
2109-811,1994,1,319.1285241554,0.547,-80.8986735781,1.248,0.127
2113+293,1994,2,318.8725560247,0.193,29.5606574857,0.23,0.252
2121+547,1994,1,320.7721380759,4.5,55.0075918911,7.381,-0.909
2155-304,1994,1,329.7169379065,0.519,-30.2255885552,0.362,-0.319
2210-257,1994,1,333.2604081963,1.32,-25.4916892292,4.481,-0.888
2216-038,1994,2,334.7168238238,0.102,-3.5935775865,0.227,-0.226
2227-088,1994,1,337.4170180133,0.339,-8.5484539176,1.081,-0.648
2229+695,1994,1,337.651957265,0.684,69.7744658089,0.591,0.136
2232-488,1994,1,338.8051524707,0.516,-48.5996650082,0.68,0.541
2245-328,1994,1,342.1611905728,0.549,-32.5978299064,0.367,-0.275
2318+049,1994,1,350.1869025492,0.31,5.2305424885,1.588,-0.488
2331-240,1994,1,353.4801575087,0.518,-23.7279605207,0.348,-0.295
2335-027,1994,1,354.4889127915,3.107,-2.5160073374,16.987,-0.961
2355-106,1994,12,359.5453433337,0.415,-10.3357253518,0.337,0.001
2356+385,1994,1,359.8882533388,0.532,38.8450884448,0.83,-0.272
